7.566767260550882668e+00 7.628732716248990187e+00 7.693043260920854998e+00 8.410898907371072042e+00 9.234850173756900205e+00 9.522590209823391660e+00 9.825733035015520755e+00
2.412721192609585685e+01 2.335154730599662898e+01 2.269586117003476033e+01 1.960521703366448776e+01 1.693205564204245661e+01 1.542324683503429661e+01 1.402489083301920836e+01
2.770708137237487989e+00 2.466477999143509514e+00 2.194937859011067527e+00 2.050318414238194276e+00 1.919315288573821610e+00 1.899601109922798958e+00 1.879726701765191521e+00
1.124771072163164654e+01 1.364602087536967012e+01 1.603151869762491444e+01 1.769067683466781560e+01 1.927661378017108618e+01 1.922973781342363964e+01 1.918450909817859440e+01
4.507460866965213420e+00 3.887613711509773751e+00 3.318280040278179133e+00 3.080307430666527235e+00 2.870936782453394898e+00 2.609657494467566341e+00 2.357567398806759584e+00
1.001770260796462919e-01 9.849098180678655945e-02 9.748374575496789041e-02 1.524234768220551206e-01 1.929598794920334426e-01 2.129936174485024536e-01 2.314723161504332605e-01
9.092857996244337881e-01 8.400279388670309766e-01 7.847057042318544839e-01 7.200456117783131660e-01 6.655833972512963381e-01 6.071865905253428508e-01 5.562346616129648647e-01
0.000000000000000000e+00 0.000000000000000000e+00 0.000000000000000000e+00 0.000000000000000000e+00 0.000000000000000000e+00 0.000000000000000000e+00 0.000000000000000000e+00
5.036050171905642081e+00 4.493898908785030066e+00 4.029890484522915983e+00 3.698547433532912265e+00 3.420788714575469847e+00 3.351792419833284686e+00 3.285094391674173053e+00
2.334970762599571259e+00 2.127896847627382737e+00 1.909311156954367483e+00 1.702195499607003226e+00 1.521335076924382079e+00 1.284806455615549625e+00 1.098151667197752479e+00
2.266437390723452960e+00 1.754700114580288073e+00 1.381594427688736415e+00 1.265251545218134321e+00 1.171429189419025629e+00 9.060360384900715269e-01 7.218946849090037698e-01
1.695047649499237696e+00 1.289695094053562974e+00 9.485708904204033232e-01 9.045021157640856790e-01 8.617072140198547281e-01 7.920688677211525919e-01 7.311686955239534713e-01
2.152379880311366733e+00 1.334935522440755973e+00 8.587739302959541687e-01 7.757683156966076465e-01 7.144050164361209765e-01 6.761764095891187321e-01 6.471930297391506048e-01
5.008470269021339405e+00 4.360356801251362491e+00 3.819630181200273089e+00 3.917817914651549938e+00 4.018192401751735865e+00 3.947678806605111834e+00 3.879110705230135014e+00
1.230462987579695522e+00 8.662369453925941043e-01 5.164362569657593438e-01 3.939131332500820926e-01 3.044405614660929404e-01 2.963294695009029978e-01 2.882573894610930276e-01
2.877906970277928522e+00 2.537531934591851446e+00 2.220445516388161789e+00 2.137099090435528481e+00 2.059101441249046260e+00 1.992095007242262295e+00 1.931466272183802069e+00
1.163084122896512529e+00 8.016154641633692624e-01 5.472877341779147642e-01 4.962583919332219096e-01 4.468392888052881151e-01 4.044064033815287229e-01 3.631959594229320354e-01
1.833765426984971114e+01 1.852676634476066297e+01 1.872123679136351981e+01 1.881234891108023177e+01 1.890063628420680786e+01 1.818479443953000541e+01 1.752999434692692660e+01
3.052359108833415213e+00 2.901449003256924009e+00 2.763722190804228873e+00 2.507699799719769196e+00 2.306337832732144655e+00 2.155168201895915292e+00 2.023024929752403445e+00
8.507291011257358537e-01 8.279144145700539914e-01 8.060461756475015838e-01 8.250713904173371249e-01 8.452506025806661993e-01 8.576768484763456213e-01 8.706819341260089162e-01
3.565731238184845608e+00 2.559043447645603653e+00 1.869476737603003258e+00 1.731947514274533528e+00 1.619880159972149736e+00 1.495153133894915110e+00 1.392101492763455628e+00
3.512657827528342214e+00 3.366841712130368425e+00 3.215312550917942769e+00 3.232444009953243214e+00 3.248945196802038637e+00 3.104840945536308183e+00 2.971600929915664047e+00
1.134002716311459658e+01 1.147206634752371812e+01 1.160910256829727061e+01 1.275647696222730154e+01 1.407342778593707422e+01 1.452393703280523596e+01 1.499856214141971655e+01
8.170629479017213370e+00 9.848879892435007832e+00 1.290221419941125802e+01 1.303291549200753785e+01 1.316174498588194375e+01 1.274783811240935805e+01 1.235453943467332216e+01
1.625978208924287793e+00 1.059792530083064843e+00 6.057934131666765643e-01 6.099957776871006709e-01 6.139330783322350937e-01 5.880170638642814307e-01 5.619352309307071858e-01
1.244851695017536120e+00 9.545214657190524976e-01 6.398307845655981652e-01 5.693311289623737004e-01 5.119971575046141643e-01 4.871762053508207346e-01 4.635491038643254624e-01
1.837974434633773768e+01 1.853644009611628363e+01 1.870406031530717073e+01 2.045740498623548831e+01 2.202884119508289729e+01 1.690730599321939920e+01 1.362506726507349697e+01
1.138307569881446879e+00 1.021495244491633425e+00 9.271107601306589618e-01 8.260166516454905405e-01 7.646361478846079862e-01 7.430794660406431218e-01 7.260539789000907129e-01
5.464763768034759828e+00 5.366016425133439682e+00 5.273669134063944774e+00 5.251718067802182865e+00 5.230153104299632538e+00 5.127891627465120727e+00 5.029520772759166647e+00
5.309436276029994417e+01 5.655797865796040469e+01 6.041625139002329803e+01 6.108580396310495786e+01 6.175951693934285913e+01 6.038464110892980585e+01 5.906547951985533018e+01
9.371234531089620567e-01 8.494665235382001800e-01 7.731945956137483700e-01 7.141393056511247117e-01 6.628364435814920741e-01 6.495651312924077825e-01 6.368806625584225722e-01
5.561985817474095484e+00 5.327647368361263069e+00 5.099866616080267256e+00 4.691370389803395824e+00 4.317177155962772517e+00 4.209588494006182735e+00 4.101680424764571065e+00
1.418839647015366978e+01 1.503751610078195178e+01 1.598338747160148010e+01 1.616292838718568703e+01 1.634358491731892116e+01 1.598059296861295309e+01 1.563231058173562005e+01
1.472683803177593953e+00 1.228358264132092037e+00 1.037848332132088602e+00 9.957600224855138737e-01 9.629613545802609975e-01 9.436149540150648996e-01 9.261527139048736368e-01
3.053965494336289499e+00 2.453265704000411773e+00 1.955172635511980506e+00 1.807380333874853751e+00 1.676369860057248307e+00 1.612655397402760649e+00 1.552672243944833497e+00
8.213379680681175188e+00 8.383379555674219219e+00 8.561314669020653412e+00 8.829131760666379947e+00 9.076903608086166031e+00 9.262877234721011988e+00 9.457072939067780126e+00
1.893877868654224139e+00 1.735841744277525800e+00 1.565736216336752529e+00 1.382054342458482132e+00 1.239863148004333171e+00 1.112104496284831434e+00 1.016172632895578687e+00
5.767751373124784031e+00 5.626154064820412692e+00 5.479499769676167809e+00 4.946735665587900677e+00 4.470371253382876553e+00 4.059682153995443521e+00 3.687481079567026754e+00
1.467155921460583823e+00 1.162705014677309912e+00 8.445157331234296461e-01 6.999517293843604548e-01 5.799102448504234175e-01 5.118722954980159390e-01 4.459029302444278975e-01
4.176135012110887779e+00 2.527721659320088410e+00 1.753504936520522417e+00 1.592604570511571671e+00 1.463985300858049454e+00 1.379962841715878463e+00 1.310029813148134936e+00
2.821481873360709436e+00 2.503585924592613754e+00 2.201561191265901218e+00 2.131213061324109148e+00 2.063667853281981213e+00 1.995348703485831043e+00 1.929611006959024655e+00
1.730127723724714173e+01 1.714691011424208611e+01 1.700557597873664761e+01 1.599559186797732657e+01 1.509035860601598600e+01 1.419169213829377263e+01 1.333102060515427212e+01
3.439466150418899471e+00 3.272717551907752931e+00 3.118183970977749464e+00 2.495995879511293314e+00 2.110721623472179953e+00 1.956856408076983467e+00 1.828577718807215202e+00
1.978315593999556921e+00 1.757526903975899391e+00 1.568420236603883966e+00 1.448807766406255304e+00 1.349776998565044739e+00 1.278598918164704390e+00 1.214909230016302244e+00
6.476410436811075755e+00 6.526012120608260858e+00 6.577164459334674085e+00 6.624226072016252687e+00 6.669486288752136005e+00 6.476064654471105797e+00 6.295420032958597645e+00
5.086683261041706317e+00 6.410422775155258712e+00 1.040942497209515949e+01 1.121383233048543460e+01 1.223760692979585762e+01 6.804447670414015548e+00 4.878911539670933273e+00
1.100620282529138372e+01 8.328567096650896673e+00 6.652622430113516394e+00 6.781943725277285395e+00 6.911577306905876128e+00 6.883667053566120408e+00 6.855993461637950759e+00
2.446292477349543137e+00 2.075039334801223934e+00 1.680436997442019464e+00 1.817852358779917576e+00 1.947316977415275208e+00 1.927093184753381205e+00 1.906374745054702169e+00
