4.206860354291765414e-01 3.470269867340721182e-01 2.716200660271492762e-01 2.425238657023958966e-01 2.134477864364204835e-01 1.902036096812924071e-01 1.686204936782898234e-01
3.049552668019163137e-01 2.007359221372684022e-01 1.192241812547466528e-01 1.086835054915708393e-01 9.905142576132977550e-02 9.377492578875021301e-02 8.879340520754137878e-02
4.350705701131774572e-01 3.382111412539733908e-01 2.467502876167838033e-01 2.407839262832388305e-01 2.358384854411285647e-01 2.101125412351039778e-01 1.852415197309401629e-01
1.735211812048682301e-01 1.487896960436216331e-01 1.242520129597304568e-01 1.181535198628038547e-01 1.124457749892216196e-01 1.164115923905893468e-01 1.202121420415992181e-01
4.233734732444655036e-01 2.670921680439460322e-01 1.371931459865402825e-01 1.195783444986523586e-01 1.042705930463196512e-01 8.709096147070295724e-02 7.096243102410719483e-02
2.010403622354640929e-01 2.388494025283826039e-01 2.515659987512100515e-01 2.398528323010223062e-01 2.295414244712009610e-01 1.826657758485798755e-01 1.390879524047164140e-01
2.616168930927504910e-01 2.411627719087103827e-01 2.230588323663305339e-01 2.060187953331834854e-01 1.910202772952063477e-01 1.744197642315588603e-01 1.577887719948500855e-01
0.000000000000000000e+00 0.000000000000000000e+00 0.000000000000000000e+00 0.000000000000000000e+00 0.000000000000000000e+00 0.000000000000000000e+00 0.000000000000000000e+00
4.206860354291765414e-01 3.470269867340721182e-01 2.716200660271492762e-01 2.425238657023958966e-01 2.134477864364204835e-01 1.902036096812924071e-01 1.686204936782898234e-01
3.673911427052838352e-01 1.976116814230280405e-01 5.706239475292741031e-02 4.425609115571732533e-02 3.301144469991804109e-02 3.132941874774250457e-02 2.977752057495227506e-02
3.091466685254725677e-01 1.200157732077416634e-01 2.123924033919601453e-02 2.518537797341435791e-02 2.875471846085645225e-02 2.858642659849438758e-02 2.842591273220614403e-02
3.594775351929121454e-01 1.990394507954345027e-01 5.481562431900838944e-02 4.467145558127216115e-02 3.482171163762921851e-02 3.499109823318737739e-02 3.516741608718691736e-02
6.679801639422630055e-01 4.180249125771766106e-01 1.694784416802582738e-01 1.524596818486683159e-01 1.355982782818973553e-01 1.245535476428440008e-01 1.138858173980236699e-01
4.896422101355749623e-01 3.365961404019950365e-01 2.025467441386847034e-01 1.588494324527638113e-01 1.186845105825175828e-01 1.002134807833558738e-01 8.277211018983107738e-02
5.015398563851831693e-01 3.398337866867430779e-01 1.578772196957644591e-01 1.339835868236354532e-01 1.094879568708327922e-01 9.507174972763758614e-02 8.211081693821455085e-02
4.783902437742176272e-01 3.419573786606915355e-01 2.046076461313864059e-01 1.783133524307441709e-01 1.514337930989508585e-01 1.462897260966640467e-01 1.413768367430727479e-01
3.476641973268611019e-01 1.978722407259213278e-01 9.702525107973629381e-02 7.095045176120513830e-02 4.735087713867938003e-02 4.413070520292888821e-02 4.084397378872006018e-02
5.586610761461417718e-02 3.305182824644050527e-02 1.189167508198837181e-02 1.142591157391247697e-02 1.103001209416635056e-02 1.027240608710296849e-02 9.575708058729667446e-03
3.568046167007447589e-01 2.788410542128216263e-01 2.109074038163778753e-01 1.837241940270441798e-01 1.585325503899732980e-01 1.489773841916190444e-01 1.395187189566986508e-01
3.124994001867364424e-01 2.938668188855467212e-01 2.785483593216782072e-01 2.733344027793853659e-01 2.694968482569726209e-01 2.707079180945131669e-01 2.718040722544234900e-01
5.327686817438561651e-01 3.380144405279855713e-01 1.591370155376319595e-01 1.354180170845527276e-01 1.123607997223420307e-01 9.977091681191171957e-02 8.796065036704012186e-02
3.644888053997187849e-01 2.621572080169624619e-01 1.626074280098593061e-01 1.277481621066606232e-01 9.708492587560957343e-02 7.887880821134829468e-02 6.151401695325824093e-02
4.642943446724408507e-01 2.456892788901205993e-01 1.131964008718074344e-01 8.085565798675319049e-02 5.199841083774361244e-02 4.834412717845342627e-02 4.458163696327498843e-02
5.632107236327028588e-01 3.926543313306475880e-01 2.043557274258017697e-01 1.636835448294080564e-01 1.248505064978124440e-01 1.093990999599602637e-01 9.509597413651015019e-02
5.484755630170529139e-01 3.046077177233121880e-01 1.039066264014721908e-01 9.367923408846912103e-02 8.425704415714942164e-02 7.667407950648819082e-02 6.944907876320498274e-02
4.147606268970002730e-01 2.470426266354611711e-01 9.132677961109053610e-02 6.796205034316160631e-02 4.912061452488952068e-02 4.490403885966769149e-02 4.057968247425604996e-02
2.078809944326658332e-01 1.420221276355840001e-01 8.753504864148696496e-02 8.282621519805152821e-02 7.831230576080470962e-02 7.934938853321907293e-02 8.036570035809385837e-02
2.561180561757904206e-01 2.262498952968668431e-01 2.036612020003106538e-01 1.657229413161810938e-01 1.352788697429990195e-01 1.296794622791661855e-01 1.247118254222309292e-01
1.392909603118081263e-01 1.257232769975181463e-01 1.137758084111236828e-01 1.061363355315776691e-01 9.917207017182315398e-02 9.048913010130268941e-02 8.218993603086478805e-02
7.908827761668200951e-02 7.115853519056589138e-02 6.313096948400280517e-02 6.450151835077597151e-02 6.598627437609365376e-02 6.752621305474029723e-02 6.918102134407409787e-02
1.837856277423742524e-01 1.742374765216786192e-01 1.644969541968342719e-01 1.397519282596047518e-01 1.205348286825089626e-01 1.071367979163860423e-01 9.466914610763640936e-02
4.450177117152327444e-01 3.022082944389164472e-01 1.674824028942986376e-01 1.370859420908417670e-01 1.078852767095745263e-01 9.836096032822072566e-02 8.909717982603486408e-02
4.395862395251886601e-01 2.622780881824156585e-01 9.903259234156198965e-02 8.732511891951141858e-02 7.670408123762630093e-02 6.874545517764384106e-02 6.127492813429866181e-02
4.480070230467628201e-01 3.595855951515952720e-01 2.755544589553980961e-01 2.687380630385584612e-01 2.623089926598737298e-01 2.565315051842909644e-01 2.510850237386423878e-01
4.127956942599335655e-01 2.594032746021161517e-01 6.575312529176254028e-02 6.632846958032254103e-02 6.692542448640324826e-02 6.089650915953191690e-02 5.567274484935209183e-02
1.324576554663646488e-01 1.178007395836319915e-01 1.027789445175285865e-01 1.012774948807210751e-01 9.989500707598931994e-02 1.028658916276489754e-01 1.057234552715536069e-01
4.687395487215056944e-01 3.808234835674817464e-01 2.685295581329214532e-01 2.479647770010944552e-01 2.283894472550720978e-01 2.055080115847064126e-01 1.847231009070300911e-01
4.390210292398670777e-01 2.864500652988848928e-01 1.374712672470871089e-01 1.135833695347536337e-01 9.026786552975195332e-02 8.277609690381342034e-02 7.562223011554077001e-02
4.627095385982480380e-01 2.539163475553422034e-01 7.439469972305789991e-02 5.298094246295720344e-02 3.675705447973964812e-02 3.725386632646661422e-02 3.776920128808036042e-02
8.325310882020882097e-01 4.441866277433144106e-01 2.242374034471532329e-01 1.832463255093776389e-01 1.379676075941299040e-01 1.247298610986295048e-01 1.121443232588300309e-01
2.892606516444058348e-02 2.774680444538998522e-02 2.660797878600625749e-02 2.602247492552024061e-02 2.545728976122111839e-02 2.475961031577388061e-02 2.407549687042732228e-02
4.397914921201085958e-01 3.424053766691741441e-01 2.667877018053703697e-01 2.819255346199274759e-01 2.931484453143030633e-01 2.676009734615556468e-01 2.446620271002740432e-01
5.874576366076621897e-02 7.725600925100394034e-02 8.927933047939067002e-02 7.293495284281203972e-02 5.532711087318356591e-02 6.126100327117695726e-02 6.746563575308003879e-02
4.217993441469278793e-01 3.321893258671746452e-01 2.484703799257320933e-01 2.219415306871826421e-01 1.953299194773226444e-01 1.744880719400884184e-01 1.551138843618310170e-01
6.139782766991339763e-02 3.967624509504205643e-02 1.914874472018569806e-02 1.864452076659039309e-02 1.821150101969110091e-02 1.686214828763236279e-02 1.560877748813461335e-02
6.466203633268794437e-01 4.279082287671036600e-01 1.523011298182027629e-01 1.270109598389816408e-01 1.071327755600561260e-01 1.010350331904986687e-01 9.523649826656321871e-02
2.463521024341167598e-01 1.657759860323100576e-01 9.800680343726234089e-02 8.723591543333385212e-02 7.686669720314888432e-02 6.800281595618552777e-02 5.946727371530411560e-02
6.631944685646878890e-01 4.180848878969443683e-01 2.246234201568994004e-01 2.377625867722450714e-01 2.478054481423329347e-01 2.282705702905735434e-01 2.104157443539491079e-01
