4.023724004864292492e-01 3.844477310991481489e-01 3.649577054301990087e-01 3.516335744631797211e-01 3.356167843387916072e-01 3.309919481677752184e-01 3.262270260886820372e-01
2.905940454923733318e-01 2.296771829109736929e-01 1.780340553901659517e-01 1.621265166826779125e-01 1.481148859643165172e-01 1.437565890044019690e-01 1.396596332741501523e-01
4.457801613743420655e-01 3.619430188292789285e-01 2.806597714093566620e-01 2.530126537015978117e-01 2.313676026611528047e-01 2.179703512130334864e-01 2.044846999711988078e-01
1.712762458598990900e-01 1.550995262702416222e-01 1.391043122388903597e-01 1.336948347511893176e-01 1.285534085155805306e-01 1.293708956992904724e-01 1.301571248965659178e-01
4.168249265769411460e-01 3.304840931502751045e-01 2.492441719791463339e-01 2.152416286989426719e-01 1.830304982145247172e-01 1.468591976459628357e-01 1.121449198198987002e-01
2.603759438679077998e-01 1.876361968642158429e-01 1.535111534411089107e-01 1.583535648811504881e-01 1.620001739539814745e-01 1.760319780132002243e-01 1.888683727724465855e-01
2.816646857775654822e-01 2.483797043396507864e-01 2.226557453423562705e-01 2.077086736785782040e-01 1.947859101543555627e-01 1.886787485230264350e-01 1.833258024016358456e-01
0.000000000000000000e+00 0.000000000000000000e+00 0.000000000000000000e+00 0.000000000000000000e+00 0.000000000000000000e+00 0.000000000000000000e+00 0.000000000000000000e+00
4.108023441482627769e-01 3.125733457099334478e-01 2.232395849205840721e-01 1.935729675686147788e-01 1.681855410237187709e-01 1.641328322066306633e-01 1.602116611243948330e-01
3.705585814307883474e-01 2.056860723782385769e-01 9.033939333095707125e-02 7.381782703124080414e-02 5.855450905760135882e-02 5.693843063542918664e-02 5.537567957107557975e-02
1.424862991533993040e-01 7.822199320419730151e-02 2.787537434419230103e-02 2.763453304688884282e-02 2.741269983388451223e-02 1.877669706553942996e-02 1.308351145316870821e-02
4.224441961892601016e-01 2.546629538702884221e-01 1.204012649225141007e-01 9.303893524813450222e-02 6.675946611656997931e-02 6.523928129498060557e-02 6.372460517133184121e-02
7.038390479573156666e-01 4.727911372394967282e-01 3.107667457232202168e-01 2.987495509214468936e-01 2.908831555630968513e-01 2.702792713432075611e-01 2.532772886996473294e-01
5.158828455617124886e-01 3.639475833835965068e-01 2.393174010889971837e-01 2.102210593095333035e-01 1.827445012382284406e-01 1.843866725483515878e-01 1.860228708947351262e-01
5.134507374252457179e-01 3.664300752316640986e-01 2.219286431296290940e-01 1.856283404325280717e-01 1.516206054367428002e-01 1.509073201547617427e-01 1.501840624767287746e-01
4.821674056903481054e-01 4.013789479052869424e-01 3.223462358253128546e-01 3.048652305445814781e-01 2.893039983399710025e-01 2.952264214771831985e-01 3.007413515583145514e-01
3.505051323188330681e-01 2.153004102729434710e-01 1.244795432058121848e-01 9.038512220790320684e-02 5.474873144559553456e-02 5.258440080808610834e-02 5.040015928666605888e-02
4.803009133972237221e-02 3.107119688341155803e-02 1.344127807985655114e-02 1.254361623655915470e-02 1.171945769511812535e-02 9.587290831746747913e-03 7.572519835962086658e-03
3.665480328609854732e-01 3.176123603380817673e-01 2.744114423470811470e-01 2.757357244528006457e-01 2.768705598272216406e-01 2.568545585777888274e-01 2.381654258940336666e-01
3.020307977626334184e-01 2.964543084535675166e-01 2.910927339456721441e-01 2.793957010091587811e-01 2.668629443339075036e-01 2.562408113142112809e-01 2.450397034855985590e-01
5.312070327630368238e-01 3.282738950677872580e-01 1.784043223156686897e-01 1.743402290738977622e-01 1.711804513570747144e-01 1.631262739342288215e-01 1.561229602213556333e-01
3.899752871067302951e-01 2.911303381725186545e-01 1.962555393158428585e-01 1.813674505749004184e-01 1.672377503251763486e-01 1.633592719903796397e-01 1.596546820651617848e-01
4.023724004864292492e-01 3.844477310991481489e-01 3.649577054301990087e-01 3.516335744631797211e-01 3.356167843387916072e-01 3.309919481677752184e-01 3.262270260886820372e-01
5.511260645386115709e-01 3.835067698213814880e-01 1.059289680546273288e-01 1.004257408731062118e-01 9.475721436370108941e-02 9.369497773680203478e-02 9.268119380955422426e-02
4.906033818120501544e-01 2.773218838220005145e-01 1.089090137203547054e-01 1.057494892196582242e-01 1.027477150941545209e-01 1.028972236973082349e-01 1.030502588489578819e-01
4.384175893048408712e-01 3.078296217368616250e-01 1.504324581612972167e-01 1.311078473510341180e-01 1.141611819312537413e-01 9.597706147946458155e-02 8.107907419994392351e-02
1.975622378210503682e-01 1.701552652575895608e-01 1.403664795589924241e-01 1.332405572670967431e-01 1.264035846617443948e-01 1.547101527300121515e-01 1.711305464504881690e-01
1.970930352818175968e-01 2.150022089654780033e-01 2.299388963218609860e-01 2.294705911105528739e-01 2.291960357615445698e-01 2.156528165217108939e-01 2.037007054939500572e-01
1.646132964142860700e-01 1.499990393628687912e-01 1.369297528210207393e-01 1.188677938273886431e-01 1.009710977693752398e-01 9.061210783993768614e-02 8.088212514189321856e-02
1.380305910873327324e-01 1.004522184012872216e-01 5.843790020280776459e-02 7.588164134292389729e-02 9.274068953534243820e-02 9.422426984281948026e-02 9.570013868886893815e-02
1.453253123397446056e-01 1.121462965695192715e-01 8.114160697056496674e-02 8.383356192080687608e-02 8.651050837970347684e-02 9.622149298323859345e-02 1.046944895223224370e-01
4.524659133859375015e-01 3.611057173209108462e-01 2.690178169360415983e-01 2.516278568305942986e-01 2.343102372444221537e-01 2.087085768821220766e-01 1.848571887098174604e-01
1.380305910873327324e-01 1.004522184012872216e-01 5.843790020280776459e-02 7.588164134292389729e-02 9.274068953534243820e-02 9.422426984281948026e-02 9.570013868886893815e-02
4.482765260188038559e-01 3.824484669318155561e-01 3.274109811318237084e-01 3.318339794903453766e-01 3.352326461720657735e-01 3.322941009309223759e-01 3.297148455763703745e-01
3.680942023572324473e-01 2.104115452093320293e-01 8.044702018679122935e-02 7.215413245219731708e-02 6.376602467625647197e-02 5.986199724737257394e-02 5.611516053829743167e-02
7.907208576152237323e-02 7.592916512923744699e-02 7.274425947555236693e-02 6.922434842224450824e-02 6.593447717333443536e-02 5.852441400681673150e-02 5.080916487356259420e-02
4.745789489604719247e-01 4.079927557138156580e-01 3.397462397708126414e-01 3.153393004545678724e-01 2.962218644799586298e-01 2.576286602626754463e-01 2.247546629793246431e-01
4.434394601790872525e-01 3.145515839793377455e-01 1.977171274220186625e-01 1.811071756448092152e-01 1.656927325340318002e-01 1.513261908945111311e-01 1.377813732295098959e-01
4.600397178666857378e-01 3.750562537414393605e-01 2.788816626097981310e-01 2.409607845733180709e-01 2.048232108771386450e-01 1.587588759729673671e-01 1.189644546763197613e-01
8.278583733366686737e-01 5.649721776971524667e-01 4.137436339288376730e-01 3.744884868197004835e-01 3.467608703406849791e-01 3.441784425000588010e-01 3.417579835260105003e-01
3.919386915665141191e-01 2.730255106275668586e-01 1.596688429970825884e-01 1.453066504994890984e-01 1.318423944986336360e-01 1.251570674530377847e-01 1.186909862816189765e-01
4.340939693436099422e-01 3.766223239252458055e-01 3.232018608300718521e-01 3.100051692391557201e-01 2.980873052535918388e-01 2.890461250119111813e-01 2.800377484782066717e-01
5.877680390803557975e-02 4.853550602076934367e-02 4.002610568293726162e-02 9.238706114038880424e-02 1.283704786629583927e-01 1.365203905371352444e-01 1.437468763692194285e-01
4.000481066858322943e-01 3.265781715251304118e-01 2.641291546058548434e-01 2.562906419983997375e-01 2.496011703424489692e-01 2.355839146894578295e-01 2.226045531063793048e-01
5.315460856615613489e-02 3.855474165607879200e-02 2.344171898238875743e-02 2.202847961869311769e-02 2.072707949586678061e-02 1.739321856224860727e-02 1.419378054927427149e-02
9.018092919843808675e-01 8.841806272115676490e-01 8.507783394040603353e-01 7.689714585222879872e-01 6.919449798428256582e-01 6.626487945944573577e-01 6.262017406627415905e-01
4.831935354589360632e-01 2.526053674216894307e-01 9.756005092101163734e-02 9.183710404737789601e-02 8.587826565289993774e-02 8.880796571085065871e-02 9.171113314266621241e-02
6.605702639731355630e-01 5.021948540175374953e-01 3.461559752317120986e-01 3.415485927452054371e-01 3.371220716953343688e-01 3.378945500608106500e-01 3.387080733472506155e-01
