3.924772493014203611e+00 3.945203614088752975e+00 3.966493349488494857e+00 3.978685158773548114e+00 3.990566907668609886e+00 3.953385113000537743e+00 3.917377042024088318e+00
1.904463057463200926e+01 1.845835881642405241e+01 1.795797948703912894e+01 1.682404319281234351e+01 1.579657726971401921e+01 1.484638221403703717e+01 1.397122575277292533e+01
2.794393425319114943e+00 2.808613861457912808e+00 2.824516174798274992e+00 2.415606157313286761e+00 2.110781699868653938e+00 2.065344922818934226e+00 2.021545205192137651e+00
1.132545562063012490e+01 1.363787700189067742e+01 1.588202199628211808e+01 1.744947095981936869e+01 1.892758591730923001e+01 1.903627392112166561e+01 1.914273072746338045e+01
4.460111315446843250e+00 3.658221665785486021e+00 3.005691653722502465e+00 2.818585558646284017e+00 2.652313005521416134e+00 2.425104082395942218e+00 2.202118821175996999e+00
9.630222922838004018e-02 6.831345319582143860e-02 5.292601736030299459e-02 9.023694150213915077e-02 1.175194211179023951e-01 1.153664311140365911e-01 1.131468339449528959e-01
9.339200068174042801e-01 8.777684805857862704e-01 8.301047839690077756e-01 7.766599380758799631e-01 7.300077894417402735e-01 7.080705187344984441e-01 6.870420508883804400e-01
0.000000000000000000e+00 0.000000000000000000e+00 0.000000000000000000e+00 0.000000000000000000e+00 0.000000000000000000e+00 0.000000000000000000e+00 0.000000000000000000e+00
5.109293435977364517e+00 4.677599878985843951e+00 4.295836909743258936e+00 4.020612170873829605e+00 3.790400635734844315e+00 3.724254253594086794e+00 3.661097743282418548e+00
2.357473478527668753e+00 1.878596350558872752e+00 1.481673613321381033e+00 1.169621852811658425e+00 9.321983384808409934e-01 9.499773582205202072e-01 9.677022333619457184e-01
2.301002852721450775e+00 1.584216231370326300e+00 1.166939609210910556e+00 1.143876420147431183e+00 1.123018124511045768e+00 9.872125630420688358e-01 8.667490466428583451e-01
1.704044729653822809e+00 1.236954277294677551e+00 8.655521318288543764e-01 7.969353524119433541e-01 7.330410138979966961e-01 7.359593609574937023e-01 7.388696101873348798e-01
2.207459593447342883e+00 1.709412490248913397e+00 1.266059221377348054e+00 1.220400841115105717e+00 1.176650105745006503e+00 1.140221558458211604e+00 1.105184090648113848e+00
4.795304621731057537e+00 4.184021006356173800e+00 3.673944615184696172e+00 3.345565318052546644e+00 3.070458562185046869e+00 3.062717506348313190e+00 3.055061164607566493e+00
1.247952752528245002e+00 9.492796788640981420e-01 6.307653767338953221e-01 5.370779656929204338e-01 4.517005705705603447e-01 4.575284243643167326e-01 4.632433947549709496e-01
2.946524902841246796e+00 2.731114537633808848e+00 2.513426427755754311e+00 2.557792602847485774e+00 2.606641903589878684e+00 2.594805308018594214e+00 2.583085129730149809e+00
1.123836941623442831e+00 7.334111791369519739e-01 4.973346387195797247e-01 4.507225643948490346e-01 4.041257953251199408e-01 3.971199682539753861e-01 3.900472496484349016e-01
1.816293882689226180e+01 1.845085574438002851e+01 1.874367563090089561e+01 1.818244525496433894e+01 1.766605175848066267e+01 1.682165300189443613e+01 1.606360321733946606e+01
3.264802033386623226e+00 3.011194971672057630e+00 2.785055738945637849e+00 2.811507590564615633e+00 2.838543658380054513e+00 2.852531952474261168e+00 2.866813654756968255e+00
8.585427589811365223e-01 8.412693018813857115e-01 8.242064560780157922e-01 8.486426245985181360e-01 8.752661309550233693e-01 8.558838701019303441e-01 8.370661969400303715e-01
3.690351031388015013e+00 3.085819504209514452e+00 2.562735567985777063e+00 2.416142008082066805e+00 2.287827335728356726e+00 2.195071747211599256e+00 2.106311063130756445e+00
3.294865531013662974e+00 3.018955984871216192e+00 2.761531244181025357e+00 2.580186725693381256e+00 2.417436414694841940e+00 2.383725256425740735e+00 2.350655487915223052e+00
8.563445794858166593e+00 7.717686494223864990e+00 7.007762969088060068e+00 7.546706727752884092e+00 8.143900196606148612e+00 8.311535946938471753e+00 8.483009207503949156e+00
5.303327231144435494e+00 4.942358293386406309e+00 4.574898269256149952e+00 3.997392072327981438e+00 3.515717394196077539e+00 3.504950179665900833e+00 3.494542199358628753e+00
1.640347538262737270e+00 1.040544053281964310e+00 6.116698858590590149e-01 6.024472289412188264e-01 5.943244871986967937e-01 5.785332925008742633e-01 5.626300107500730174e-01
1.216517177895790836e+00 7.988842885661840976e-01 4.787560515748552903e-01 4.342936738763456539e-01 3.953398981905106302e-01 3.753184079184953559e-01 3.565589752001188106e-01
1.842908216865091120e+01 1.802107277822764075e+01 1.762425315155340755e+01 1.932705797629183309e+01 2.088346829997034959e+01 1.657149520773283413e+01 1.364085870659584288e+01
1.267177903502455294e+00 1.135287469200030985e+00 1.028938866637790994e+00 8.556416535206794460e-01 7.308975458916783241e-01 6.911056307130142295e-01 6.529996474809086626e-01
5.757782462010429647e+00 5.479364436995532550e+00 5.232190802207512981e+00 5.221922596614338552e+00 5.211884904935920382e+00 5.114381043356091894e+00 5.020500877739146439e+00
1.079196598498955950e+01 1.053306019079049172e+01 1.027419541088257837e+01 1.053616940649175504e+01 1.079178414050467438e+01 1.077029472239525454e+01 1.074871319493685462e+01
8.997476322681970951e-01 8.456683383652429109e-01 7.968466996768435173e-01 7.172193343960145961e-01 6.516654126926403334e-01 6.287908239612949313e-01 6.074076806480933621e-01
5.811081593349111785e+00 5.449751433864133965e+00 5.107874175220257662e+00 5.207781748944947608e+00 5.312833986006945786e+00 5.273323664219091711e+00 5.234328005705014775e+00
5.844349269110314715e+00 5.543571780083828671e+00 5.240961013668850477e+00 5.104927795710820781e+00 4.978931604243828524e+00 4.910851197177112049e+00 4.843873238755508126e+00
1.550866142028269667e+00 1.420094234982424819e+00 1.292406094915064863e+00 1.280861885107461573e+00 1.268793328013899435e+00 1.258065530672872301e+00 1.247802990661279310e+00
3.084012233946326731e+00 2.417328452231708447e+00 1.884860923401391331e+00 1.826002859691155722e+00 1.769936170887503657e+00 1.728335293868775713e+00 1.688608821827472406e+00
5.900965470442555372e+00 5.974701386346608523e+00 6.046622933817951129e+00 6.082129117915305194e+00 6.115227906533402091e+00 6.143349238403821744e+00 6.171836289505377771e+00
1.952651962391546814e+00 1.848272563882256359e+00 1.717070334684619670e+00 1.643401030753316894e+00 1.574592639872043565e+00 1.469312396915649854e+00 1.376302415975112492e+00
5.891679471544387425e+00 5.525339109214294275e+00 5.171116525591800794e+00 4.708565438865863761e+00 4.292840355777768124e+00 4.298319303592948337e+00 4.303711483093493051e+00
1.466298399928490426e+00 1.099128077297407913e+00 7.807973790350263288e-01 6.934017174035264075e-01 6.152726338830525332e-01 5.366199625581786758e-01 4.623017283538805033e-01
4.161047225069209432e+00 2.908006195531475768e+00 2.157980010836995977e+00 2.169182695059920896e+00 2.181086650914465963e+00 2.163490373296499403e+00 2.146045254653259793e+00
2.757994897352921360e+00 2.278328608045376402e+00 1.877298115891588681e+00 1.742849488544556902e+00 1.626508151881792763e+00 1.581058355260901660e+00 1.537356535449398098e+00
1.729763271604271324e+01 1.808666845546925828e+01 1.888443124015118713e+01 1.847012916523875958e+01 1.810100328692652738e+01 1.772242216101049195e+01 1.734884544897947478e+01
3.402098447167554607e+00 3.443760766049843269e+00 3.487686017332370270e+00 3.076223363483543416e+00 2.753932280999218385e+00 2.770803583939259074e+00 2.787990988629211575e+00
2.059679616853193007e+00 1.899700343486552701e+00 1.754301311598841062e+00 1.683281695485970619e+00 1.616409484042554467e+00 1.584697808419033960e+00 1.553760049761074624e+00
6.421518926836157881e+00 6.485663225534502807e+00 6.550634733448550406e+00 6.401934557929332748e+00 6.264884074375698830e+00 6.022835185229677535e+00 5.800679791412057362e+00
4.180645487609831790e+00 4.002589076501997134e+00 3.774487338218238452e+00 3.895073832214648313e+00 4.019560562713220264e+00 4.019442475921301217e+00 4.019323350369874426e+00
4.108394462849121354e+00 3.707341212026201926e+00 3.357240107081652880e+00 3.260994227755512842e+00 3.172438220224052863e+00 3.092838871644608023e+00 3.016113590861334348e+00
2.423613764676088689e+00 1.967763612039757248e+00 1.554568520403151410e+00 1.618356734925759266e+00 1.674849725497356667e+00 1.666806367452846382e+00 1.658460314019235993e+00
