9.334802351350459659e-01 7.898176604136439849e-01 6.483581104422776464e-01 6.173837483558545225e-01 5.863984855307555755e-01 5.600580413935367652e-01 5.340454561889079743e-01
1.854861657056651580e+01 1.708665303102446842e+01 1.594639237392296138e+01 1.480910801802998122e+01 1.379887573217488672e+01 1.304249455629094179e+01 1.233745541779673616e+01
2.807773825992256889e+00 2.625971916093368552e+00 2.449423885190122441e+00 2.034926462450109330e+00 1.737465854248666730e+00 1.661838892004631862e+00 1.589390482273051575e+00
1.105960868316153167e+01 1.463204266517776553e+01 1.815117966378734593e+01 1.843305594437377692e+01 1.870158601542172150e+01 1.841886198159876997e+01 1.814930684566679275e+01
4.657049501894487520e+00 3.820501814555925080e+00 3.094874838033286668e+00 2.754296504364618592e+00 2.469578344633919453e+00 2.254795138782346164e+00 2.063007052991514989e+00
1.563696923058931210e-01 3.306035503212070847e-01 3.944232994213913157e-01 4.045438439798111352e-01 4.123809113036116525e-01 3.204708611724885192e-01 2.450667865270755863e-01
9.655413845617555335e-01 8.895360347082807984e-01 8.249083669327642587e-01 7.751937385610907505e-01 7.263090211798686191e-01 6.924549709771121719e-01 6.573300229805084660e-01
0.000000000000000000e+00 0.000000000000000000e+00 0.000000000000000000e+00 0.000000000000000000e+00 0.000000000000000000e+00 0.000000000000000000e+00 0.000000000000000000e+00
9.334802351350459659e-01 7.898176604136439849e-01 6.483581104422776464e-01 6.173837483558545225e-01 5.863984855307555755e-01 5.600580413935367652e-01 5.340454561889079743e-01
2.399009019367075890e+00 2.371853166999943419e+00 2.338753862201774059e+00 2.065725806291133448e+00 1.836215318348253245e+00 1.418441919263221163e+00 1.127680031999961363e+00
2.283000937861811686e+00 1.262074063060915297e+00 7.096349854003046742e-01 6.695147158370202689e-01 6.334476602668567269e-01 6.270833370401018847e-01 6.211088623284554133e-01
1.065867500885812280e+00 6.706855494516469340e-01 3.412756333508038531e-01 3.068489012743867983e-01 2.733208737271970445e-01 2.695790023162030202e-01 2.657094409598083073e-01
1.391642034024496599e+00 8.971499891616996347e-01 4.189220536607785039e-01 3.871076705409697283e-01 3.553819713546186310e-01 3.383819666668276827e-01 3.222814378604361707e-01
4.877522988273464755e+00 4.388116419226212983e+00 3.947098846891305080e+00 3.590044314744020859e+00 3.279910322115884291e+00 3.163624090255241050e+00 3.053070454899547315e+00
1.306266255683969479e+00 9.397316323889708389e-01 5.849903679927658251e-01 4.949241254166475423e-01 4.084094027084357870e-01 3.571790739372001644e-01 3.148955761505813356e-01
2.934070574430238665e+00 2.590024711076084785e+00 2.261671616844927346e+00 2.238888496380399662e+00 2.215909852714188943e+00 2.110570580003189534e+00 2.013209072383002507e+00
1.193656087604290761e+00 8.006945650865030517e-01 5.443173231990706684e-01 5.147367285953869942e-01 4.828558143918908474e-01 4.323797972586987393e-01 3.807962511472912648e-01
1.796685358557144241e+01 1.671380104958096879e+01 1.560442819312845586e+01 1.379151941589493013e+01 1.235095264260169579e+01 1.162476497772527573e+01 1.096553242073204970e+01
3.324629523697034017e+00 3.142850731667741648e+00 2.971354350025468882e+00 2.954504723909734398e+00 2.937591470647720637e+00 2.866432489763802050e+00 2.797288274077892378e+00
8.173701521371599110e-01 7.660503563848637398e-01 7.246920065768642782e-01 7.646590406330964207e-01 7.918299930718458723e-01 7.526161331372288599e-01 7.199926265571511275e-01
3.659995686074558385e+00 2.827670936512413302e+00 2.102649925711117085e+00 2.027236817951831860e+00 1.953406779325342901e+00 1.881761644082631912e+00 1.813900480765996859e+00
3.319543891830980975e+00 3.076983369921048705e+00 2.837267271565337978e+00 2.602607367766139213e+00 2.397665741175127874e+00 2.268269227851821057e+00 2.149205207635834114e+00
1.298351352614359300e+00 7.751492551900869277e-01 4.703000489258233330e-01 4.322058037940875730e-01 3.900671740291762335e-01 3.780872973935640036e-01 3.656963544461832027e-01
5.375002432275673314e+00 4.901655121431355511e+00 4.418165781764868960e+00 4.060832988506627217e+00 3.756491556545583421e+00 3.564722233822948283e+00 3.388604737273841927e+00
1.462273862823457504e+00 9.516345420276296485e-01 4.945806749094453503e-01 4.751263133328729182e-01 4.575628851732601587e-01 4.330753844045039935e-01 4.096017737765588751e-01
1.220922818408957555e+00 8.464039453259952772e-01 5.086767957937124995e-01 4.467640347234180243e-01 3.916704753063138256e-01 3.734512609190240306e-01 3.558055733009696242e-01
1.767410993930804608e+01 1.603102515727131561e+01 1.461929448308772450e+01 1.619631184542586055e+01 1.769856950863581346e+01 1.696033990504919231e+01 1.627920406794343577e+01
9.897585427500061872e-01 7.927650379522289681e-01 6.409129807610317586e-01 5.879475500062660842e-01 5.477926465840217141e-01 4.838171436245183865e-01 4.221306660412558198e-01
5.793384195685638005e+00 5.496723019929969034e+00 5.235734198481071466e+00 4.883015351543312121e+00 4.578270066574792629e+00 4.617624169055098982e+00 4.657775460605638074e+00
1.897511627833129710e-01 1.702899902905532226e-01 1.509291502080383207e-01 1.449573127629445735e-01 1.386038093310550112e-01 1.288022140278275718e-01 1.190776532113936720e-01
2.631852014126400130e-01 1.951733668538620514e-01 1.404947612706056170e-01 1.462096989857852858e-01 1.519058065080565456e-01 1.368348300416789842e-01 1.233404232207923751e-01
5.811420284179586560e+00 5.577654926888246045e+00 5.346772814541852270e+00 5.114376688161305751e+00 4.902195814148656794e+00 4.864797136191010729e+00 4.827531301135014274e+00
5.948717290777905120e+00 5.397430338935808258e+00 4.843052917089692322e+00 4.632955521125492915e+00 4.446177185883851912e+00 4.211768871414379944e+00 3.989211247730807930e+00
1.539815838859040609e+00 1.237069845785987665e+00 9.995685946828917201e-01 9.502660554562823991e-01 9.078398770249802574e-01 8.843953721481218055e-01 8.633549984150783452e-01
1.317613883400730712e+00 9.274511525638763354e-01 5.147020970521424266e-01 4.732357945530300536e-01 4.267512780921690618e-01 3.429143936787628077e-01 2.830900454274205558e-01
5.747692559483174257e+00 5.963264970333107762e+00 6.185760673032826062e+00 6.091203189679363028e+00 6.005406846187225867e+00 5.807279642353794458e+00 5.621683527330491259e+00
1.953187058835756718e+00 1.844263683188589464e+00 1.706158273174253948e+00 1.653078366979056524e+00 1.601985557010063399e+00 1.516714760379776372e+00 1.438076296801456877e+00
5.916883603797036706e+00 6.022154685361702953e+00 6.140710468299180214e+00 5.670145268597645227e+00 5.263407797545111677e+00 4.804001070993785483e+00 4.400399324648160970e+00
1.305867924408084635e+00 9.150066275914926495e-01 5.587446334199415166e-01 5.033487969294597741e-01 4.529583747480748213e-01 4.452680704699845671e-01 4.376353612409114580e-01
4.116143911556685353e+00 2.887025541007375740e+00 2.123776450749156552e+00 2.088713238110619486e+00 2.052202195805939766e+00 2.046681279310012869e+00 2.041090999711399068e+00
9.092500115716308784e-01 8.933557007515648962e-01 8.779872719082006949e-01 8.627977490229441493e-01 8.481253930254472051e-01 6.400070131456799816e-01 4.368861598707284299e-01
1.673888046272580254e+01 1.552013784077811742e+01 1.453727157887221288e+01 1.248510362625658487e+01 1.107489210431669946e+01 1.011695886070611294e+01 9.283574365972665277e+00
3.360883730580236595e+00 2.709510043278470448e+00 2.272659244488890007e+00 2.207675448885646929e+00 2.143532260885869789e+00 2.202974399132544114e+00 2.259424241075952189e+00
9.765231957448748945e-01 7.963309170201388065e-01 6.331755253155284535e-01 6.026452908457106128e-01 5.725255311684841475e-01 5.490721286339221852e-01 5.258996535857679566e-01
6.315776593865394695e+00 5.947139966348023776e+00 5.611239564870529328e+00 5.035778501776526639e+00 4.572264165785944634e+00 4.313326570020581840e+00 4.078285598351111041e+00
4.219556886803865758e+00 4.315825385143569726e+00 4.461972004859748431e+00 4.492390702543440639e+00 4.522911938778731766e+00 4.281289555439284022e+00 4.061321460236922753e+00
4.119671450223863829e+00 3.599089526845764997e+00 3.155716728436493757e+00 3.063797677598452118e+00 2.973025635703585579e+00 2.823688493020419799e+00 2.681229738547868280e+00
2.354080411004197959e+00 1.763013973349021324e+00 1.279716364461763956e+00 1.272887817174537917e+00 1.268021148147916666e+00 1.159118474692099943e+00 1.063562680237752245e+00
