4.117844884399460281e-01 3.792632422198779496e-01 3.451435369618969795e-01 3.089791746832964425e-01 2.725141600514516815e-01 2.445065725012308122e-01 2.175794203151953377e-01
2.936800706987687803e-01 2.047401104371223968e-01 1.324696264219953346e-01 1.164015816998705405e-01 1.022056397628643698e-01 9.827004899507443825e-02 9.460307813858871706e-02
4.325124539178551997e-01 3.643963165165822193e-01 2.916808008979174804e-01 2.665136734205105218e-01 2.456692750680123105e-01 2.331771843902117614e-01 2.208478586787973319e-01
1.657037798525421990e-01 1.480868450500605893e-01 1.308225315003493650e-01 1.269533382758737117e-01 1.233045720532946754e-01 1.221961491404397748e-01 1.211111942592903445e-01
4.204108965451108793e-01 2.525844164290908522e-01 1.166378875952096689e-01 1.053767569686655109e-01 9.537812470237809481e-02 7.273026037257826482e-02 5.127198351937177490e-02
1.942295988507602433e-01 1.326315079996325808e-01 9.988740458866833538e-02 1.111637678044612998e-01 1.200462407306170237e-01 1.063393683474330026e-01 9.362261258291877664e-02
2.642095700522285595e-01 2.386380500613865252e-01 2.163765661237624371e-01 2.002342204345665400e-01 1.862876596441088994e-01 1.750735710469178141e-01 1.643808200078486215e-01
0.000000000000000000e+00 0.000000000000000000e+00 0.000000000000000000e+00 0.000000000000000000e+00 0.000000000000000000e+00 0.000000000000000000e+00 0.000000000000000000e+00
4.051998424794051035e-01 2.995173185526709414e-01 2.056141627931980520e-01 1.710140155176954890e-01 1.430448498533331003e-01 1.327857108421109378e-01 1.229572255425141342e-01
3.704137126879963882e-01 1.919403967833144264e-01 5.356269623426445498e-02 3.690390514322075544e-02 2.404660856173562386e-02 2.464400325562724620e-02 2.523949363599980317e-02
1.527856280167515790e-01 6.923708039641857104e-02 2.293845676220631832e-02 2.600662448339718241e-02 2.880523456788110226e-02 2.571315402464949273e-02 2.290110950164700454e-02
4.075450438794243624e-01 2.344111407397692359e-01 9.483629182783563649e-02 7.087529741118514526e-02 4.869570188583977055e-02 4.775220226836632970e-02 4.680900811538288991e-02
7.041646940321728554e-01 4.559814400079740815e-01 2.321141429164098879e-01 1.994540256041476278e-01 1.669764251032398727e-01 1.592215757977612500e-01 1.515683990910813017e-01
4.875292831959930351e-01 3.385367184493670578e-01 2.129088809373683999e-01 1.667993988647438475e-01 1.267340613132701133e-01 1.241100503211078482e-01 1.215002987517020822e-01
4.946116041343895930e-01 3.398649753754099945e-01 1.733352937392054760e-01 1.337175615719657096e-01 9.700244681626440935e-02 9.423053217957483296e-02 9.153708907126442695e-02
4.729649964528667150e-01 3.539936823757748319e-01 2.322830080453197610e-01 1.985703879366283453e-01 1.602707268314887135e-01 1.567723003477500265e-01 1.533301422208465659e-01
3.355979066460315630e-01 1.832094803302472541e-01 9.120953179184500270e-02 7.018452528726273898e-02 5.101518147862844216e-02 4.908668129818016118e-02 4.715113974628411253e-02
4.861830732996279963e-02 3.110003171941095809e-02 1.303337239648034648e-02 1.263529801915987648e-02 1.227343151227969914e-02 1.025338799982585675e-02 8.438402682203161378e-03
3.568241316619548686e-01 2.763390289868226102e-01 2.050426722513887801e-01 1.894020146469563293e-01 1.739847995796717506e-01 1.658794646624361102e-01 1.576392426618988540e-01
2.980461362375061984e-01 2.874856626058788778e-01 2.767887987364649471e-01 2.654410982187424550e-01 2.533591561370448497e-01 2.389578613054234857e-01 2.243951093825022058e-01
5.290548980162268489e-01 3.383136842338217987e-01 1.730984859258278830e-01 1.468105398622800428e-01 1.233190488364558912e-01 1.172629242346256151e-01 1.114320593497232365e-01
3.606537370953704080e-01 2.578501382813276899e-01 1.615663623867872045e-01 1.328652544361678678e-01 1.072631355726575419e-01 1.021172736632501854e-01 9.704637322034902203e-02
4.156702688434035231e-01 3.137758919809227054e-01 2.281862685431078619e-01 1.904290271289277303e-01 1.501727480875421350e-01 1.410538920981534716e-01 1.315332686053226896e-01
5.604755116861611652e-01 3.911276808946125283e-01 2.166687213374915155e-01 1.588797412950086196e-01 1.100968102972512824e-01 1.053995301633322418e-01 1.009256434965396659e-01
5.069208243999027141e-01 2.693379936634115457e-01 9.625797613995351609e-02 8.656963861166437624e-02 7.784901766904971099e-02 7.395347115699420215e-02 7.007728983364078235e-02
4.169382245648349805e-01 2.263404504153540830e-01 8.216656367441958764e-02 6.822302857923580321e-02 5.607002336482094090e-02 5.108557991347999899e-02 4.650310556802409595e-02
1.874050193088115657e-01 1.453353401089437502e-01 1.049879739500338277e-01 1.040965293202534697e-01 1.032120254964299239e-01 1.195899729903119185e-01 1.329138173525298006e-01
1.998921186183581777e-01 1.870861288616922913e-01 1.765239991222771754e-01 1.611718132670511006e-01 1.504429364333268460e-01 1.291110255771119320e-01 1.089469654645343899e-01
1.418407298536621397e-01 1.254604948001629972e-01 1.107943511292234645e-01 1.087089144508096156e-01 1.066703017415474436e-01 1.010977877623834981e-01 9.572162327918447289e-02
8.905892781305935202e-02 7.630504049137881717e-02 6.356266698642139279e-02 6.344243439058946943e-02 6.332365074421510143e-02 6.418423310860769948e-02 6.505632863718932568e-02
8.270992061599943823e-02 7.593534375302281314e-02 6.966087890229717694e-02 6.045858431926445786e-02 5.283163617293482051e-02 4.781615987748256275e-02 4.314990446158309401e-02
4.472159808014651849e-01 3.009792080619618782e-01 1.622860917970720407e-01 1.335819152588027248e-01 1.039882121014118754e-01 9.807208147818333166e-02 9.228690151729605773e-02
4.376003702725475564e-01 2.871461213481055208e-01 1.322235572811208681e-01 1.136478658068448694e-01 9.608169686119777397e-02 9.071898123176481976e-02 8.537016398524641114e-02
4.477914328012773670e-01 3.625635080649500241e-01 2.818915315777471009e-01 2.628139366572119218e-01 2.424284271567928861e-01 2.410560888621226805e-01 2.397380459843974354e-01
3.495110936208130625e-01 1.885743760903318689e-01 5.991996319431424495e-02 5.250359239274203504e-02 4.575051165492032001e-02 4.306693467047788965e-02 4.042280338514217530e-02
1.270057310246138493e-01 1.218401544815372745e-01 1.167515471063387128e-01 1.173875877662942657e-01 1.179799690456182076e-01 1.177262718326280572e-01 1.174723423825890511e-01
4.627059951523480597e-01 3.752850579514934726e-01 2.630358281113842622e-01 2.424963836570714626e-01 2.233703616899165856e-01 2.014627558075335612e-01 1.822715232854667800e-01
4.410793563707031684e-01 2.824564125912925605e-01 1.316073579449101583e-01 1.012110820548718926e-01 7.353043921254168169e-02 7.026929592109736056e-02 6.706246593240515474e-02
4.503789728447212259e-01 2.741561990504552404e-01 1.233669508665454634e-01 1.073270442265982783e-01 9.297072746157113154e-02 7.273033168213134669e-02 5.412093592087346278e-02
8.328142585538645948e-01 4.998452425210057615e-01 2.897269129023157808e-01 2.458367869411416384e-01 1.962170523073368533e-01 1.804193130854375993e-01 1.647588133284501044e-01
3.880114075604554902e-01 2.485088984562139058e-01 1.320250437651309394e-01 1.178398820357527826e-01 1.055629863613965908e-01 1.007766305644877264e-01 9.614654790732721223e-02
4.362047233778579836e-01 3.772878868518259599e-01 3.192948819806794569e-01 3.013577926363259496e-01 2.852793506881822205e-01 2.760513729154678852e-01 2.672333435556522030e-01
5.992908993527375217e-02 4.017993383429887405e-02 2.160483733989309804e-02 2.611133985311031233e-02 2.994036120859002933e-02 2.330600802183359355e-02 1.693991650027996260e-02
3.934444248392024446e-01 3.273343967295129220e-01 2.667007751838375018e-01 2.428966052184736435e-01 2.203519635471451465e-01 1.998873040381496935e-01 1.802959835657711174e-01
5.379198611417929099e-02 3.808968026665756484e-02 2.196799562482447052e-02 2.139220530050706809e-02 2.086747660201224847e-02 1.752792452800969875e-02 1.445405562642869055e-02
6.364808908984261882e-01 4.146441612065117632e-01 1.426676715337728552e-01 1.257912452754869070e-01 1.100165935584381527e-01 1.127823463293539108e-01 1.155026193405390422e-01
2.485918032162590940e-01 1.751739228440695184e-01 1.124795731621637956e-01 1.069713950014436060e-01 1.020024418143720690e-01 9.342101603561331347e-02 8.522500849676277468e-02
6.711735152356763656e-01 4.698993894074622313e-01 2.823109556165951384e-01 2.693731469428355951e-01 2.575914840591547739e-01 2.547612608436540249e-01 2.518927987280965008e-01
