4.130922588120843342e-01 3.866497099839562024e-01 3.593821832225273516e-01 3.389425562090935817e-01 3.190714705300979337e-01 3.115790156362345797e-01 3.043673907362141606e-01
3.015558905071270557e-01 2.220440812269453834e-01 1.555748402421547882e-01 1.472723371941699888e-01 1.396838599864928532e-01 1.361446887431837782e-01 1.328779498187042107e-01
4.469140233108994109e-01 3.601731924892008774e-01 2.709846189516649795e-01 2.669910632582309096e-01 2.639394967170237138e-01 2.489049019430856491e-01 2.343863984103669584e-01
1.634845093688732931e-01 1.484859133880458149e-01 1.338654699899546330e-01 1.304849700483174391e-01 1.273113736146878894e-01 1.269878704903314448e-01 1.266719458622360683e-01
4.281368651166623240e-01 3.109567954492516439e-01 2.109272310212522150e-01 1.918036113912671703e-01 1.746127232472707014e-01 1.464372276449892318e-01 1.202431243025456481e-01
2.159211886298859628e-01 1.479118056205828147e-01 1.110755118976110289e-01 1.218807794783140219e-01 1.299548653452707314e-01 1.268250105153097829e-01 1.238020190665217179e-01
2.657780337131450121e-01 2.437064427014576651e-01 2.250034679554972772e-01 2.110029652583663984e-01 1.985505427700261505e-01 1.899648498398719687e-01 1.817476625727137141e-01
0.000000000000000000e+00 0.000000000000000000e+00 0.000000000000000000e+00 0.000000000000000000e+00 0.000000000000000000e+00 0.000000000000000000e+00 0.000000000000000000e+00
4.066502245201147336e-01 3.122905381998463681e-01 2.268976757625985052e-01 1.963997395469926077e-01 1.724354466194391311e-01 1.713079862641556372e-01 1.702353854517464626e-01
3.700553016253524952e-01 2.199341429502314205e-01 8.806703287353280507e-02 6.851149282252035067e-02 5.055122787908793158e-02 4.900803727844229435e-02 4.754299690190767758e-02
1.571247041867701033e-01 7.398473092520273242e-02 2.802191777453470409e-02 3.269593099242338458e-02 3.694563647643291787e-02 3.841210572534041467e-02 3.976909415238642082e-02
3.994057143665844523e-01 2.107341923590861088e-01 8.089903641777575205e-02 6.428034841805169153e-02 4.863372534105448591e-02 4.816295529994866348e-02 4.769439083712867511e-02
6.981246249005821358e-01 4.174848102834195496e-01 2.002401781053885499e-01 1.796877782105563981e-01 1.588564998281484231e-01 1.577081130365429740e-01 1.565500889168444376e-01
4.845014474392843051e-01 3.372826920258930050e-01 2.185571113145739763e-01 1.885511845902823058e-01 1.618495633735400341e-01 1.544042582677742637e-01 1.474594892087335574e-01
4.882179190909028965e-01 3.361142804013126373e-01 1.862963531661889216e-01 1.473306767227013092e-01 1.123099414970681331e-01 1.101504668852384822e-01 1.080654580429442346e-01
4.665269755435214605e-01 3.650453674904606816e-01 2.673767249237185561e-01 2.308051802671342578e-01 1.907535336068304777e-01 1.913064856035170125e-01 1.918535395359141638e-01
3.354444450416994017e-01 2.032164828534748502e-01 1.160440875774141622e-01 8.984310822030427968e-02 6.361932283946469813e-02 6.137769571177318501e-02 5.914819714487330043e-02
5.057255656378311509e-02 3.133336340765929817e-02 1.228545283866320018e-02 1.202453161370019112e-02 1.178481202143687526e-02 9.673812969669254996e-03 7.797550563676395805e-03
3.593689542318986851e-01 3.002831006760947608e-01 2.431145747582861283e-01 2.348219024010127776e-01 2.263604231102254172e-01 2.184727580939881675e-01 2.105109808696141172e-01
2.974195351418199573e-01 2.887570783196968249e-01 2.801079020193179558e-01 2.667785002900285862e-01 2.523090032067080157e-01 2.347692545385331175e-01 2.175770352379115535e-01
5.274090058050707741e-01 3.372569772084783035e-01 1.774684331092817313e-01 1.552771450292544375e-01 1.354265799939623482e-01 1.307573527398900592e-01 1.262355077987979413e-01
3.606479947884565496e-01 2.653867262697508500e-01 1.768693295734388160e-01 1.643231008997399767e-01 1.523417246054159513e-01 1.402113666608154063e-01 1.289834751633937571e-01
4.162019891334642896e-01 3.364694645147666141e-01 2.669287516492285794e-01 2.421352788933684996e-01 2.142293808420615009e-01 2.119824266376749700e-01 2.096697956466398172e-01
5.581691637433979780e-01 3.954748316385818252e-01 2.269741129029999027e-01 1.757365675246047865e-01 1.343721683602209505e-01 1.298802095277814816e-01 1.256497207979689057e-01
5.136935399033211169e-01 2.814445949871589581e-01 1.145341207205236023e-01 1.125412314940688191e-01 1.107826717551244206e-01 1.151245770525280709e-01 1.193046111824274114e-01
4.230563283222216198e-01 2.680968334901441819e-01 1.160222006205687967e-01 9.385418920038977875e-02 7.732557195276573703e-02 7.616995922487886095e-02 7.506679372021475560e-02
1.908884659517692262e-01 1.533423744012957779e-01 1.176641028574557657e-01 1.163227555954604031e-01 1.150842360250606961e-01 1.573696299300341717e-01 1.887554595415922298e-01
2.130466372209106063e-01 2.023507850963489618e-01 1.933779293621950834e-01 1.713851653373056061e-01 1.545526497632403184e-01 1.294784638709819136e-01 1.062276083451142994e-01
1.425956476167945519e-01 1.322919150528342747e-01 1.228678192534816971e-01 1.168307222789892741e-01 1.111287379208036469e-01 1.020161365719572666e-01 9.328609340248561477e-02
1.000300321523218683e-01 8.450264351761423154e-02 6.921536236645131623e-02 6.904122892273853451e-02 6.886705738274115363e-02 7.011112894261395390e-02 7.138676052476329581e-02
1.332260355060876922e-01 1.073978217097886073e-01 8.392379261665725010e-02 7.562703256202472912e-02 6.838413121300289388e-02 6.264226089512524298e-02 5.726423855387187400e-02
4.466016369797776164e-01 3.277298011471032058e-01 2.091229536086506302e-01 1.966118919654466779e-01 1.837783791446320480e-01 1.791005296615887366e-01 1.745674675472902448e-01
4.444791509815046449e-01 2.972838987851213477e-01 1.527906460293872448e-01 1.386572157904654989e-01 1.255764428350142903e-01 1.286468049109522060e-01 1.316040218141599771e-01
4.437258971787490514e-01 3.801192434516463825e-01 3.187215035363684112e-01 3.087313488198626943e-01 2.990069592398086340e-01 2.994545213310474963e-01 2.998828775586847017e-01
3.464092516696501423e-01 1.859274505317231041e-01 6.310721242307897050e-02 5.574426022645822404e-02 4.854347258489823819e-02 4.556959522518533312e-02 4.272267074295774125e-02
1.270093155063263257e-01 1.223472682581069476e-01 1.177498049029639532e-01 1.202873803644669976e-01 1.226385699995074380e-01 1.216871716209680654e-01 1.207465394792837238e-01
4.640054569725599043e-01 3.797915728437973315e-01 2.750167304824934766e-01 2.583354605177015095e-01 2.426381606172777483e-01 2.227827027900033952e-01 2.050420331828282094e-01
4.398146900639604007e-01 3.056165208429537650e-01 1.742341973769443719e-01 1.567274429401725455e-01 1.396807378755900442e-01 1.369174398344532861e-01 1.342844205183280626e-01
4.585300271354919022e-01 3.458388146701140697e-01 2.310487187577110746e-01 1.949587941333821295e-01 1.650533298767458412e-01 1.399782070417188162e-01 1.166352833877466605e-01
8.328833852632311352e-01 4.564853023259733966e-01 2.546723403178035028e-01 2.266525970846956783e-01 1.967196096434558339e-01 1.992144807559638742e-01 2.016616490245245752e-01
3.912435552625673219e-01 2.481411371573969959e-01 1.282469299390335826e-01 1.264400112456456060e-01 1.248805654996457681e-01 1.159124498706330386e-01 1.074291383002849015e-01
4.380782248286620439e-01 3.925228399844889471e-01 3.469057080631547385e-01 3.380901937158998782e-01 3.302847927334899292e-01 3.197315693900770195e-01 3.093297990939858355e-01
5.837497934693683388e-02 4.100379036735944671e-02 2.452176066776298735e-02 7.328455520750981611e-02 1.117219016238411439e-01 1.011951102110408424e-01 9.001045837308967179e-02
3.957713201492679134e-01 3.406126476287659743e-01 2.886606776701833854e-01 2.749535173614301997e-01 2.621158357332663003e-01 2.528280621181966392e-01 2.439519796729523737e-01
5.544210030005303214e-02 3.782970587770425469e-02 2.032045505328860038e-02 1.998905761234329517e-02 1.968441734948074215e-02 1.709873487797584565e-02 1.475759885063273984e-02
6.356919394525396561e-01 4.649527113139556023e-01 1.944198676406549142e-01 1.885588383657602618e-01 1.826320126121570298e-01 1.737133068278813308e-01 1.647094982085278159e-01
2.483637089705763856e-01 1.755848832585913677e-01 1.123328133851036470e-01 1.083205547192240409e-01 1.047674702080665377e-01 9.714665914891343346e-02 8.995605772073821116e-02
6.828528074468334097e-01 4.942755112642673310e-01 3.140204316639638171e-01 3.161702149801703943e-01 3.180067081997435818e-01 3.167592905455915431e-01 3.154840119794760089e-01
