7.511177628816784413e+00 7.772058712211905807e+00 8.055722466452303721e+00 8.998134626954641391e+00 1.013099783753098571e+01 1.036154326774902934e+01 1.059907190012835621e+01
2.390692283874729895e+01 2.319233802923235643e+01 2.258653870079680814e+01 1.942666392189003943e+01 1.664339245969555492e+01 1.537094995824195465e+01 1.417480828967413053e+01
2.775415383536815828e+00 2.591312173857138745e+00 2.412817221752211250e+00 2.088258690042457122e+00 1.834160376477639742e+00 1.817975074166479521e+00 1.801682975517945984e+00
1.115825579168612158e+01 1.340587977180799939e+01 1.562828502676664222e+01 1.713900717891009506e+01 1.857486979695504914e+01 1.852238911897879348e+01 1.847191512728819873e+01
4.616857041764850678e+00 4.032340151310042309e+00 3.482355813435027425e+00 3.353485627645532929e+00 3.231404925157807639e+00 2.741041138679653155e+00 2.270429785146002466e+00
1.283848560718913179e-01 1.117995301667924768e-01 1.040187089512725760e-01 1.406917244143111312e-01 1.683085745253457000e-01 1.970546805614520058e-01 2.233518240587050174e-01
9.478109858681326161e-01 8.366914271029600725e-01 7.508138075283627977e-01 6.913716415601162124e-01 6.399798324182117693e-01 5.957737013971553530e-01 5.570268903782781278e-01
0.000000000000000000e+00 0.000000000000000000e+00 0.000000000000000000e+00 0.000000000000000000e+00 0.000000000000000000e+00 0.000000000000000000e+00 0.000000000000000000e+00
5.052592511924442142e+00 4.684499130886854878e+00 4.349738860777825344e+00 4.096387191100289371e+00 3.879579631692499753e+00 3.819033067200559461e+00 3.760451647086317628e+00
2.342826685818979016e+00 1.731377091814146008e+00 1.303600014370710491e+00 1.191198324519333607e+00 1.087356914942723352e+00 1.035617131710565131e+00 9.855846579109329708e-01
2.298753088182848625e+00 1.805313094389235706e+00 1.418737141675336044e+00 1.402475027294992627e+00 1.387496379016536663e+00 9.912580462533930881e-01 7.300424774689958651e-01
1.734157172114414669e+00 1.300027017779556093e+00 9.526279465928877421e-01 8.838185576606701899e-01 8.177322911064303090e-01 8.085560994580112126e-01 7.994131596006364138e-01
2.157894149051286625e+00 1.585257920703023071e+00 1.183691699350702731e+00 1.006914170411449483e+00 8.911964878701696957e-01 8.135768620234533621e-01 7.495264374840072685e-01
5.004234919387551273e+00 4.364342886883783912e+00 3.839449195211906307e+00 3.749127915451351711e+00 3.663834791414468217e+00 3.640056108409816193e+00 3.616363914074459895e+00
1.296753158413898044e+00 9.938411015685276739e-01 6.961195067800645120e-01 6.068608507049809697e-01 5.232393793577521102e-01 5.254817847029337186e-01 5.277555409742821224e-01
2.858764551424201272e+00 2.656228685196410755e+00 2.458094456120818005e+00 2.334972226820173802e+00 2.225371344666761786e+00 2.178923238768650794e+00 2.135671000538736042e+00
1.178352340167973189e+00 8.324442886568105271e-01 6.000879871285031975e-01 5.386105037593625910e-01 4.743526118139230197e-01 4.221620073695088737e-01 3.694912724642918644e-01
1.824788695393013072e+01 1.829290835621475608e+01 1.833971115157060794e+01 1.796588725135577036e+01 1.762267319735839521e+01 1.749939306085748214e+01 1.738290065698171105e+01
3.142301942048549179e+00 2.910597917800526790e+00 2.706047207987788639e+00 2.576073035387082211e+00 2.464692470633284227e+00 2.367897211044287520e+00 2.277518547140649829e+00
8.456831252162119172e-01 8.234943949668832586e-01 8.021608060592598788e-01 8.258739879825328645e-01 8.512814174266815082e-01 8.631277848526638374e-01 8.756198557643861680e-01
3.613534770127710960e+00 2.686845518389411769e+00 2.002469749063048532e+00 1.752579908981606982e+00 1.558293926506034266e+00 1.445441254016268884e+00 1.347312962660266678e+00
3.483866179074559088e+00 3.242464562561951702e+00 3.010758946268360159e+00 2.960964352433357316e+00 2.913706259256463760e+00 2.834876578980874751e+00 2.759581163060393472e+00
1.124961462120801770e+01 1.166690445845946655e+01 1.212063609856398472e+01 1.360579824293790807e+01 1.539109519221015354e+01 1.575737265965556766e+01 1.613474464153085108e+01
8.105667512066561997e+00 9.384412609604028788e+00 1.150201639616845029e+01 1.175765641771782377e+01 1.202097504717280252e+01 1.179391682614039105e+01 1.157721560420634077e+01
1.604173672140606355e+00 1.049743387510506887e+00 6.119501593788118088e-01 6.125538424083409872e-01 6.131273844390002781e-01 5.879429530182099795e-01 5.621644814092654485e-01
1.254370606810283562e+00 1.045890522659961297e+00 7.946102973959155991e-01 7.158160195831466677e-01 6.467175898037973436e-01 5.653121614250530280e-01 4.986178695737729649e-01
1.793568281620523663e+01 1.794574471950626915e+01 1.795668105625270883e+01 1.939464687910755814e+01 2.077430449191549400e+01 1.458235147487821060e+01 1.099045343223206039e+01
1.104969322558478906e+00 1.007754370915001196e+00 9.266747318030453817e-01 8.036009995414097329e-01 7.314460230455058776e-01 7.212634546506311306e-01 7.122771725969999634e-01
5.501691627607591784e+00 5.275070893561260910e+00 5.072407747624037455e+00 5.072211840682625095e+00 5.072017726246458302e+00 4.914476309534625997e+00 4.766500950037894313e+00
5.426125749036508239e+01 5.551208074568485529e+01 5.691055764882596435e+01 5.457988507689899649e+01 5.232733380964238279e+01 5.196873033814149778e+01 5.161199084179879293e+01
9.744282246534825553e-01 9.053895136415633926e-01 8.408751284030073769e-01 8.458246081979500230e-01 8.507464930940038528e-01 8.230450015216345117e-01 7.988749866567460556e-01
5.622256716719321368e+00 5.480559827197520661e+00 5.337734290375750312e+00 5.325135345833771794e+00 5.312588811658748078e+00 5.077959491826945282e+00 4.859370739975798159e+00
1.450182402417979688e+01 1.477760214275004458e+01 1.508593453709267429e+01 1.450030517397298979e+01 1.393430539351165010e+01 1.384240620363335417e+01 1.375098469403593349e+01
1.479933131067667773e+00 1.301802778698782026e+00 1.152871656088971797e+00 1.102412282910701702e+00 1.063638904197804491e+00 1.033912132926370742e+00 1.007819992876298310e+00
3.191851398705310761e+00 2.571531445510469638e+00 2.060253987753310589e+00 2.039966414392108796e+00 2.019445896411842245e+00 1.938693719458319809e+00 1.861192926633796763e+00
8.091567628971105819e+00 8.136503092984739283e+00 8.182038831914280053e+00 8.411746902401278092e+00 8.626442661837472770e+00 8.755804661622448748e+00 8.890494479278361339e+00
1.907912566544247568e+00 1.764092433128154669e+00 1.616686153394644165e+00 1.467363263876910295e+00 1.350401823406620849e+00 1.211273413080886874e+00 1.092762730284643213e+00
5.791087931820198875e+00 5.304925116724351852e+00 4.864227589735307333e+00 4.588871909389611758e+00 4.333335076601093405e+00 4.111280927513621286e+00 3.901927623384182198e+00
1.488587931700510625e+00 1.349900720060953407e+00 1.192950353164113020e+00 1.055852890427732449e+00 9.252027072112719575e-01 7.075165733444089833e-01 5.194601574739190486e-01
4.145776866278872319e+00 2.966615692602772025e+00 2.288288606125780777e+00 1.953186195605164155e+00 1.716488799101291596e+00 1.676644528348403496e+00 1.639299274711093046e+00
2.844545099262164367e+00 2.534729048585694144e+00 2.239389921284462570e+00 2.144433623805301448e+00 2.055414074849453598e+00 1.995097214161547949e+00 1.936758450096132567e+00
1.714308505330524568e+01 1.710903768183062823e+01 1.707739031314808997e+01 1.586784511681389809e+01 1.477551109998911905e+01 1.419144809834463139e+01 1.360950422624224387e+01
3.418344309351824428e+00 3.073031865460090550e+00 2.786114927875110059e+00 2.378217335215685679e+00 2.097902561451824077e+00 2.001777627891317302e+00 1.916544133197216615e+00
2.027308209187363541e+00 1.794146933821317402e+00 1.595961207940312487e+00 1.498307322539163433e+00 1.414968437829946746e+00 1.352630988721552185e+00 1.294909255439762319e+00
6.427557411468358239e+00 6.417442249656089004e+00 6.406971560384850939e+00 6.316953258388448234e+00 6.234058716752988616e+00 6.218605761873305049e+00 6.203775877772176095e+00
5.040364954151971943e+00 5.853221950212455837e+00 7.393400045301683932e+00 7.128593159414005065e+00 6.879260319313670102e+00 7.346352000910112423e+00 7.927455498374840204e+00
1.102286278830878352e+01 8.695584223118427047e+00 7.130743993905556799e+00 7.431082496221427469e+00 7.743800513434734079e+00 7.710254278786795368e+00 7.677011853294932742e+00
2.429068529735090909e+00 2.062045025414450006e+00 1.700436262297162049e+00 1.798738933291928577e+00 1.893182762014909093e+00 1.863770168316832843e+00 1.832794763752295664e+00
