3.796863591160782647e+00 3.612539515080203767e+00 3.436691054871663376e+00 3.339748851820577791e+00 3.251871737400380713e+00 3.268516152635581484e+00 3.285443485034361455e+00
1.812560608776464477e+01 1.636665846719988338e+01 1.498305823158739258e+01 1.395201565123148413e+01 1.301894166050936086e+01 1.218817212418576013e+01 1.140675398711628219e+01
2.692694739393559633e+00 2.217313970769517084e+00 1.837419855002833780e+00 1.720005122035445089e+00 1.615851864367005009e+00 1.560029856907757972e+00 1.507048955383176958e+00
1.072733496788267971e+01 1.404825418847394936e+01 1.726494438099750184e+01 1.759722273965684280e+01 1.791423503328591949e+01 1.806222536319297589e+01 1.820928210807892356e+01
4.475084693752672926e+00 3.272668566765467801e+00 2.468622435085897404e+00 2.378164096611372180e+00 2.294539430416841164e+00 2.067835051928622381e+00 1.865621440360086591e+00
1.254285153989408708e-01 2.548851772286330752e-01 3.053653668589199621e-01 2.982075888126426433e-01 2.916719537283947172e-01 3.124761761889436329e-01 3.313761660388458430e-01
9.477474987079096413e-01 8.604657131155381000e-01 7.900673436209846301e-01 7.461757508351236634e-01 7.068329482436840339e-01 6.834562790778505592e-01 6.608207965983096122e-01
0.000000000000000000e+00 0.000000000000000000e+00 0.000000000000000000e+00 0.000000000000000000e+00 0.000000000000000000e+00 0.000000000000000000e+00 0.000000000000000000e+00
4.960304834426482401e+00 4.142496428072568015e+00 3.526717665650144440e+00 3.158358419133772355e+00 2.870193795812746806e+00 2.896558476111430913e+00 2.923636901039111002e+00
2.357106201818888191e+00 2.278061024848372806e+00 2.180207129384152953e+00 2.011917598445057465e+00 1.865172276791123407e+00 1.719089199944325630e+00 1.588549538723433407e+00
2.283766426342471068e+00 1.068209247077023027e+00 6.590593672684498250e-01 6.634728709476964692e-01 6.676550826942395656e-01 6.360434373238381678e-01 6.055350063408282413e-01
1.704383438414055485e+00 1.287827461688517028e+00 9.240984719134864855e-01 8.669529541203937484e-01 8.116679990746455964e-01 8.048156092950233820e-01 7.981802172216903024e-01
2.159065463775313276e+00 1.503833738628889805e+00 1.011885035099421293e+00 1.000033736265923956e+00 9.879658584506181285e-01 9.443302967180591256e-01 9.026976507850063003e-01
4.682783333138853088e+00 3.462620590937243836e+00 2.687485023164013054e+00 2.558775180592281373e+00 2.440892854891810959e+00 2.374161396161992510e+00 2.311913958365546584e+00
1.249470307864688268e+00 8.349811596302162409e-01 5.273651569493364999e-01 4.839036950671531945e-01 4.400896669862505717e-01 4.312638018799799799e-01 4.232352930842393501e-01
2.880753428317940124e+00 2.610183528265502151e+00 2.345546134755265744e+00 2.369376696540197447e+00 2.393458320625056590e+00 2.365065774594071968e+00 2.336200991669726612e+00
1.032468750637376864e+00 7.027444243776400645e-01 4.875398420957973156e-01 4.608832860245952734e-01 4.341846593678244659e-01 4.113999818118302954e-01 3.901363902180522980e-01
1.764848385422654786e+01 1.781512926081077097e+01 1.798369603861451083e+01 1.733095245351922742e+01 1.673071808531691929e+01 1.474831210265606884e+01 1.314218342302858389e+01
3.220712082210543947e+00 2.991412665606042243e+00 2.786111881423091408e+00 2.834204864724793715e+00 2.883725463241395559e+00 2.776414661226929592e+00 2.677202703564321329e+00
8.444939563256151915e-01 8.366189828533082684e-01 8.285993424100437377e-01 8.373859543498365365e-01 8.466633087417383408e-01 8.211048240633143092e-01 7.957832521537073767e-01
3.583143647867328863e+00 2.440421728323597161e+00 1.694569213046084988e+00 1.610305386801099026e+00 1.539066622436585430e+00 1.532566684148892966e+00 1.525931406790345557e+00
3.189671570015270241e+00 2.903289037515843773e+00 2.634190855164027845e+00 2.457236946049471626e+00 2.299179737107288624e+00 2.165318985440548794e+00 2.043611652940263479e+00
8.406843700032856859e+00 8.112292321309798382e+00 7.829648695888178800e+00 8.337492993303124322e+00 8.890769956469005919e+00 9.000041042488087228e+00 9.111182248469900102e+00
5.119930949857810276e+00 4.178295799108306952e+00 3.415564137821426982e+00 3.180957214524974042e+00 2.978426108785559467e+00 2.903670833550965114e+00 2.832625877967259509e+00
1.647348525965406374e+00 9.255873542711408053e-01 5.269426485599816301e-01 5.133647569520140008e-01 5.010996112874334107e-01 4.630203698162614900e-01 4.282900224094411401e-01
1.219861384641037994e+00 6.708409226100403577e-01 3.464238394302565638e-01 3.074922701259016344e-01 2.742598596433749591e-01 2.461481464462687285e-01 2.220739640102375456e-01
1.714808678247674578e+01 1.468138856607317955e+01 1.272394300653421517e+01 1.377720523337898406e+01 1.470271472981011840e+01 1.333948645897052465e+01 1.218838815214142279e+01
1.075392053544275583e+00 9.696062709545520963e-01 8.775088612474489791e-01 8.093980549125384671e-01 7.538323285951920028e-01 7.126325741996133445e-01 6.737683042680718826e-01
5.643014565466878629e+00 5.411881957060384885e+00 5.205217361231750495e+00 5.157088418210082459e+00 5.110297644598073674e+00 5.038828837322370191e+00 4.969319727486504412e+00
1.050717140292498186e+01 9.679518372636787049e+00 8.880714745805700971e+00 9.068456820053553358e+00 9.256681937613254973e+00 8.962545153663711517e+00 8.680686760332156027e+00
9.122675079303274037e-01 7.954559645290183445e-01 7.058742455813691308e-01 6.679014218348812149e-01 6.332612765595078130e-01 6.172598483336776409e-01 6.021630531168821188e-01
5.705197020129667784e+00 5.011653452055806035e+00 4.429575724977162565e+00 4.461053436943025474e+00 4.492990355897699573e+00 4.435460583911485344e+00 4.379092503503243528e+00
5.796768065071009168e+00 4.899591737328678143e+00 4.127525452338673517e+00 3.937269325639955575e+00 3.763198132141650554e+00 3.570363123451890441e+00 3.391733527399069192e+00
1.508649554974774709e+00 1.441199106003081321e+00 1.373496868838318230e+00 1.358792297954937833e+00 1.344693935374208449e+00 1.288116081765888987e+00 1.234613913696963827e+00
3.020406880163445162e+00 2.304872445874889042e+00 1.752294506945825336e+00 1.678061008979685242e+00 1.607410627335028375e+00 1.584711522431277775e+00 1.562736024426714998e+00
5.642232452084473771e+00 5.641162319491586530e+00 5.640143327181718291e+00 5.684724596539719954e+00 5.726540627096809111e+00 5.644499929563562723e+00 5.563746981042877238e+00
1.930617519781631763e+00 1.788663078096002224e+00 1.622952018266280882e+00 1.577906741858732032e+00 1.536254222630203614e+00 1.414255903142452864e+00 1.304857884685473923e+00
5.838905634167571357e+00 5.478630331528002273e+00 5.122781311172808216e+00 4.982646947709338470e+00 4.849301426056653597e+00 4.707584019560474786e+00 4.571848545624460414e+00
1.483055741894263813e+00 9.709302265212257366e-01 6.221898388662933099e-01 5.525038756162578002e-01 4.907942659301784416e-01 4.184702857433469370e-01 3.552069932309313005e-01
4.139285088974799187e+00 2.525206038553246657e+00 1.713453745491647418e+00 1.695451437118359994e+00 1.677658535855035549e+00 1.655791195358477852e+00 1.634323003293840948e+00
2.546055436236445146e+00 1.890891573742585097e+00 1.434487197484992871e+00 1.342065731503294002e+00 1.256799372381571134e+00 1.189906136366674971e+00 1.129810349387953439e+00
1.635335211828781254e+01 1.586943739552789978e+01 1.542504971764134858e+01 1.528828730628410604e+01 1.516166425371530124e+01 1.463806453444849254e+01 1.412565929981533408e+01
3.394631600668425175e+00 3.132478797659448588e+00 2.910412282182359700e+00 2.969999022019133239e+00 3.032934434913527877e+00 3.075058477653731082e+00 3.119063887353026310e+00
2.012734032424173147e+00 1.741935410686588970e+00 1.518223737339271739e+00 1.457009721019562942e+00 1.401415562582707386e+00 1.364477951546796852e+00 1.328683906108722113e+00
6.230632014412684327e+00 6.260765184438505493e+00 6.291213759662451999e+00 6.102349356484925380e+00 5.928949877758430631e+00 5.333413320555931314e+00 4.835897800668912616e+00
4.129170823896177289e+00 4.102394528335276291e+00 4.066083916019883837e+00 4.200561904397031476e+00 4.333349421420187753e+00 4.287224203909946851e+00 4.238353013727344631e+00
4.015436996920615620e+00 2.991774640528816587e+00 2.318648141742346347e+00 2.259996489171274714e+00 2.205625699677713047e+00 2.203935452479419688e+00 2.202260559080509772e+00
2.309320846418331463e+00 1.649524941980379023e+00 1.172305463000105297e+00 1.233988071972666356e+00 1.291665933719424286e+00 1.227200497541645507e+00 1.166405912116108778e+00
