4.100045181610281197e-01 3.518410124628856828e-01 2.921365917951295188e-01 2.598014835339634288e-01 2.274705134638180248e-01 2.126740301634411634e-01 1.980332762105103950e-01
2.999196034388862953e-01 2.044914027678919055e-01 1.299795591962862318e-01 1.186301517459279614e-01 1.083207491999232941e-01 1.036721262741184535e-01 9.938427929940095440e-02
4.270928225482722440e-01 3.317750531395264879e-01 2.414870237490326366e-01 2.121597898353723699e-01 1.875023995620349326e-01 1.556223768738929647e-01 1.255265283109900654e-01
1.726569329301263223e-01 1.529183274394946002e-01 1.342094574478386870e-01 1.367455723862083528e-01 1.390854896356880088e-01 1.339053094477880845e-01 1.287915127406827343e-01
3.006514973740188057e-01 1.127464920246389057e-01 1.745754289497481598e-02 1.682929431458058886e-02 1.625434757334486002e-02 1.817465491333790720e-02 2.011341501277221638e-02
1.930536812833388849e-01 1.587480851811655103e-01 1.411020047339254790e-01 1.334391099661204894e-01 1.269231048817212326e-01 1.281130603929545031e-01 1.292328187456270594e-01
2.672657784491922484e-01 2.227506526666606090e-01 1.897387163762954410e-01 1.822976211204896668e-01 1.759283411794536622e-01 1.667045390096857094e-01 1.579741451933294738e-01
0.000000000000000000e+00 0.000000000000000000e+00 0.000000000000000000e+00 0.000000000000000000e+00 0.000000000000000000e+00 0.000000000000000000e+00 0.000000000000000000e+00
4.050949894161137155e-01 2.780777712699929460e-01 1.654844522702558773e-01 1.483718923016519309e-01 1.333741035621668902e-01 1.260727315564393880e-01 1.189252295636388929e-01
3.682087394909812073e-01 2.078613167090635760e-01 5.888641001567524597e-02 4.309631714376642442e-02 3.126593794306698620e-02 2.996813041504476846e-02 2.872422126922243718e-02
1.457751140432270720e-01 7.869664888169175532e-02 3.129613228912934281e-02 2.881213641386773730e-02 2.665680431607828776e-02 2.182595117433118112e-02 1.791197934454307264e-02
3.605859542401518292e-01 1.865293067414992567e-01 4.761040281285784659e-02 3.925660554249228718e-02 3.112987784360041546e-02 3.101005090891740396e-02 3.088750706628407700e-02
7.084740952032048122e-01 4.327153945490890830e-01 1.949527979458463567e-01 1.702832364740368698e-01 1.453467403731984187e-01 1.336075832010289732e-01 1.228134601368003065e-01
4.862807402213204511e-01 2.910432322779051839e-01 1.374275287591781025e-01 1.026104879105298184e-01 7.086541483161666599e-02 6.408953714049808736e-02 5.728381157599084922e-02
4.928734174359212239e-01 3.333084101001604349e-01 1.449096342498966128e-01 1.117003102346121185e-01 8.051928886558182286e-02 7.570800527399028368e-02 7.065383524130421089e-02
4.785419015119587449e-01 3.473743324494577567e-01 2.142019889476025341e-01 1.999671360434243372e-01 1.860545775877938957e-01 1.678643258515348791e-01 1.521050689839417436e-01
2.966247041387026773e-02 2.855560063235849932e-02 2.748655454457079109e-02 2.688155661343573713e-02 2.629801482240224156e-02 2.549733233985572792e-02 2.471572415151160329e-02
5.377802365750243563e-02 3.195350687162513970e-02 1.298033891056922171e-02 1.207134102904546154e-02 1.129093250057673983e-02 1.098287732477637446e-02 1.071460213904100976e-02
3.608763863663640437e-01 2.676438560516142817e-01 1.939176977113533928e-01 1.726629757743737559e-01 1.539594852690499005e-01 1.442216389922403585e-01 1.347278355000521843e-01
3.024343171295050259e-01 2.974707167372926953e-01 2.927351682551468381e-01 2.774232480811488211e-01 2.603070929475843620e-01 2.489121888783736580e-01 2.367654176986016823e-01
5.327414932479284104e-01 3.103025273249742644e-01 1.245533845763315134e-01 1.145849574985746827e-01 1.049362134150226000e-01 9.750971522969278937e-02 9.058112538411972059e-02
3.617217855078013744e-01 2.457310245349777489e-01 1.280214527955451653e-01 1.050274585375950143e-01 8.419096561948941071e-02 7.288212353511910879e-02 6.211549775001656837e-02
4.172253285041814252e-01 3.155999081921901928e-01 2.261259123053940834e-01 1.985193838696066027e-01 1.671383969029704153e-01 1.581064991503559891e-01 1.484802891815968640e-01
5.596301534679501977e-01 3.639892947731576123e-01 1.614225542050959916e-01 1.248484306257135745e-01 9.261466645911513307e-02 8.596884398054596699e-02 7.932418639496774393e-02
3.006514973740190833e-01 1.127464920246389751e-01 1.745754289497482639e-02 1.682929431458059580e-02 1.625434757334487043e-02 1.817465491333791761e-02 2.011341501277222332e-02
4.100048158343855831e-01 2.896169625572920237e-01 1.226090332624725221e-01 1.047293296797858347e-01 8.808366221528592110e-02 7.806457569615884995e-02 6.902827165082676963e-02
5.161824503621430249e-02 4.907127252942268536e-02 4.670558667208431908e-02 4.139546522520481941e-02 3.703953589864744655e-02 2.475384065591363508e-02 1.643905806865565006e-02
2.163599460593538526e-01 2.320713616361030629e-01 2.445044057039660046e-01 2.361650501310803008e-01 2.310261603066992575e-01 2.057277436562384154e-01 1.809205148344161518e-01
1.473482845170402400e-01 1.274851573193718501e-01 1.095036378147693223e-01 1.031479829962247963e-01 9.743550625586394620e-02 8.442234370071582950e-02 7.175510276488973604e-02
8.969684339560400621e-02 7.612289963459642483e-02 6.293709708583834772e-02 6.558944301415407796e-02 6.814182032414496659e-02 6.847744189309386276e-02 6.882114325944345412e-02
1.297130462674469121e-03 1.171704937015303214e-03 1.068396730626369837e-03 1.120928169864935930e-01 1.783389849644112790e-01 1.765986135785993782e-01 1.750419950215850451e-01
4.474907791180188221e-01 2.614623687534088914e-01 1.179932430558461448e-01 9.751183684322922707e-02 7.825131374630597825e-02 7.435064427837610734e-02 7.048825012246408284e-02
1.487875255959346388e-01 9.779974938376710669e-02 5.310503945830175737e-02 6.354703170000509937e-02 7.135600018960132351e-02 7.220816480323120901e-02 7.298641512675002607e-02
4.503967102088365371e-01 3.568299909011169446e-01 2.779577427410647172e-01 2.814342195094614585e-01 2.842659605937070122e-01 2.650279237015952805e-01 2.474396778652300788e-01
3.384908694695110132e-01 1.908479595425273678e-01 6.243361915324573130e-02 5.729072393533284763e-02 5.218600725427494091e-02 4.834914025809369797e-02 4.489216020124431328e-02
8.933326138576279385e-02 8.293652799099847372e-02 7.652862521658281014e-02 7.463560540326985571e-02 7.288857893693469203e-02 6.049269926700594213e-02 4.901626811462616445e-02
4.712729465154445463e-01 3.862158836131418527e-01 2.765555248555453538e-01 2.585160807903948976e-01 2.416689875130922094e-01 2.102676378063916274e-01 1.837687542512558836e-01
4.411214614159172376e-01 2.694256405531613718e-01 1.103364209649915356e-01 9.076671940054355237e-02 7.287866817319946233e-02 6.954036708504411635e-02 6.628761318079545717e-02
4.491206733360783576e-01 3.258850176937763132e-01 1.919653832295296625e-01 1.611554607932050576e-01 1.336446533461366215e-01 1.114327259149732741e-01 9.105662160857300180e-02
8.339672013132748418e-01 4.922988926918589470e-01 2.710198458930759835e-01 2.315668508078785326e-01 1.910063559382085829e-01 1.844341966418675538e-01 1.779099543301007613e-01
2.966247041387028854e-02 2.855560063235851667e-02 2.748655454457080149e-02 2.688155661343575448e-02 2.629801482240225891e-02 2.549733233985574526e-02 2.471572415151162064e-02
4.373266273045078867e-01 3.649979367834320088e-01 2.973836224152594521e-01 2.883300430316543816e-01 2.801525411249576880e-01 2.606448925433687003e-01 2.414011155020763799e-01
5.806337529299306771e-02 7.100658503752342587e-02 7.965078319223888037e-02 7.304997243865316014e-02 6.629770871844900548e-02 9.977174397394618366e-02 1.271895829937556288e-01
3.923446959144336610e-01 2.963489869027844392e-01 2.178171886439308758e-01 1.918683334999780610e-01 1.689917196447846270e-01 1.576903833623132523e-01 1.467639838888481207e-01
5.960577446961140557e-02 3.981021730446360901e-02 2.221987446778015546e-02 2.087459168117700159e-02 1.970778900419007176e-02 1.756189132767288844e-02 1.567781671992063072e-02
6.481312982920397481e-01 3.846857915273290685e-01 1.234899316882299425e-01 1.012610643678767131e-01 8.394158104022245159e-02 8.090385540845279611e-02 7.788790059254847853e-02
2.486563489007914962e-01 1.660979418955041143e-01 9.447683873736646698e-02 7.962447386101699498e-02 6.481212403835173719e-02 6.267564097760996988e-02 6.056627411598260180e-02
6.558866016684444800e-01 4.583180554918996896e-01 2.602438035103121772e-01 2.571978615913496080e-01 2.542846462547457831e-01 2.424255283528691240e-01 2.295884115218890242e-01
