4.011895758473823292e+00 4.015003962129798154e+00 4.018249242928957798e+00 4.133807089000591795e+00 4.254803557048403739e+00 4.168191038880494581e+00 4.084730497944542904e+00
1.674119376119475699e+00 8.871272570184992601e-01 4.125253783355679049e-01 6.211171542595208539e-01 8.051041895710793206e-01 7.896232086519884286e-01 7.749179805141481747e-01
2.827514413367661295e+00 2.561546028159612298e+00 2.317541082942302655e+00 2.139134405347066448e+00 1.985066202597058460e+00 1.886310530480356462e+00 1.793075182017451308e+00
1.113951698850728178e+01 1.455254365921720172e+01 1.783746000565558631e+01 1.796230101015380498e+01 1.807890871516806897e+01 1.815314382984364272e+01 1.822577228403781646e+01
4.637791797453428622e+00 3.688527915987994010e+00 2.940955326631800038e+00 2.766859923499264795e+00 2.616756346774305797e+00 2.376043779789014376e+00 2.162280486244938071e+00
1.607443628172292027e-01 3.337393184558393178e-01 3.945653565027463783e-01 4.126922116414471486e-01 4.272149875500578231e-01 3.516241637654801688e-01 2.876065178062982008e-01
9.769604250134403811e-01 9.119893806008109172e-01 8.558865755206586101e-01 8.120744758676192721e-01 7.697198279438148827e-01 7.492949777708125536e-01 7.270937448399347192e-01
0.000000000000000000e+00 0.000000000000000000e+00 0.000000000000000000e+00 0.000000000000000000e+00 0.000000000000000000e+00 0.000000000000000000e+00 0.000000000000000000e+00
5.167169523443165602e+00 4.780314170546276387e+00 4.428955053086910176e+00 4.176744515250185863e+00 3.954500356663354754e+00 3.891356265828421535e+00 3.829679112980515221e+00
2.395821575228858080e+00 2.126789800956666809e+00 1.858424763904337196e+00 1.639857060939654554e+00 1.456424775039038666e+00 1.329602161900818258e+00 1.218480431532373842e+00
2.280434430559037828e+00 1.034089251123136100e+00 6.228309818994003377e-01 6.414626207789686507e-01 6.547068144037950788e-01 6.058423614017122150e-01 5.619544504607123514e-01
1.090149330744764722e+00 7.368527726085525309e-01 4.231072335129163475e-01 3.787597476790219853e-01 3.350229993815648233e-01 3.257888237216343685e-01 3.168380398987909463e-01
2.204394359314824747e+00 1.551265917029505337e+00 1.051274148168361178e+00 1.026346801961218969e+00 1.000197098024666831e+00 9.532690099395896288e-01 9.096234210817479848e-01
4.890099271703030048e+00 4.541732475195883190e+00 4.215900049982690412e+00 3.845521996818765942e+00 3.524007916239609184e+00 3.409040944527310213e+00 3.300701397966172124e+00
1.274262354222244431e+00 9.121186998633508125e-01 5.672799120768540204e-01 4.963643729397864135e-01 4.280818351085065587e-01 3.773484045011611943e-01 3.328432129224412339e-01
2.943155963651316931e+00 2.698230205247130087e+00 2.454102179137537476e+00 2.349024028530288355e+00 2.251734988295485351e+00 2.186456830597167222e+00 2.124629503696696009e+00
1.131132458902542437e+00 7.356790684131396807e-01 4.874343925289198465e-01 4.184454676675758988e-01 3.615785805650762463e-01 3.459055407302878415e-01 3.306649147065355843e-01
1.783737249063867480e+01 1.814703669648455531e+01 1.847181991751117991e+01 1.656305927241588094e+01 1.503284403551783299e+01 1.364753133995629497e+01 1.246785637483348985e+01
3.311083800778765074e+00 3.014741881998919126e+00 2.756332183047242257e+00 2.736438289396434520e+00 2.716866508966166549e+00 2.642538738604179649e+00 2.572944868374539951e+00
8.221465488103015806e-01 7.667853731697580333e-01 7.228684745792238742e-01 7.435781720506751125e-01 7.581102428887207534e-01 7.587344656918303398e-01 7.592622408681262147e-01
3.722874409526148121e+00 3.143491830258636988e+00 2.620700973970220726e+00 2.648851381963621243e+00 2.677822510457417593e+00 2.607809108250561891e+00 2.540257028374413917e+00
2.803129020866939047e+00 2.241594766302943853e+00 1.792904304336329080e+00 1.780070980555038762e+00 1.767238501111151994e+00 1.662921996527473301e+00 1.564863339915347318e+00
1.297730292844518019e+00 7.860264038106118401e-01 4.760525440001405206e-01 3.994492626214017905e-01 3.332123768204166558e-01 3.212605466682120214e-01 3.089149908255989230e-01
5.456331331450727795e+00 5.234165525832395360e+00 4.995136955819551972e+00 4.594570810761910984e+00 4.252460685070031943e+00 4.105739043594629933e+00 3.968457885809315133e+00
2.290107851661466132e+00 1.239068681700978614e+00 7.354322803343037451e-01 7.145185867687104952e-01 6.976574420698959944e-01 6.681823106514580557e-01 6.413325026457666889e-01
1.204192036939501387e+00 8.571673743721937022e-01 5.501914068736694086e-01 5.334174573812781039e-01 5.168839260965717441e-01 4.685072480606523038e-01 4.253334424796011426e-01
1.750819715765202744e+01 1.382647409753898771e+01 1.128050024750233327e+01 1.182076670798687346e+01 1.225429748676102371e+01 1.136512871594185548e+01 1.060067314807927019e+01
9.880275620202285669e-01 8.298860052939601717e-01 7.031037631873719995e-01 6.292888076719168611e-01 5.726944829012926563e-01 5.070703717854379011e-01 4.482362611848433320e-01
5.801015497826693235e+00 5.475394915978936794e+00 5.193072441088873781e+00 4.959439734429752278e+00 4.747713540224562045e+00 4.811498237626085306e+00 4.877062892235727531e+00
2.015475997876932657e-01 1.751307069284074314e-01 1.483476905626104070e-01 1.420904946632887689e-01 1.356227837943832504e-01 1.247551191144335853e-01 1.141878132015139574e-01
1.210620297210970753e+00 1.100942405166701832e+00 1.008694101709119328e+00 1.012699183588576357e+00 1.016748401948903258e+00 1.031659723139015883e+00 1.047012273267734939e+00
5.796753140344050870e+00 5.452906985401125617e+00 5.128023261977264546e+00 5.161825896979987505e+00 5.196237034424489920e+00 5.154888190432630246e+00 5.114051675038547629e+00
5.896665489169171437e+00 5.517591067324863374e+00 5.136289677023864186e+00 4.712306690811946197e+00 4.365792196389956636e+00 4.182854816799973285e+00 4.008102022116149854e+00
1.541627970861650043e+00 1.472348881000825171e+00 1.404632505611713489e+00 1.272604336206344167e+00 1.180618799736317559e+00 1.136662991348604157e+00 1.100450298351954626e+00
2.643399295957495454e+00 2.090665019400989699e+00 1.619037859543775104e+00 1.543021291113127580e+00 1.471309142345862853e+00 1.405071501686587343e+00 1.342484833476044859e+00
5.755768221540809471e+00 5.874898675612226562e+00 5.993403549140246867e+00 5.952629833435770124e+00 5.915397493661633810e+00 5.650919370209966708e+00 5.408822395998246435e+00
1.949195934397025987e+00 1.830049929909406181e+00 1.693812164308609480e+00 1.607538868905498797e+00 1.527308011537849897e+00 1.431207208966336797e+00 1.344842864634138602e+00
5.921211743510855108e+00 5.773584078401002628e+00 5.620795340359283188e+00 5.417907160323684579e+00 5.224067803697204582e+00 5.009531146492903098e+00 4.808989136963665700e+00
1.287509310047090016e+00 9.463259850088951985e-01 6.227012669063431982e-01 6.004107386940024105e-01 5.786715277685116066e-01 5.264205729348673257e-01 4.814478969483728665e-01
4.123410052083011479e+00 2.596145164525115678e+00 1.812079346232650545e+00 1.780730013718681892e+00 1.748652422541766782e+00 1.711377000673829807e+00 1.675159021123290737e+00
7.553528485257763325e-01 6.134377490358092766e-01 5.164102625312991801e-01 4.626845121938571448e-01 4.231049265080827348e-01 3.946322987497813406e-01 3.700675819918236575e-01
1.687193359270009552e+01 1.715926941965571828e+01 1.744186146509066049e+01 1.676629400246245183e+01 1.618382559127602960e+01 1.539654553160491979e+01 1.464394167486515741e+01
3.396302520111650125e+00 2.805456604841312540e+00 2.397565219711297324e+00 2.437142841462757392e+00 2.479781687824381464e+00 2.464968156879680183e+00 2.452057884888477979e+00
6.508027200251572664e-01 1.650843667246197077e-01 7.557374089639871950e-02 6.839503276011177357e-02 6.246443769028012238e-02 5.803648939423117908e-02 5.384143613509830006e-02
6.288887515334667278e+00 6.362601025400030252e+00 6.439336180615457650e+00 5.861481698213657054e+00 5.392287316424967614e+00 4.922822641293469026e+00 4.523602059192074698e+00
4.207399184487878863e+00 4.034472054882131786e+00 3.828260309460777666e+00 3.532562761499684623e+00 3.283039464035651278e+00 3.270695762088947411e+00 3.258083541789082993e+00
2.092463993026808744e+00 1.820811164905777879e+00 1.572016312308152086e+00 1.535393944563281377e+00 1.501899686705787440e+00 1.486470836638664084e+00 1.470848448211561799e+00
2.329276981151860770e+00 1.825570075195310116e+00 1.370644135685360920e+00 1.473747605952276940e+00 1.565267253941581727e+00 1.525459466220987270e+00 1.486969800362927030e+00
