3.799006885299340386e+00 3.666911174368487902e+00 3.541200708312483236e+00 3.421275622773171321e+00 3.313925478749173870e+00 3.381021763678475622e+00 3.450315034973613137e+00
1.809522768119375868e+01 1.709476248901807693e+01 1.625822173613859789e+01 1.465750590155778710e+01 1.324738164995048173e+01 1.265961247356434782e+01 1.210383145077794076e+01
2.691444351489225451e+00 2.249583263063912320e+00 1.889301665457000512e+00 1.748008615040347102e+00 1.628238266684671309e+00 1.580965163585291933e+00 1.536000200435779339e+00
1.074791846664235706e+01 1.407241350199182861e+01 1.726079879454411525e+01 1.777405961833870407e+01 1.826997571643208929e+01 1.851157379078137666e+01 1.875516003403391707e+01
4.486440575544751397e+00 3.337891869504399533e+00 2.577978613526093810e+00 2.491675731717498898e+00 2.410487889765552616e+00 2.246964051599027901e+00 2.101305027687778715e+00
1.374055015181193662e-01 2.700992229495303709e-01 3.206558984963919223e-01 3.109269708884209171e-01 3.026038481926279777e-01 3.259877047515292725e-01 3.477330222860618436e-01
9.461410614089424964e-01 8.610153056705242003e-01 7.921062526732179920e-01 7.523288914735866140e-01 7.163911812361377640e-01 6.842622013052021002e-01 6.552552591146579841e-01
0.000000000000000000e+00 0.000000000000000000e+00 0.000000000000000000e+00 0.000000000000000000e+00 0.000000000000000000e+00 0.000000000000000000e+00 0.000000000000000000e+00
4.956973353664779758e+00 4.238993826699049450e+00 3.694239899592698162e+00 3.288216491235638639e+00 2.973883514879574363e+00 3.002321811443581456e+00 3.031353167119124059e+00
2.352365905398813517e+00 2.338425231770166146e+00 2.321296416381442018e+00 2.315403616927937502e+00 2.309618548575760322e+00 2.209648565465796466e+00 2.116612446258428815e+00
2.291359962767089531e+00 1.095802584371871502e+00 7.001954891183806984e-01 6.996300548513595396e-01 6.990885087444099755e-01 6.504004672712931923e-01 6.074748575612123336e-01
1.705627432217599715e+00 1.302943350231549280e+00 9.543225024162109715e-01 9.143132282945586331e-01 8.751047765511636989e-01 8.550079114277409076e-01 8.358874214069299535e-01
2.160169811495134873e+00 1.535630085104814357e+00 1.075239119525797982e+00 1.065606344848350595e+00 1.055963962756939267e+00 1.066523891909488375e+00 1.076914659667685514e+00
4.683573988027361246e+00 3.462999429585780220e+00 2.695931018456939832e+00 2.632705490593342468e+00 2.573117487014117799e+00 2.491904367185917124e+00 2.418431902255922417e+00
1.252004276624718582e+00 8.514364333005143282e-01 5.618782768558876484e-01 5.448605526832754897e-01 5.275241146253730751e-01 5.093124936574976447e-01 4.929979712172099515e-01
2.876626304008619073e+00 2.673521734918093085e+00 2.475949469648455192e+00 2.484526719777209625e+00 2.493107750017186319e+00 2.476928675826935322e+00 2.461133111274861118e+00
1.032477183835972978e+00 7.229240546235096154e-01 5.215295240738500038e-01 4.924309198890958195e-01 4.630358676949898888e-01 4.511633146386360149e-01 4.400438964302948452e-01
1.764020904822059066e+01 1.798193789035381229e+01 1.832828773604138561e+01 1.742521900377290223e+01 1.661667599120846006e+01 1.516533715669142524e+01 1.394259188916439385e+01
3.188187164367248361e+00 2.996715483645786549e+00 2.824128225096100842e+00 2.883479245723970408e+00 2.945079075334156471e+00 2.874504054082205773e+00 2.807482428590939882e+00
8.413729057899613784e-01 8.349567521323078001e-01 8.284155600680402909e-01 8.374352248146300637e-01 8.469696363707266418e-01 8.291668267586260743e-01 8.118598096695640587e-01
3.570941020466344540e+00 2.436544852834220176e+00 1.700661629988537760e+00 1.675152722358701940e+00 1.653706290816764124e+00 1.640364754741532982e+00 1.626657104078547134e+00
3.192614125069629605e+00 2.908855767854076291e+00 2.644251671697540385e+00 2.460483782716656354e+00 2.298054730027255133e+00 2.253271676864986528e+00 2.211464778705368506e+00
8.426725908832391809e+00 8.089106426887758161e+00 7.774307761672803352e+00 8.373611205333064689e+00 9.040994556988987796e+00 9.225900238620624805e+00 9.414989872828652295e+00
5.102557637408020597e+00 4.165910378618433718e+00 3.414328927772990241e+00 3.220342167887169982e+00 3.048150428864099926e+00 2.957813718750368359e+00 2.872571836555114722e+00
1.650724015990657323e+00 9.630302691848466878e-01 5.859932572922313954e-01 5.665142039102535332e-01 5.488221535087047798e-01 5.256332982938745069e-01 5.047881078280320732e-01
1.222759642747553555e+00 6.844754106838313312e-01 3.625158081343652916e-01 3.251331438474567848e-01 2.932674469866008993e-01 2.734705027948381995e-01 2.557208254085760468e-01
1.724108008507235112e+01 1.451929664106038942e+01 1.245086946335627331e+01 1.287367438113293083e+01 1.321488360171457366e+01 1.215482951525924094e+01 1.125271289526241958e+01
1.087664823056838870e+00 9.885558823727274014e-01 9.009504508443120230e-01 8.382075881671720019e-01 7.869655468257253927e-01 7.506734134642447653e-01 7.154617837990662199e-01
5.676671284770054449e+00 5.448015542239559750e+00 5.243928055213467943e+00 5.161938996656609824e+00 5.083012249754538914e+00 5.018678265989849230e+00 4.955946277106364484e+00
1.054473404252191138e+01 9.962235426369421276e+00 9.403511560306062833e+00 9.491490521907826050e+00 9.579278366202849782e+00 9.424420039873018240e+00 9.274176098224215181e+00
9.758231502274016256e-01 8.277436470758167131e-01 7.140871391607577223e-01 6.840112942505628402e-01 6.563629440085070321e-01 6.364987577722659440e-01 6.179099412774405886e-01
5.681040615341292010e+00 5.073298889332210848e+00 4.551007509526647787e+00 4.604127717314308477e+00 4.659034930528828333e+00 4.646699905757630589e+00 4.634500401492616106e+00
5.807614848463999557e+00 5.045263470387434168e+00 4.383205194963227136e+00 4.198858515064458174e+00 4.029989353911509475e+00 3.783101338365580268e+00 3.562719021284475041e+00
1.504407295505751918e+00 1.471946100598358953e+00 1.438730015800605333e+00 1.436347502052023772e+00 1.434038283640249212e+00 1.395030473694517825e+00 1.358579733597671702e+00
3.021474077157975113e+00 2.339660596723562858e+00 1.807396078265208317e+00 1.715099819005811321e+00 1.630693606240134041e+00 1.603210360128656475e+00 1.576827729198525097e+00
5.645795978690807182e+00 5.619905258307596796e+00 5.595512615391941225e+00 5.703423368844749319e+00 5.806674772586552180e+00 5.690306077989343514e+00 5.577582450207603237e+00
1.928646495150172280e+00 1.805251088134672166e+00 1.667747867145322971e+00 1.645694281692931860e+00 1.625577480982398404e+00 1.506517578460601081e+00 1.397291881014157466e+00
5.820123594246041421e+00 5.541816539075379744e+00 5.265582255869572847e+00 5.263436168622959599e+00 5.261284046250289670e+00 5.177992245782736092e+00 5.097501074314245706e+00
1.488144602253001603e+00 9.945653582931314185e-01 6.570047009566279961e-01 5.979838645700188415e-01 5.447319386131150853e-01 4.838815578138677687e-01 4.298537730245403643e-01
4.147149749017983389e+00 2.586138250164926156e+00 1.798604092553919287e+00 1.775989900125939158e+00 1.754203261000277569e+00 1.746728011188775520e+00 1.739433948735914282e+00
2.547240406812414815e+00 1.907312622742146413e+00 1.460567731991716744e+00 1.375191887107400257e+00 1.296933572487297681e+00 1.231656739810067069e+00 1.172839451749767781e+00
1.633163519105291073e+01 1.651501743269567868e+01 1.669441694300957835e+01 1.637047812833215232e+01 1.607183265954268947e+01 1.557339319611639894e+01 1.508911340152742042e+01
3.390561154165308455e+00 3.134684323703865960e+00 2.916666593547240005e+00 2.983874304030234459e+00 3.055320976342867034e+00 3.122432998892858080e+00 3.194162367976942640e+00
1.999103296502460880e+00 1.777229530143438652e+00 1.591251424466391784e+00 1.514697176721883309e+00 1.446166217255468345e+00 1.431755551488000711e+00 1.417467415813408627e+00
6.229251703259959250e+00 6.315879026267984031e+00 6.403546975234777783e+00 6.155432779862098691e+00 5.932060027228891030e+00 5.459278434487805143e+00 5.055993385522955741e+00
4.110601111137367702e+00 4.120702591587691366e+00 4.133575990939189815e+00 4.198333265834830463e+00 4.257284995015846008e+00 4.360210207279756389e+00 4.476402168311273577e+00
4.011190820486825181e+00 3.020083854104376186e+00 2.363111337417989510e+00 2.364505926213563924e+00 2.365827477213420238e+00 2.349523551847768399e+00 2.333835164630337022e+00
2.311063831138183033e+00 1.674157930958452223e+00 1.215339896287706445e+00 1.282082113253816713e+00 1.345252881264086708e+00 1.279093511967830166e+00 1.217524608745014003e+00
