3.805186710371920356e+00 3.730592605212043278e+00 3.654826990598078140e+00 3.424534631311678012e+00 3.221940102249062576e+00 3.008370695664295713e+00 2.818900669617063759e+00
1.853827125256444219e+01 1.737691462311418888e+01 1.643207910247283010e+01 1.460836828223171224e+01 1.306718625797882360e+01 1.192575598661934855e+01 1.088443701454515100e+01
2.700018330096447094e+00 2.219567024385941778e+00 1.840435860588996553e+00 1.703179744873585699e+00 1.582359578762985386e+00 1.537676109639876332e+00 1.492896580311135368e+00
1.093547382249536959e+01 1.441481571495599212e+01 1.782926018922537637e+01 1.811253244450270117e+01 1.837973974282733636e+01 1.824827252822969115e+01 1.812130172015327645e+01
4.458138385556313033e+00 3.296835594609434317e+00 2.459010407456574843e+00 2.187505976642738048e+00 1.980310567184520254e+00 1.763300383622904866e+00 1.582018817254429832e+00
1.755790673693298776e-01 1.928470442264637041e-01 2.004287777862173991e-01 2.945127524257225571e-01 3.491136002448903541e-01 3.838876491456826301e-01 4.141394001335721997e-01
9.204102299822612965e-01 8.868713356738108233e-01 8.564230428391969019e-01 8.127266662313613610e-01 7.730746622506445842e-01 7.018729803269455614e-01 6.358129880689804558e-01
0.000000000000000000e+00 0.000000000000000000e+00 0.000000000000000000e+00 0.000000000000000000e+00 0.000000000000000000e+00 0.000000000000000000e+00 0.000000000000000000e+00
4.981038204593375873e+00 4.369495767760634308e+00 3.858262798412458672e+00 3.290681322785269813e+00 2.880378404380464996e+00 2.746625593103726004e+00 2.622885913217809062e+00
2.311126224364045356e+00 1.916438667641285232e+00 1.551470541512970369e+00 1.427092367366111336e+00 1.316524458363943495e+00 1.132291715782848263e+00 9.708721405800755377e-01
2.271607344897897285e+00 1.185594763818486053e+00 7.379975317653744149e-01 6.924880539867870333e-01 6.554560036690738611e-01 5.900741779493368089e-01 5.370491266705367250e-01
1.718904050705095443e+00 1.248076875023732324e+00 8.726949989654938511e-01 7.747765999448348317e-01 6.915434210530089221e-01 6.266037989769245309e-01 5.708606704366949725e-01
2.149194299524428420e+00 1.619686913774403658e+00 1.154428028181224253e+00 1.060048547029700750e+00 9.742392092523213254e-01 9.489922660741163529e-01 9.248342451921819363e-01
4.875243316954882111e+00 3.842088714917680115e+00 3.113373463579907074e+00 2.793530640272659404e+00 2.536893946971865876e+00 2.259495210764993267e+00 2.033091923990220984e+00
1.285961011569740631e+00 9.202446950796534519e-01 5.631169385113821146e-01 4.380260967894514801e-01 3.530964721910050397e-01 3.259181035995306064e-01 3.019897346889253154e-01
2.846004011327378791e+00 2.554675693752137544e+00 2.267194301847341720e+00 2.224075440927741454e+00 2.180180267517113357e+00 2.101457119817024211e+00 2.025656124084686649e+00
1.070828990819523874e+00 7.337027448334936253e-01 4.994118396828846618e-01 4.385327797393211990e-01 3.883705521592073495e-01 3.346568978313698706e-01 2.910376904694135236e-01
1.785534288424242177e+01 1.673663906501345267e+01 1.568524879196895938e+01 1.406271030369873465e+01 1.277091657465462760e+01 1.165478941900258647e+01 1.071722880020795365e+01
3.119653120842329486e+00 3.051350246991693105e+00 2.984288672583389701e+00 2.887266830951614072e+00 2.798041180400515859e+00 2.564573845884488446e+00 2.353669348442948728e+00
8.515591367784389742e-01 8.359262772240255712e-01 8.202369792404178295e-01 8.434559948372304383e-01 8.687829853923999535e-01 8.371287662026288823e-01 8.062792564878233925e-01
3.607352955697121555e+00 2.464762019769092483e+00 1.650752569349180021e+00 1.543645493614754116e+00 1.458159202466121629e+00 1.291317478483250181e+00 1.149955033260003923e+00
3.372446901070193626e+00 3.217761528463825460e+00 3.057384958998310420e+00 2.704657511403882442e+00 2.422808063204665352e+00 2.314358826092494326e+00 2.212699701619174508e+00
8.338322609667359941e+00 8.034778503805357630e+00 7.743331123246825598e+00 7.835178546433676061e+00 7.927032935029772354e+00 7.390842154286848320e+00 6.919616255583171061e+00
5.194006134839775690e+00 4.491720741336145295e+00 3.846044142697277568e+00 3.317309756619782668e+00 2.923664791748092018e+00 2.601985031559531869e+00 2.339406388923785496e+00
1.631382207044314026e+00 9.276629408189450698e-01 4.845959033098638513e-01 4.420942159761366841e-01 4.106629911498736463e-01 3.732718305675696291e-01 3.423302234379717035e-01
1.235255377916521180e+00 6.976279722635204683e-01 3.557011784068767613e-01 2.862960292876899904e-01 2.385870124934997283e-01 2.178318274712682245e-01 2.000929235453020039e-01
1.761990269843980172e+01 1.587315190264746256e+01 1.431788442223099267e+01 1.566032851652394697e+01 1.683819810591879929e+01 1.402651046129247447e+01 1.201416894384150069e+01
1.048797775289468603e+00 1.011901907346786755e+00 9.775542723772162601e-01 8.540308841793043948e-01 7.578833146900536555e-01 6.481466202271628507e-01 5.528412486674737503e-01
5.624744345495948039e+00 5.427744034663007255e+00 5.249102594432800473e+00 5.012438683806348827e+00 4.798866317271779813e+00 4.631383412570698965e+00 4.474572907922062193e+00
1.082632297660461695e+01 1.030252703289007066e+01 9.780722780783998260e+00 9.093411881267659425e+00 8.508748071675347191e+00 8.235565020084909094e+00 7.970152995145555863e+00
9.703059816595601683e-01 8.892328603657155828e-01 8.195031922885470665e-01 8.005845292635027644e-01 7.835752340719591702e-01 7.683683819327129516e-01 7.539100751497642694e-01
5.621236105212718215e+00 5.152278699881437163e+00 4.727422952091376196e+00 4.742750190996320114e+00 4.758224540057109486e+00 4.598124894523810013e+00 4.442206537226025986e+00
5.963787980796262822e+00 5.236945975381924079e+00 4.569378342696537310e+00 4.147079536367789032e+00 3.797686933809078180e+00 3.391288586836547214e+00 3.042827565317955507e+00
1.473719953845089581e+00 1.259318097947069504e+00 1.077384395645818449e+00 1.020918844533206693e+00 9.700896996535330885e-01 9.509818200036035396e-01 9.322480101914376593e-01
3.027185447485861491e+00 2.292214468512923098e+00 1.723692478292794261e+00 1.584631763487867273e+00 1.457025528133915948e+00 1.400113106778818173e+00 1.347773018833881009e+00
5.660066591084741638e+00 5.775598824537643061e+00 5.891318644890097822e+00 5.723856574023616695e+00 5.576663688575626665e+00 5.489965648466697878e+00 5.406224555489079542e+00
1.908676491180439250e+00 1.775939898594143918e+00 1.613725013670205266e+00 1.536515270376005882e+00 1.467044205634527643e+00 1.322625508853010778e+00 1.203579185761284975e+00
5.741215204658759674e+00 5.168604808638573189e+00 4.650738987232704957e+00 4.581025904304620866e+00 4.512452869862486615e+00 4.234839354477845319e+00 3.973440801267156264e+00
1.464222501978252211e+00 9.265849023822266828e-01 5.484190498812963055e-01 4.741569992441380665e-01 4.180575463849805495e-01 3.486818449468923609e-01 2.903074320027347333e-01
4.175754730842613505e+00 2.786720845418587444e+00 1.994479156524189056e+00 1.995755197242183865e+00 1.997102105110241776e+00 1.950186609790555581e+00 1.905137757653207142e+00
2.627801366441654629e+00 2.044579790141847653e+00 1.602734081484969320e+00 1.358039062431581012e+00 1.172570732814987249e+00 1.064077430771177335e+00 9.719469062458341302e-01
1.677594850412872063e+01 1.715737050135456343e+01 1.753574943824262178e+01 1.664634413886164666e+01 1.588294015141883442e+01 1.466796835184917391e+01 1.354919543459641140e+01
3.400282454342201888e+00 3.245326426395777730e+00 3.101684384602374056e+00 3.074173730696079243e+00 3.047060007179195562e+00 3.039813007034732006e+00 3.032410811799693295e+00
1.982293628145993303e+00 1.817893280121656963e+00 1.666800922845620869e+00 1.537552556392774328e+00 1.426035622144202542e+00 1.297367458745754876e+00 1.183100110339297517e+00
6.282313168177937612e+00 5.943756924993158108e+00 5.620233225958764400e+00 5.109946827670247771e+00 4.698305362287220177e+00 4.345788352128799659e+00 4.043474910803784184e+00
4.032466646978919655e+00 4.463210126980109216e+00 5.237015243979218582e+00 4.955956125732389417e+00 4.712425593353867015e+00 4.011268816554498962e+00 3.452227055980501724e+00
4.045413033135187852e+00 3.303834278381145850e+00 2.756714230729765180e+00 2.636220351968228570e+00 2.531314229146652828e+00 2.304639321517653716e+00 2.107783432755998998e+00
2.351685979552074812e+00 1.777060861487405719e+00 1.287095628514575596e+00 1.281313397298533774e+00 1.276882626678086385e+00 1.131077924405014867e+00 1.009843526652891121e+00
