4.210625725831090294e-01 3.443949021248571829e-01 2.689029086017753478e-01 2.469674767284127659e-01 2.250243251670734357e-01 2.076085453802266334e-01 1.904095394238206063e-01
3.004873441422646341e-01 1.992634572102030266e-01 1.203137346585196887e-01 1.103348025413520284e-01 1.014706698810521335e-01 9.528499664565355520e-02 8.951919777606182071e-02
4.346603412318969517e-01 3.529896034327698606e-01 2.736790618170606981e-01 2.373909689398834566e-01 2.113491226327084138e-01 1.865349661173085760e-01 1.627637326176709642e-01
1.790332355101869333e-01 1.499679265677970608e-01 1.213362416745038808e-01 1.203764845426580216e-01 1.194621697579334174e-01 1.221349909309462634e-01 1.246833157580620882e-01
4.491434689717506146e-01 3.099292028098162288e-01 1.891738309728737688e-01 1.634742374486281846e-01 1.419897792471011555e-01 1.112135644798335904e-01 8.373231288616526935e-02
2.112679836225462848e-01 2.527392425407287146e-01 2.679296617231734512e-01 2.597473919995931801e-01 2.534112706263768611e-01 1.960963485713185517e-01 1.490745195681792146e-01
2.654586769728898843e-01 2.419616123329600688e-01 2.219819597140754164e-01 1.918672640951135100e-01 1.622552880515938933e-01 1.398503479992642129e-01 1.166043154125626924e-01
0.000000000000000000e+00 0.000000000000000000e+00 0.000000000000000000e+00 0.000000000000000000e+00 0.000000000000000000e+00 0.000000000000000000e+00 0.000000000000000000e+00
4.210625725831090294e-01 3.443949021248571829e-01 2.689029086017753478e-01 2.469674767284127659e-01 2.250243251670734357e-01 2.076085453802266334e-01 1.904095394238206063e-01
3.696057246799981932e-01 2.720931090270350405e-01 1.532384421387091578e-01 1.098248696978742917e-01 7.333092712114269718e-02 4.948550354423746078e-02 3.288956809933468728e-02
3.101963928339050436e-01 1.215385782695991984e-01 1.945296210664217151e-02 1.831314435650634870e-02 1.728847850601494818e-02 1.904549913155442059e-02 2.069489293528166060e-02
3.597682266539998230e-01 1.930971272092967261e-01 5.416590151625934324e-02 4.343416548752464246e-02 3.298257977204323288e-02 3.279233422300860401e-02 3.259559661663132685e-02
6.645360777977787903e-01 4.072067089034679954e-01 1.583410413794812399e-01 1.426924394924930506e-01 1.270874587426246427e-01 1.205875590389399454e-01 1.144315711824783338e-01
4.920564628125046469e-01 3.433316671862825520e-01 2.093117081964205317e-01 1.687515893882269857e-01 1.335214761844887854e-01 1.248948328688053305e-01 1.166934597207905239e-01
5.186667481433562266e-01 3.478573580019026501e-01 1.825438100352301529e-01 1.427466937264678659e-01 1.045188695877047602e-01 8.886947976133234561e-02 7.595308910063282293e-02
4.809597533202246145e-01 3.499061425908573386e-01 2.248302059885982918e-01 2.016150289021893527e-01 1.782006207333362291e-01 1.679933564665373746e-01 1.585591292109562733e-01
3.488301838364821217e-01 1.989389517584539135e-01 1.011464238359918444e-01 7.908121090159159206e-02 5.530010812565587519e-02 5.108282088943047472e-02 4.677299925590401586e-02
5.380086918465375179e-02 2.979172697654357271e-02 8.535562604048207297e-03 8.488603609737020370e-03 8.451289229796078717e-03 9.313673609789307334e-03 1.009654543126359445e-02
3.595053991147210692e-01 2.971287560617261181e-01 2.382804797410405517e-01 2.250560113597319112e-01 2.117816050641709302e-01 2.024407428460447134e-01 1.933643538382245619e-01
3.123173036189298424e-01 2.917462607895215942e-01 2.751681670387111089e-01 2.943178904652876682e-01 3.073365253659072205e-01 2.860538722533888523e-01 2.683480209289993978e-01
5.297617404497170224e-01 3.122141341822411431e-01 1.227128782404686147e-01 1.105760850873989953e-01 9.869406704150418541e-02 9.202597891139292774e-02 8.571006903036255953e-02
3.638455928681433305e-01 2.522157011757831246e-01 1.418948547096822166e-01 1.236603368136052067e-01 1.077351118509174283e-01 1.002881469989747032e-01 9.343583273712087467e-02
4.663678950879144858e-01 2.459873118829385974e-01 1.175802466268281443e-01 9.155636768929796554e-02 6.276958911412966469e-02 5.782557082555464523e-02 5.271190810531999754e-02
5.666269215868806608e-01 3.828577819071387611e-01 1.951511699558566015e-01 1.489941347489012746e-01 1.096820468157650302e-01 9.990418135241657671e-02 9.092436558965456828e-02
5.639209654260576299e-01 3.280504539071038006e-01 1.169317150272463635e-01 1.134284166603335559e-01 1.102656333972190095e-01 1.051176668758119076e-01 1.001828487908487525e-01
4.161424001279604989e-01 2.414791326700198859e-01 8.397431332411182947e-02 6.869635696063364216e-02 5.510114682733752156e-02 5.144347575336914030e-02 4.790094533417248168e-02
2.150520156429773511e-01 1.449567799538264701e-01 8.473128494690404522e-02 8.287386396883207607e-02 8.110449543507126935e-02 7.498783296047357994e-02 6.934422561299383170e-02
2.610593030279566018e-01 2.426057996746286971e-01 2.283809527718636823e-01 1.920379381008879005e-01 1.644850564686558825e-01 1.468931248210258167e-01 1.299306275052213022e-01
1.446678199959262057e-01 1.312896536853841167e-01 1.195201599198387615e-01 9.665474798296436187e-02 7.689927833023291193e-02 6.931659422555554173e-02 6.158030903457984567e-02
8.902086248120232026e-02 8.104133024157758602e-02 7.310293661795995435e-02 7.000502365031199825e-02 6.670912002724588286e-02 6.395289959793054591e-02 6.121834135927844284e-02
3.560852854520277777e-01 2.764606000150835463e-01 2.124457590989062006e-01 2.093621773263225627e-01 2.062887556714025628e-01 1.791563458770061845e-01 1.548622481048133326e-01
4.502292595869614167e-01 3.293489148069086991e-01 2.099594994231916700e-01 1.923485346703648624e-01 1.762694805498935813e-01 1.603486091085784271e-01 1.444842897935570691e-01
4.511135256304856789e-01 2.775272473873718893e-01 1.029678585269521718e-01 9.884761953227572118e-02 9.518469274210025755e-02 9.225163897802167445e-02 8.946686797983037509e-02
4.486805874182234199e-01 3.360857020394215633e-01 2.477561229297734757e-01 2.450095570127734657e-01 2.426460622010278845e-01 2.422396366938982804e-01 2.418748883398782468e-01
4.333300379394836588e-01 2.687554553545093428e-01 9.465373277970509647e-02 8.219453090730682865e-02 6.822752783200042304e-02 5.464616785526264786e-02 4.495477707112136706e-02
1.363831419933072830e-01 1.200104173222021481e-01 1.031118686329524220e-01 1.004335217661757179e-01 9.800333475586697762e-02 9.893391940791385064e-02 9.980564672641681345e-02
4.714517117593687301e-01 3.860486413546302398e-01 2.777649420600391550e-01 2.599923406812336135e-01 2.428850733555778796e-01 2.222101442506066171e-01 2.031433039763814730e-01
4.430114087133651957e-01 3.338274506911211859e-01 2.108650052108923534e-01 1.844671690137255904e-01 1.616499501821911378e-01 1.357753097138739429e-01 1.130437094226203337e-01
4.691663854965655855e-01 2.672719503809363184e-01 8.324934529761905677e-02 6.736639038954524150e-02 5.291857528265975913e-02 5.144893814745919725e-02 4.999030757581950785e-02
8.315049229768232131e-01 4.911787392911911576e-01 2.798454321720215687e-01 2.387821039546940416e-01 1.960231893860392982e-01 1.879223813154013711e-01 1.797197971750722212e-01
2.953743225249430213e-02 2.827926910080960643e-02 2.706273375750941138e-02 2.646922561272108468e-02 2.589592499929625063e-02 2.529696832899953202e-02 2.471239434751996977e-02
4.443747808479486805e-01 3.564801100718844040e-01 2.855966397218759889e-01 3.052400426640001774e-01 3.187386226041965531e-01 2.877488854918739403e-01 2.607883779851793982e-01
6.357825783684521725e-02 8.720622838076756700e-02 1.030525820286195826e-01 8.900243543057047291e-02 7.513403660441597687e-02 1.074157386853115265e-01 1.380723912533695641e-01
4.225205270076262121e-01 3.300102650492495182e-01 2.462466979678200885e-01 2.250026645227144462e-01 2.040442541779098340e-01 1.886483644699560591e-01 1.734368884559339130e-01
6.088871921332071613e-02 3.725741872194617693e-02 1.572466063454220839e-02 1.480073621383570792e-02 1.405654648175074309e-02 1.410838915788863689e-02 1.415544741892400295e-02
6.509402727504851605e-01 4.690981207241785023e-01 1.930408818672623150e-01 1.734266267199893186e-01 1.537462537745646063e-01 1.414835095607730742e-01 1.303197570582908249e-01
2.468828617071544829e-01 1.628449113882692312e-01 9.127089098494946262e-02 8.355242667341937490e-02 7.593027697254052522e-02 6.811156129234889611e-02 6.065297143745768116e-02
6.777277838752481243e-01 4.411358394193446997e-01 2.476815781841089359e-01 2.686441143156960698e-01 2.835840013838969442e-01 2.588565800324353350e-01 2.371596986146897734e-01
