4.101438020346317437e-01 3.780862383123984038e-01 3.454335948435600101e-01 3.389700610954028415e-01 3.328601988662551747e-01 3.256288041156033541e-01 3.187734411348507879e-01
2.952541416795146367e-01 2.235778645055205016e-01 1.611676593949565583e-01 1.503430929675096117e-01 1.409064376503583738e-01 1.375689286879257234e-01 1.345029887294272863e-01
4.224873903837924050e-01 3.687321877695866612e-01 3.114168457129510292e-01 2.986388443437436591e-01 2.884029198265360416e-01 2.748544830315699516e-01 2.620518254552747783e-01
1.722165221241831468e-01 1.589725782411312016e-01 1.463035919614350810e-01 1.397179908405590254e-01 1.334606146361537182e-01 1.330722352928044860e-01 1.326900950808160007e-01
4.342821844265895570e-01 3.148983452109072045e-01 2.133707740200204983e-01 1.805039042620953382e-01 1.531392581251856122e-01 1.312106817357598099e-01 1.110070574153064205e-01
2.443565849031879567e-01 1.382853625871522385e-01 9.499697903719904468e-02 1.021737432612229435e-01 1.076534431865179692e-01 1.098722768332121569e-01 1.118818726824977600e-01
2.548291118583089765e-01 2.388245580524439027e-01 2.254542881220803763e-01 2.104099999017536859e-01 1.971934330079767594e-01 1.885588232905550943e-01 1.803532423875797430e-01
0.000000000000000000e+00 0.000000000000000000e+00 0.000000000000000000e+00 0.000000000000000000e+00 0.000000000000000000e+00 0.000000000000000000e+00 0.000000000000000000e+00
4.042033595853989913e-01 2.980763195272331800e-01 2.032689528793100997e-01 2.125422438986457052e-01 2.202911705325599767e-01 2.113873307382956035e-01 2.032102056630073206e-01
3.668157331981850011e-01 1.953229828513972088e-01 4.922757844092148088e-02 3.634226303369573335e-02 2.655528656362178205e-02 2.722086559366370534e-02 2.788166898350563638e-02
1.536609161088995645e-01 7.439974471336330275e-02 2.702039096939711296e-02 3.110865060982531335e-02 3.409080645747535748e-02 3.420092364150875003e-02 3.430617598722336681e-02
4.084243434865037492e-01 2.289714135617845481e-01 8.740545528288112820e-02 7.266675230001769237e-02 5.894841614446141853e-02 5.934012611011065669e-02 5.972266475396973556e-02
7.072138014144681017e-01 4.176560882023743759e-01 1.831651419842999784e-01 1.690440817257220507e-01 1.552490930193518026e-01 1.544375744864193156e-01 1.536529286697404795e-01
4.894394200646257076e-01 3.227589378278917231e-01 1.946098993358779117e-01 1.715767184325827088e-01 1.516053001851947191e-01 1.494788932511992852e-01 1.475109961795976199e-01
5.108340355452407611e-01 3.600874877977415234e-01 1.950091307506316707e-01 1.399075795510113240e-01 1.022035038823305847e-01 1.026766017679108800e-01 1.031343486769639994e-01
4.771516936739408909e-01 3.463691656487972170e-01 2.104854808728596760e-01 1.884891694514371496e-01 1.654206358788946896e-01 1.710696918433902702e-01 1.765216594549239293e-01
3.307082521110614737e-01 1.700644400358173047e-01 7.931993522561531229e-02 6.588704627678025616e-02 5.294465515754419316e-02 5.317424884820901726e-02 5.339642837439150663e-02
5.034147231611170448e-02 3.195033037961547695e-02 1.366297741751132215e-02 1.348298940474969634e-02 1.331345998982918534e-02 1.150009473154066895e-02 1.000660638478786599e-02
3.515878070219877749e-01 2.802345136499960754e-01 2.184681842729810086e-01 2.097198920912195230e-01 2.008072649636470641e-01 1.959040211636816353e-01 1.910208417182459872e-01
2.926673508958639314e-01 2.820463772426032856e-01 2.712587095091410494e-01 2.606447769771500500e-01 2.494464510746546848e-01 2.336970520788728689e-01 2.181925363553084418e-01
5.342847366716764190e-01 3.314137244958925144e-01 1.620668641572619306e-01 1.658028768803614383e-01 1.690398638764345207e-01 1.639600145111711482e-01 1.592407679809303145e-01
3.600901930138025731e-01 2.596151753349331126e-01 1.624089280429840965e-01 1.493156276820585826e-01 1.378752952885047567e-01 1.335157309317160368e-01 1.293593501297561899e-01
4.143758458651095045e-01 3.062213405241336339e-01 2.205121019274076111e-01 2.049986820067144777e-01 1.881487557599488825e-01 1.879132201476143571e-01 1.876736094937657973e-01
5.665982064385262085e-01 3.849284023133046073e-01 2.117854699642814920e-01 1.900083582987406317e-01 1.712410766511647808e-01 1.682931580803418703e-01 1.655823049036811989e-01
5.038138718488153200e-01 2.607329946055629288e-01 8.904563695283160274e-02 9.624761030383828520e-02 1.023173451334795786e-01 1.054317582774948886e-01 1.083358063908758107e-01
3.983720573445526103e-01 2.233805058922773146e-01 8.818998783116875628e-02 8.053381356998082219e-02 7.398346916709619414e-02 7.297545706709548941e-02 7.209035331877769459e-02
1.926344556162827015e-01 1.609069877922705005e-01 1.300413557741136594e-01 1.254666661272950956e-01 1.217414257229693236e-01 1.731560343025767834e-01 2.098965182224175885e-01
1.742391020241379762e-01 1.744987477365519402e-01 1.746994818658786919e-01 1.575026143667196954e-01 1.459102284626542512e-01 1.233248603477327121e-01 1.016594064658608298e-01
1.255113117733844541e-01 1.233687502998357111e-01 1.214899795310688535e-01 1.161799626820121806e-01 1.111457925796970336e-01 1.043006398801612639e-01 9.758048265135818577e-02
8.759437974305679664e-02 7.733306532927615440e-02 6.736180994080302742e-02 7.022280565034690059e-02 7.307438891400737380e-02 7.559989511054400479e-02 7.808932693632061883e-02
1.066574774868723208e-01 8.529864299645339987e-02 6.608332288801516130e-02 6.026606617868675297e-02 5.520381005349982162e-02 4.816905377055760024e-02 4.197160546211666649e-02
4.411002815429897472e-01 3.034054165170285144e-01 1.716392473844974287e-01 1.580837177507488922e-01 1.439623469353258356e-01 1.419147691454696325e-01 1.399310196631083913e-01
4.360067626899949977e-01 2.788874850143110429e-01 1.225824148577112915e-01 1.228633488112247513e-01 1.231119450543694122e-01 1.272294454865756097e-01 1.310677145558487577e-01
4.498655104066214827e-01 3.890503309932398790e-01 3.232150275321564736e-01 2.956327773550290750e-01 2.685546694339170926e-01 2.783120344801498502e-01 2.870998497490048207e-01
3.487124158211837854e-01 2.135569980753608821e-01 8.661644906843800340e-02 6.794366118554692746e-02 5.294028421864913070e-02 4.888447961279262372e-02 4.510171674980145012e-02
1.322643825984710919e-01 1.303736359242867737e-01 1.285242643226826020e-01 1.287639498566204299e-01 1.289871938506921556e-01 1.279770224939049406e-01 1.269621434405728833e-01
4.671078414528035960e-01 3.809010238014999272e-01 2.731382443956823503e-01 2.550243259240377314e-01 2.379048585969401330e-01 2.191694260024360519e-01 2.026414038809944418e-01
4.368604139519216556e-01 2.879586374530125337e-01 1.405109453822857291e-01 1.197765166984953722e-01 1.011323293273791030e-01 1.011900936768494047e-01 1.012465998296433189e-01
4.538887636266838443e-01 3.248620251682538540e-01 2.096174747213827294e-01 1.732560520276814342e-01 1.424428254681687767e-01 1.223670915544988191e-01 1.045347782677452098e-01
8.321073938158322081e-01 4.611486655743011198e-01 2.368494606514129353e-01 2.192611740212869753e-01 2.017710407851434073e-01 2.053129618052192684e-01 2.087272029859013611e-01
3.919698921142563131e-01 2.577903016771442291e-01 1.448308498536487465e-01 1.435501814697356660e-01 1.424811256665464154e-01 1.396309228161398686e-01 1.370289352044012643e-01
4.417847596352054707e-01 3.977720730725228804e-01 3.533659755391503343e-01 3.400054953526343571e-01 3.284591257102542072e-01 3.167620984883349200e-01 3.052202592221030519e-01
5.879409117681182878e-02 3.999763218413728699e-02 2.181320862047500878e-02 1.991347821614487118e-02 1.829098738390058654e-02 1.761331204526976613e-02 1.697615217912519514e-02
3.900847609358313317e-01 3.279007637312358336e-01 2.724686843096342792e-01 2.671484802619482068e-01 2.622598276505913040e-01 2.549497815880558127e-01 2.480106911970445804e-01
5.665599059469498405e-02 4.018610608720913496e-02 2.372974391594901561e-02 2.316662620639612508e-02 2.263787158771830843e-02 1.946698534874184705e-02 1.676987323264837737e-02
6.492390249682109538e-01 4.322519960718294030e-01 1.447288027452896531e-01 1.417753429034020463e-01 1.388433522999321379e-01 1.350627556626203818e-01 1.313361278817886113e-01
2.438481589501434454e-01 1.700740592224879999e-01 1.084202135636010839e-01 1.057585121364020969e-01 1.032952216462982992e-01 9.907974792038920508e-02 9.507772450381288265e-02
6.738163644495305249e-01 4.674622586637010024e-01 2.822151882013992363e-01 2.856012540868285710e-01 2.884965738238237654e-01 2.871078950948166009e-01 2.857451927641351253e-01
