4.298547969041879857e-01 3.923210704842027274e-01 3.526331257948198683e-01 3.256540854603576229e-01 2.997185641283523494e-01 2.752012719704775012e-01 2.528200923513665987e-01
3.426847787614952789e-01 1.560883573089862641e-01 4.995886556056125527e-02 4.938595902940368793e-02 4.886776120744749929e-02 4.913867372665095545e-02 4.939160540306362923e-02
4.531636910444530320e-01 3.286171913552961565e-01 2.245405560811921386e-01 1.994051337892990550e-01 1.793233283060068350e-01 1.646365087047046705e-01 1.504143710954033986e-01
1.856106579738676376e-01 1.627962971775629430e-01 1.409239343432704961e-01 1.444857952244660015e-01 1.477835915329733241e-01 1.414943578758491027e-01 1.353481800525694889e-01
4.211099285962192629e-01 2.592970783034227455e-01 1.331291233536469054e-01 1.202168383771910626e-01 1.095785123436498754e-01 9.600054141983152545e-02 8.369700362485847644e-02
2.079161970523580039e-01 1.763434458370892743e-01 1.597729963866572622e-01 1.847317487616920717e-01 2.006693612013111250e-01 2.023037176217713506e-01 2.038781072718214848e-01
2.740214594172797336e-01 2.601577019822579606e-01 2.474366662928563221e-01 2.272699813170035721e-01 2.089019011015424976e-01 1.975835576131172722e-01 1.866959055742420659e-01
0.000000000000000000e+00 0.000000000000000000e+00 0.000000000000000000e+00 0.000000000000000000e+00 0.000000000000000000e+00 0.000000000000000000e+00 0.000000000000000000e+00
4.106303025149091734e-01 3.038227047499190703e-01 2.087070282033965385e-01 1.680252379451129263e-01 1.355073107894844420e-01 1.293045945718713230e-01 1.233876254737218264e-01
3.699798163649545835e-01 2.237440136876074903e-01 9.772940482827843778e-02 6.884952314910930404e-02 4.587263880055082038e-02 4.073119795422759648e-02 3.548601787142841024e-02
1.526473434043132960e-01 7.102623862071826000e-02 3.064945297398482399e-02 6.402899240756446120e-02 9.103958262995673345e-02 7.985551395381340622e-02 7.080436528188825684e-02
4.272101433464345344e-01 3.119226150525570285e-01 1.648286138958346969e-01 1.303048960955617563e-01 9.736278066308728940e-02 9.746844624282677283e-02 9.757293754821885767e-02
7.123220630877550308e-01 4.588832844215556261e-01 2.459348052201744128e-01 2.156107282494853783e-01 1.843874144696811823e-01 1.806406889481031730e-01 1.768581254060265229e-01
4.975253667376647870e-01 3.442671224806846952e-01 2.164464262811479911e-01 1.886340468305858220e-01 1.641998603725687289e-01 1.622963114661617468e-01 1.605034311559879467e-01
5.027353579571361974e-01 3.435074249221459208e-01 1.693425799066207160e-01 1.338590616281304380e-01 1.062750537861358868e-01 1.054587415590489963e-01 1.046748284334115264e-01
4.750489321822303768e-01 3.684194436107156023e-01 2.638804633747142692e-01 2.382490705763582184e-01 2.115259570371577080e-01 2.067731307786333517e-01 2.021513919983310148e-01
3.373014101412616372e-01 1.995822149883928198e-01 1.077243468215622196e-01 8.531071614453814012e-02 6.392116926781722663e-02 5.879488212931130442e-02 5.412996568824611499e-02
5.570034132028071211e-02 3.616246415647846046e-02 1.601002305858895136e-02 1.716704648118733134e-02 1.815288156270066997e-02 3.146428901344115736e-02 4.315201285116863211e-02
3.626327708224814650e-01 2.954094322734810985e-01 2.350756377929181240e-01 2.132830457363774357e-01 1.924678403498580881e-01 1.797906631702880509e-01 1.674238079300550130e-01
3.060935039078204190e-01 2.940521565516091007e-01 2.828511136980206842e-01 2.697734759776903579e-01 2.568528997554395676e-01 2.448724008817547981e-01 2.340212697961189525e-01
5.344358581748712700e-01 3.505339087706949575e-01 1.868637589141371458e-01 1.574562316140692142e-01 1.292501186827809678e-01 1.204097386359137128e-01 1.119459044926008479e-01
3.721115273463810325e-01 2.655638585523124040e-01 1.683351712030995151e-01 1.460699145097184848e-01 1.280570470210059542e-01 1.234442407125301844e-01 1.190473206149869068e-01
4.633595867746799768e-01 2.621666077779106763e-01 1.342965487569359739e-01 1.061387123012453859e-01 7.720575625572351219e-02 6.860718521821686233e-02 6.075577051650595667e-02
5.876494733505043255e-01 4.218563735454260444e-01 2.747957699488740024e-01 2.243013562612789780e-01 1.791965923099859970e-01 1.704806855066845483e-01 1.623958272658311552e-01
5.058006288657386218e-01 2.694562356728904540e-01 1.012049268739807634e-01 1.019257269744123229e-01 1.025454093110641646e-01 1.031215596430712089e-01 1.036546614927507104e-01
4.308557224546807340e-01 2.277881875119171229e-01 7.579418487014322192e-02 6.780427296425577122e-02 6.078477451644444252e-02 5.526057440580352254e-02 5.024760125872648753e-02
2.245836976494393622e-01 1.900416872453961625e-01 1.616520644237201820e-01 1.763665558025749314e-01 1.886892831766675549e-01 2.016110401571928612e-01 2.102979931919438661e-01
2.368851710746216754e-01 2.415845970278623356e-01 2.453633947905346779e-01 2.297120110635015866e-01 2.188990932724766969e-01 1.893345764078917526e-01 1.617740069052965302e-01
1.572563386177216194e-01 1.308746015091808712e-01 1.066337911721220860e-01 1.050549281751997632e-01 1.036679608802751756e-01 9.448686353086967193e-02 8.584466063110261780e-02
9.071045975173437637e-02 7.627622731813683832e-02 6.160058221049707211e-02 6.207262041136962089e-02 6.256442449392246585e-02 6.002561122113325015e-02 5.761133573201337316e-02
1.038180743872776091e-01 1.216616156319880043e-01 1.349577855994408271e-01 1.543666504400024453e-01 1.683540877459089591e-01 1.640740000157190348e-01 1.603811953435711479e-01
4.467002930757331125e-01 3.289912478785727568e-01 2.129337829797223192e-01 1.871314982316298337e-01 1.614971454027077924e-01 1.428173506180624441e-01 1.257545825065141953e-01
5.447025141966945760e-01 3.522308390288293456e-01 1.683458880411744241e-01 1.524781763860628137e-01 1.367500552867167429e-01 1.374174144310663370e-01 1.380576341539812568e-01
4.485640075501686197e-01 3.812360151886304283e-01 3.215663825375827956e-01 3.110518154420525150e-01 3.011705272453514826e-01 2.930705693980104609e-01 2.857624669687107155e-01
3.692816080558743996e-01 1.919459462260302007e-01 5.322462565407801161e-02 4.858868385723661559e-02 4.431278908216598755e-02 4.177683630763148748e-02 3.928736977669127634e-02
1.672003148949386120e-01 1.559347195838780009e-01 1.448646855133271238e-01 1.447839003036934524e-01 1.447072235316745059e-01 1.357810720637027124e-01 1.268306634551681911e-01
4.779492828647499691e-01 3.910806679540638764e-01 2.853498222920596850e-01 2.649046242639634396e-01 2.448177730857907797e-01 2.231061176432395377e-01 2.031490520846974956e-01
4.394419982524176982e-01 3.112984019052080775e-01 1.845531406572288868e-01 1.549134646603603782e-01 1.271974249053544892e-01 1.152945180500985212e-01 1.037923031013167768e-01
4.576168831149783900e-01 2.726697573704673361e-01 1.244102691963511059e-01 1.098986189185072737e-01 9.729533350473755504e-02 8.380787963828949250e-02 7.165949781923772188e-02
8.295642395329911878e-01 4.557602228499617603e-01 2.591565045745655715e-01 2.335016259897764179e-01 2.065117264256935148e-01 1.996493474280081337e-01 1.927818592322819158e-01
3.969244420993032207e-01 2.682960606342981169e-01 1.539736876038521884e-01 1.355140677463792798e-01 1.187588198608378748e-01 1.124678157886648128e-01 1.064609571346388645e-01
4.434470725268310765e-01 3.664772933376639341e-01 2.994022532323944996e-01 2.954612272650933291e-01 2.923843231865850267e-01 2.760641805795305270e-01 2.607149328919631248e-01
5.836711981339062771e-02 8.786987544888562318e-02 1.112101424818050799e-01 8.606711865435542896e-02 6.259164612778848891e-02 5.746480213783984603e-02 5.237797693231709129e-02
3.985893467575719051e-01 3.354505070245581977e-01 2.768634183207415167e-01 2.537014811310391305e-01 2.315404061542257197e-01 2.147208601936756167e-01 1.988741659807562456e-01
6.268498525736444782e-02 4.528223388172860492e-02 2.740910511463732005e-02 2.838130385213614298e-02 2.921816696417527462e-02 3.942096014102149798e-02 4.852440059508545539e-02
3.006001303884254239e-01 1.877324249998129913e-01 1.074311388260045658e-01 7.945493708449086201e-02 5.671399545677074938e-02 4.769168970048789230e-02 3.947818113720788502e-02
1.894194105381582505e-01 1.454261215388646111e-01 1.094500532603671361e-01 9.189968973551122799e-02 7.687135784869218724e-02 6.903428305540533494e-02 6.181219088784319776e-02
6.645384050749962856e-01 4.213312929652568983e-01 2.216248778760613880e-01 2.322750238132814671e-01 2.407683694093406823e-01 2.333274962037358846e-01 2.263134204507827596e-01
