3.924560117833103323e+00 3.866083256007273761e+00 3.806703714691021201e+00 3.765461127899943694e+00 3.725440556688838445e+00 3.544105562810687449e+00 3.379821226484981178e+00
1.859052088889916377e+01 1.729724263637780624e+01 1.626291707810561604e+01 1.481981638170011806e+01 1.353525970066024620e+01 1.244706246987540155e+01 1.143233048564328236e+01
2.805530361943343376e+00 2.544064717153328381e+00 2.301297162294722920e+00 2.244714142132847812e+00 2.188095196318011304e+00 2.190559489729190901e+00 2.193082728363770606e+00
1.113538143351286713e+01 1.440254915932515445e+01 1.748329381243295089e+01 1.752026398461850221e+01 1.755408582001260953e+01 1.740888166457268582e+01 1.726859419983242105e+01
1.572765270962789508e+01 9.999501688422606449e+00 6.844462771002005397e+00 6.517411649339878821e+00 6.230473583337340138e+00 6.070356013048843202e+00 5.905918836830553076e+00
9.917877384266944596e-02 1.206200189042884868e-01 1.318080287357859537e-01 1.492562820330438078e-01 1.639522265562428360e-01 1.496501966305842091e-01 1.357581288006642073e-01
9.661158449003449666e-01 8.449827052450068487e-01 7.524808098827566738e-01 6.881000744894987253e-01 6.319674373371655385e-01 5.816325254120828792e-01 5.363041857191841455e-01
0.000000000000000000e+00 0.000000000000000000e+00 0.000000000000000000e+00 0.000000000000000000e+00 0.000000000000000000e+00 0.000000000000000000e+00 0.000000000000000000e+00
5.114210626013885985e+00 4.863465283766927882e+00 4.624043662158709544e+00 4.174760459981417426e+00 3.811317016555112236e+00 3.695122542029897872e+00 3.584251170292327426e+00
2.367056427208983127e+00 1.835860380888198584e+00 1.403490130896981603e+00 1.080088116433579382e+00 8.379003581292788772e-01 8.383689461159880008e-01 8.388377318950392958e-01
2.286427628617848651e+00 1.281779025564167451e+00 8.332264069509038862e-01 8.330206249652222228e-01 8.328250633511762313e-01 6.881067694806203283e-01 5.718991423471182500e-01
1.088184520336235472e+00 7.396042645328321230e-01 4.247413780993009036e-01 3.783864919960928663e-01 3.315892133384195084e-01 3.181167300412273691e-01 3.053739868041452366e-01
2.197792974062327431e+00 1.595464989737238826e+00 1.107827550261520688e+00 1.085988665161894184e+00 1.062372262050222282e+00 1.045536945871052392e+00 1.029179546922073030e+00
4.997011373160826331e+00 4.600572283659453809e+00 4.233721565456460389e+00 4.070688266497502816e+00 3.913224261406482718e+00 3.919099828589027723e+00 3.924963482784808111e+00
1.239569170210580218e+00 1.017988058425796094e+00 7.351031822909908087e-01 6.305021881725574318e-01 5.326832630519916512e-01 5.277497530233900003e-01 5.228257208121869226e-01
2.905236460204014826e+00 2.657093898693950074e+00 2.408127965166771745e+00 2.316747394984469910e+00 2.231626343622896691e+00 2.151830259903848575e+00 2.077927728512110050e+00
8.903016895604647374e-01 8.736358026828087153e-01 8.575603454932064773e-01 8.434214080859235851e-01 8.297418182628318872e-01 7.153659089642778746e-01 6.044472857107360264e-01
1.817624338373682491e+01 1.817250618344509761e+01 1.816883666540623921e+01 1.640250697884032860e+01 1.495883033581147359e+01 1.333377694822002724e+01 1.204443123176540276e+01
3.243883365899070448e+00 2.885319351377885866e+00 2.586561823495886259e+00 2.358902275547531069e+00 2.164264173196708274e+00 2.105032378397586168e+00 2.049379152825343109e+00
8.441227785106381054e-01 8.156555002270242660e-01 7.889722239661475234e-01 8.237120332187121141e-01 8.637185725457050545e-01 8.861380097604777406e-01 9.112513783106993559e-01
3.707682598520998241e+00 3.041013868286133182e+00 2.456502966858535864e+00 2.355098727121105018e+00 2.258229578408387450e+00 2.204111410448488684e+00 2.151773656672561597e+00
3.422309517891833242e+00 3.171014666505103996e+00 2.926921500222544381e+00 2.858470661091701892e+00 2.791853827066327565e+00 2.739822930688534441e+00 2.688820092496264635e+00
8.511022154396316708e+00 7.680371216526906686e+00 6.979286775482695049e+00 7.071223851421318152e+00 7.163199323422436038e+00 6.974200740577019886e+00 6.795829825410598879e+00
5.402714034753484995e+00 5.234165756899571420e+00 5.045032536981046256e+00 4.570698013048287045e+00 4.157616122619623766e+00 4.095555375898841000e+00 4.035621964518316673e+00
2.282711928265782397e+00 1.298235184646542528e+00 7.559899770890367021e-01 7.356570022696187205e-01 7.178178814584402767e-01 7.044527346928838307e-01 6.907270268276488601e-01
1.205869998129154519e+00 8.505939590471173206e-01 5.342124399718531924e-01 4.835973615324742347e-01 4.376588728765312131e-01 4.113995942832752717e-01 3.871772069472630418e-01
4.966899746825000506e+01 2.783643876545799145e+01 1.905987958308323371e+01 1.929298114799115993e+01 1.952265254112454684e+01 1.501048035810955028e+01 1.172988086006402320e+01
1.091120643471761742e+00 8.915196324271571493e-01 7.380430475436594584e-01 7.107758671483906943e-01 6.934678879542834906e-01 7.055060387627791751e-01 7.161058703608061959e-01
5.738911919368860914e+00 5.476265430342317053e+00 5.244222749126546290e+00 5.059870955866514919e+00 4.889036997941445861e+00 4.804935233850467391e+00 4.723546972842761704e+00
1.076833091037677725e+01 1.021939186283595902e+01 9.680918489247844150e+00 9.817406671942414675e+00 9.951020600667492388e+00 9.791161960467976044e+00 9.632892139591616498e+00
1.213833391696760078e+00 1.102102299718229927e+00 1.009207056001693248e+00 9.465811862634263552e-01 9.108939474517750989e-01 8.280426968623876283e-01 7.579097215991985603e-01
5.743254214489106779e+00 5.256508192830330550e+00 4.818472608469800633e+00 4.627111251949571624e+00 4.443937985041181093e+00 4.419829813376774830e+00 4.396189393662632838e+00
1.349531210460902919e+01 1.174509208990952303e+01 1.028282767156107624e+01 9.133003994609387277e+00 8.257520006564050163e+00 7.700864246878229125e+00 7.205894716780310461e+00
1.523522120091927556e+00 1.352887701653847197e+00 1.204287652123054775e+00 1.104003526134548663e+00 1.037134196231852101e+00 1.003677087832153703e+00 9.756217101353940047e-01
3.126601925885503785e+00 2.540746318189740727e+00 2.044058589164301498e+00 1.877927604717906318e+00 1.724997832020286559e+00 1.676252962887407438e+00 1.630703112287364087e+00
8.006488100143773323e+00 8.164705818462659082e+00 8.323761317561590545e+00 8.147943237143300266e+00 7.998373821513469650e+00 7.636401556146640068e+00 7.289132025925208147e+00
1.938310881410249431e+00 1.795926237457044605e+00 1.638802787253505588e+00 1.571627080700828349e+00 1.504458925245853340e+00 1.379501146325430305e+00 1.270363822563575162e+00
5.884715862797588848e+00 5.364988291276401533e+00 4.885248745562424055e+00 4.453675598511726008e+00 4.057918441148820499e+00 4.035269621984170385e+00 4.013052486040521671e+00
1.467768846189052789e+00 1.118131602376993605e+00 8.031269674478751508e-01 6.870697118528642511e-01 5.864851425183071898e-01 4.966817413592724550e-01 4.154538535915081043e-01
4.127670359762309893e+00 2.730250742763627336e+00 1.966591671416570097e+00 1.953390843583976411e+00 1.939098569888405121e+00 1.870346502003486622e+00 1.806051785534441345e+00
8.903016895604654035e-01 8.736358026828091594e-01 8.575603454932069214e-01 8.434214080859241403e-01 8.297418182628322203e-01 7.153659089642782076e-01 6.044472857107362485e-01
1.691472550243716810e+01 1.686773170995883220e+01 1.682393520180097113e+01 1.613896443449601392e+01 1.553571072484986360e+01 1.500189656086961598e+01 1.446029134376859027e+01
3.386237120888226038e+00 2.998412462337848972e+00 2.696532718619167213e+00 2.387181131861582539e+00 2.148887856963861864e+00 1.918806898061217403e+00 1.743984589747028080e+00
2.071277886462179474e+00 1.820559666998511128e+00 1.607313881427484104e+00 1.474170895162698836e+00 1.357752126528458447e+00 1.302257922632447329e+00 1.251244890014972411e+00
6.412282924241074156e+00 6.394617160473089257e+00 6.377204717340860363e+00 5.827131186114399952e+00 5.374679164913949592e+00 4.842407993429848290e+00 4.408399596291718403e+00
4.116104223310554922e+00 3.870857808303560077e+00 3.592365157898443240e+00 3.083034563487779156e+00 2.659970309830853363e+00 2.704421831784138863e+00 2.749455650476548829e+00
4.116892685723237300e+00 3.641077736910721008e+00 3.242183898306549406e+00 3.243874313157817380e+00 3.245562066021223213e+00 3.205013775358604100e+00 3.164778585056867044e+00
2.423325613573489523e+00 2.063887996959591575e+00 1.682012251469805930e+00 1.784373652544164690e+00 1.880141769277818398e+00 1.851615358307827197e+00 1.819501410166663558e+00
