4.121664025394982667e-01 3.385614878119558302e-01 2.615048652760428860e-01 2.273299229635789842e-01 1.930349869469641100e-01 1.729825255643127613e-01 1.545581381145823552e-01
2.978561697823723375e-01 1.979040385604314001e-01 1.184627383032541004e-01 1.036470605714703147e-01 9.028949119730400596e-02 8.360005853877536253e-02 7.733478574778628045e-02
4.441753215898135987e-01 3.428984439948606910e-01 2.395142403054002223e-01 2.173666699453843387e-01 1.998530676150304941e-01 1.788303203867677160e-01 1.580168824714794640e-01
1.594452207877569139e-01 1.407396706122017449e-01 1.223318085585797937e-01 1.165145678225895376e-01 1.110174075300382895e-01 1.101500620739566533e-01 1.093031113757086670e-01
4.239661861734175252e-01 2.767299086644741113e-01 1.493237157251186831e-01 1.201729199284777283e-01 9.537212734373461120e-02 7.416024960298581159e-02 5.467995197697339549e-02
2.153805321666190375e-01 1.325909915109368120e-01 9.188146628130235138e-02 1.052526118331890831e-01 1.155861578213180363e-01 1.059210681645319785e-01 9.648384549256028286e-02
2.613924102550156392e-01 2.393133437658103713e-01 2.195448279923027657e-01 2.011129170109549613e-01 1.847403450412771764e-01 1.739245100049120751e-01 1.635968338082492146e-01
0.000000000000000000e+00 0.000000000000000000e+00 0.000000000000000000e+00 0.000000000000000000e+00 0.000000000000000000e+00 0.000000000000000000e+00 0.000000000000000000e+00
4.054552326813661289e-01 2.723229170096966856e-01 1.553592352281642497e-01 1.246886523971824229e-01 1.001080743607458551e-01 9.498065736063047992e-02 8.996875009156100889e-02
3.689073350269727603e-01 1.818533558461145061e-01 3.773499901386680178e-02 3.359533055428291087e-02 2.981404415012330403e-02 2.928682495796672974e-02 2.875954320090732402e-02
1.548523658352063403e-01 6.400191581248565464e-02 1.921822787805278418e-02 2.071926011649944180e-02 2.211669302594359426e-02 2.117548479703380490e-02 2.031715092219437552e-02
3.976012003326676036e-01 1.966794131666231571e-01 5.585489801748660249e-02 4.139702632830200707e-02 2.802609438907121067e-02 2.514658115393183721e-02 2.233350160219964298e-02
6.972414878739704447e-01 3.892128891587320338e-01 1.515669331970989908e-01 1.299235534972857931e-01 1.080698937913500829e-01 1.005689937983742926e-01 9.337769534024664697e-02
4.822960776309507813e-01 3.181220391440046646e-01 1.766141953620118388e-01 1.285734053302244884e-01 8.542522847197442371e-02 7.126352897228552252e-02 5.818617172873232629e-02
4.846850007136360716e-01 3.028811123581384712e-01 1.265592846922082848e-01 9.667152206603905895e-02 6.870793692009123654e-02 6.102722691957046530e-02 5.350292562770792709e-02
4.667534571652627307e-01 3.214897046776078460e-01 1.709637106062192324e-01 1.532885749880476822e-01 1.341229954054730111e-01 1.286869461843698492e-01 1.232296298111990873e-01
3.342707785474000048e-01 1.773479994693517026e-01 7.894915430351331920e-02 6.718841265863320644e-02 5.551642615377194723e-02 5.390733423833778126e-02 5.231596999541407444e-02
5.042629964344278598e-02 3.123528194544446940e-02 1.169643048294716214e-02 1.002460716009132002e-02 8.563741987822092935e-03 7.423048831220599962e-03 6.364085929916911931e-03
3.577711317925239554e-01 2.808597149497366052e-01 2.083835815300019434e-01 1.806904810393017979e-01 1.551589151846740067e-01 1.460603237752663430e-01 1.371154278808007776e-01
2.969392464002039156e-01 2.827492985703553563e-01 2.678169316652565524e-01 2.568568658386854442e-01 2.452047745759640129e-01 2.363732104551612978e-01 2.271842216881824195e-01
5.264040856850725758e-01 3.161902654870014651e-01 1.433578296307302380e-01 1.180565595265091611e-01 9.554145723339428631e-02 8.923464325286102616e-02 8.326889740613210855e-02
3.582241429693769907e-01 2.511575641902836775e-01 1.453705946073635402e-01 1.074450091025552223e-01 7.082721192609282845e-02 5.877824843830068563e-02 4.736315281773869484e-02
4.163962375659631121e-01 3.042862888116636411e-01 2.033273082563515355e-01 1.728132378237669520e-01 1.381084727739828044e-01 1.224390925969806448e-01 1.073873915628679038e-01
5.566168728531886156e-01 3.738513960248369683e-01 1.805297473798468111e-01 1.264355693783316970e-01 8.216370135384605533e-02 7.241005034973072019e-02 6.328984851160793235e-02
5.096897652295302450e-01 2.645984893001781524e-01 8.375244647501736694e-02 7.274264744150499284e-02 6.300058613849404687e-02 5.820531478564711786e-02 5.357926057462787661e-02
4.187169573745331275e-01 2.329231934669601101e-01 7.738317806501714136e-02 5.847814080572660139e-02 4.350086703696807999e-02 4.153790026491450960e-02 3.961345321321583374e-02
1.885238382844070526e-01 1.417671639850308085e-01 9.966093897510808208e-02 9.459515723806694032e-02 8.941614287366302094e-02 8.040457314298796176e-02 7.208222069394724929e-02
2.104048539260600370e-01 1.887649230187262994e-01 1.697452628484588388e-01 1.546193639545491161e-01 1.441037385991379427e-01 1.255641538561806381e-01 1.080833862816859142e-01
1.429221314642231955e-01 1.271594362076864382e-01 1.126359996721405105e-01 1.069547153231896752e-01 1.014955574196769739e-01 9.548062295688487799e-02 8.967142586681488281e-02
9.569884277062683242e-02 8.118119162492666574e-02 6.675688839809860997e-02 6.469640968430778738e-02 6.257331456483561372e-02 6.422179844946582228e-02 6.594701209372300088e-02
8.631025054758732773e-02 8.167484640391721451e-02 7.734210195099079643e-02 6.691006461143490791e-02 5.806818780329456309e-02 5.368549549873810611e-02 4.948841155942042269e-02
4.455783520956795862e-01 2.891996462668498524e-01 1.392949819126983180e-01 1.126029568181000501e-01 8.725188276211796878e-02 7.812243940952479093e-02 6.960617621035289360e-02
4.414973304496486173e-01 2.735876363844142456e-01 1.048918002248729331e-01 8.669790327871322588e-02 6.987328529463084081e-02 6.185147666075622996e-02 5.389286818345224300e-02
4.431414200936162895e-01 3.453183221146966519e-01 2.481901087598585298e-01 2.359990419183865817e-01 2.229949804460701623e-01 2.164222768391028395e-01 2.096384954812322288e-01
3.408268740912118733e-01 1.775471478628179722e-01 5.131584759224244036e-02 4.721922289328995409e-02 4.334408816225680111e-02 4.032981081292062731e-02 3.746272450085708083e-02
1.240822887459251539e-01 1.129898358463962138e-01 1.018184547652193905e-01 1.009084784426466097e-01 1.000665702454365119e-01 9.918970429299316105e-02 9.832227655912688380e-02
4.629841267017439921e-01 3.735764352252055054e-01 2.570335560098196415e-01 2.355112891545795284e-01 2.150247776709643677e-01 1.942466355436450742e-01 1.759150629013535305e-01
4.389942952459646719e-01 2.641697403118483112e-01 1.017575241358850968e-01 8.557362814585202371e-02 6.963041407912586023e-02 6.386899333777748544e-02 5.829960951044445283e-02
4.539061054543191975e-01 2.974931579650971214e-01 1.513123148711097155e-01 1.166614510345394679e-01 8.867100950160315687e-02 7.222749122416777245e-02 5.660490919259664189e-02
8.333081001625408657e-01 4.118754268010687558e-01 1.695013528086757315e-01 1.368139628939318564e-01 1.013374615328706124e-01 9.303142502045144702e-02 8.526384298820983976e-02
3.887580127489774218e-01 2.373789923635339916e-01 1.100742544108571086e-01 9.787698218999676958e-02 8.735433033271901293e-02 8.146940752004512565e-02 7.590466982879058577e-02
4.351683560545793195e-01 3.560548615506751169e-01 2.797661263311404523e-01 2.626554848257269259e-01 2.468296195399666271e-01 2.214584785298156500e-01 1.991595589869157301e-01
5.985652132584320245e-02 3.791187163776024022e-02 1.936845779167599424e-02 2.695404816106736212e-02 3.421150264065257046e-02 3.059607673354386784e-02 2.714784021335528083e-02
3.937833345004215224e-01 2.979051966915042815e-01 2.118472455244451713e-01 1.864108238749122848e-01 1.629191558335408574e-01 1.519553477284632248e-01 1.414683107151552544e-01
5.507290077421237579e-02 3.757285402704521604e-02 1.976022229183417925e-02 1.717862382383110453e-02 1.489258999954129817e-02 1.298727469653193634e-02 1.119677223641821380e-02
6.355793726903730123e-01 4.350697567538156507e-01 1.624057254756854918e-01 1.346302374074698494e-01 1.132370356584437021e-01 1.079739051559012869e-01 1.030467923389406654e-01
2.466594575270404377e-01 1.689253605386684676e-01 1.015100980343659337e-01 9.137272436313080559e-02 8.247538299358901648e-02 7.414429430232222229e-02 6.636225718669591656e-02
6.776069406052519506e-01 4.756290834879863816e-01 2.749545567067838703e-01 2.557484892884292482e-01 2.382191358108283197e-01 2.179912696315276510e-01 1.994108869940181272e-01
