4.090402803489716077e-01 3.549185600464452861e-01 2.976805676576181892e-01 2.404800206177190869e-01 1.843435883252341201e-01 1.568509434720270768e-01 1.323243071838940133e-01
2.909508893080184344e-01 1.890025854874397837e-01 1.069326295980589925e-01 9.296796774030886834e-02 8.052469829728596540e-02 7.814101144548116218e-02 7.597515486549963337e-02
4.194276392508570206e-01 3.426047926016713152e-01 2.648810847798944712e-01 2.174799768844834780e-01 1.778586514129422147e-01 1.508214452820988427e-01 1.246279612734127185e-01
1.691022475233230071e-01 1.477101216857157340e-01 1.268276234958434778e-01 1.215051672280828693e-01 1.165006256300610415e-01 1.165184956590612497e-01 1.165359959006215251e-01
4.294714944205306750e-01 2.875338860930599649e-01 1.624685094786870454e-01 1.220338746631097621e-01 8.964403924281583169e-02 7.333007841704501650e-02 5.879199376347415962e-02
2.102373743244696502e-01 1.118507075956597097e-01 7.363024073234256117e-02 7.588592341959789211e-02 7.779649525950295408e-02 7.855777442426144230e-02 7.931228204957582739e-02
2.523498543725209986e-01 2.312600548807730583e-01 2.126369971748304777e-01 1.944238183505876960e-01 1.786341864826976045e-01 1.684110360747306523e-01 1.587088805812141012e-01
0.000000000000000000e+00 0.000000000000000000e+00 0.000000000000000000e+00 0.000000000000000000e+00 0.000000000000000000e+00 0.000000000000000000e+00 0.000000000000000000e+00
4.030143793669812569e-01 2.755642819860459891e-01 1.637408128419375053e-01 1.358196363784731631e-01 1.126989154255251674e-01 1.034941821186343841e-01 9.475717932194684112e-02
3.654560595346848517e-01 1.814594871039370283e-01 3.976362165586026093e-02 3.023433220446888892e-02 2.279282947661686112e-02 2.285323792783790220e-02 2.291414601652741120e-02
1.491984199958205082e-01 6.621491766508197374e-02 2.110213254908976932e-02 2.053457711682959291e-02 2.007907535614353312e-02 1.979272463998308154e-02 1.954572760064569523e-02
4.065434814643684169e-01 2.203967342077143288e-01 6.757358139664185193e-02 4.923071267816630375e-02 3.246899183719360871e-02 3.181264996386753280e-02 3.116400751128972635e-02
7.059214634027604074e-01 3.890145656984465017e-01 1.424457752551389622e-01 1.242710749983097773e-01 1.062284225390589948e-01 1.022584874669970750e-01 9.851279044303727639e-02
4.878705971181915846e-01 3.028094703717705838e-01 1.557217038123483444e-01 1.159747702055574509e-01 8.166298374101922664e-02 7.671904429371328993e-02 7.225339387980500572e-02
5.073297209675021735e-01 3.432921555794648527e-01 1.567571709113038947e-01 1.137764591922756918e-01 7.628820740543290624e-02 6.898564464915563077e-02 6.280476333056478344e-02
4.779844177083523160e-01 3.201166773752027739e-01 1.554955675112421887e-01 1.364397431744298617e-01 1.169309314549412393e-01 1.081306726446204097e-01 9.979503970394304480e-02
3.299346338685229529e-01 1.632413606231093994e-01 6.921360388769633165e-02 5.934930129212986905e-02 5.003596660325548146e-02 4.770705236699821633e-02 4.544396202554745051e-02
4.986055623606819309e-02 3.050011682765828985e-02 1.129768870480812523e-02 9.959234140167074964e-03 8.801192553594572310e-03 8.461559182182332162e-03 8.144916831273538160e-03
3.500249760857129799e-01 2.594875475505776796e-01 1.807225519412645198e-01 1.594607817487445900e-01 1.395699805294231544e-01 1.336225530871417155e-01 1.279139997324774958e-01
2.905935370349098101e-01 2.739052084619209571e-01 2.558080825324969831e-01 2.498588953929977152e-01 2.438457623081251024e-01 2.371977072907710815e-01 2.304481407698673323e-01
5.329061326504280771e-01 3.097209086997898542e-01 1.260120160636909736e-01 1.197259912255388553e-01 1.141974996799695330e-01 1.084766931766003167e-01 1.033389279339940042e-01
3.581440376224580002e-01 2.423388148926368946e-01 1.276876767272021596e-01 1.034408848808698878e-01 8.158494549325703837e-02 7.363142305051470493e-02 6.617561692470805279e-02
4.141220724420557886e-01 2.872355989203008719e-01 1.813276641057997296e-01 1.380866511796211005e-01 9.074223682721285766e-02 7.890953442064778389e-02 6.778869393439432289e-02
5.645972028337967741e-01 3.669625585539338375e-01 1.714907106296628125e-01 1.287034267322636205e-01 9.273996766088413168e-02 8.799729442009886216e-02 8.370175518081124366e-02
4.988754952568915102e-01 2.478888478595054068e-01 6.682480201256411900e-02 6.018018272933885887e-02 5.448576608531702919e-02 5.504353210900883586e-02 5.556132390429153328e-02
3.933866127685029523e-01 2.126443905735648232e-01 7.044007998262588610e-02 5.943798219168771463e-02 5.019800239815709608e-02 4.921809111185863894e-02 4.831475190729890568e-02
1.874582493235532332e-01 1.342663178133370605e-01 8.920631230352005225e-02 8.292980004669495142e-02 7.696403819058483808e-02 7.268179279525725789e-02 6.860869943204843391e-02
1.700249666363665979e-01 1.554804008352657918e-01 1.435920529243881194e-01 1.410477996286207403e-01 1.394565109187912988e-01 1.191860101329117044e-01 1.004643049482060180e-01
1.244157242726911666e-01 1.161662763413774113e-01 1.088797459881781227e-01 1.049438695033760027e-01 1.012015809597709148e-01 9.808249208825095544e-02 9.496783256508838089e-02
8.579624027925206176e-02 7.394847064493569044e-02 6.224123678231695961e-02 6.316146394637540962e-02 6.408095311387976278e-02 6.434297702159952337e-02 6.460771861974884400e-02
8.660899088220308517e-02 7.250812048243397701e-02 5.998612930474463839e-02 5.316960381492696897e-02 4.753233749330846442e-02 4.169255457411460281e-02 3.638477734983235068e-02
4.396260290725969022e-01 2.779686348604552548e-01 1.208508104920645171e-01 9.549340558111799049e-02 7.066884995620004162e-02 6.558994876778333205e-02 6.076538466874577965e-02
4.330187601562409117e-01 2.620318384528733113e-01 8.896060774224757994e-02 7.610949325872518045e-02 6.443947179253538271e-02 6.224830089434257169e-02 6.016962109271623699e-02
4.489805569942590391e-01 3.435106789081832646e-01 2.391892069369108142e-01 2.282446080917970577e-01 2.167052056084060319e-01 2.103826899421688268e-01 2.038491055949374353e-01
3.430354113912020830e-01 1.964969071573509918e-01 6.684808318806638450e-02 5.466636896041727339e-02 4.490504701447747132e-02 4.160263212587405474e-02 3.840919428730034391e-02
1.303351581895052513e-01 1.198162706142860551e-01 1.089904197644732953e-01 1.066252777802584317e-01 1.044444497987428166e-01 1.070394470748032012e-01 1.095385352976688959e-01
4.653482011189432610e-01 3.692177673476261246e-01 2.442262637175491025e-01 2.231985951121034373e-01 2.033430969871616312e-01 1.859626392383684490e-01 1.708164556200636175e-01
4.355740563048123848e-01 2.638601626288532009e-01 9.731788461523380174e-02 7.434193700754215817e-02 5.320496124020375472e-02 5.100520367181347881e-02 4.881407162106957132e-02
4.489871079498846673e-01 2.987391854117210088e-01 1.598012994960300026e-01 1.197731717926953376e-01 8.733454785563270206e-02 7.406699638561146937e-02 6.215913842249744942e-02
8.317068326024648073e-01 4.191619458277950905e-01 1.573825571922417288e-01 1.276970000021062923e-01 9.702236141610887099e-02 9.278796873508037002e-02 8.864101343499532215e-02
3.890054670370814982e-01 2.454522190303597973e-01 1.251983946678220938e-01 1.134495719185050072e-01 1.037206856637899050e-01 9.090557606815924396e-02 7.911572479699728599e-02
4.387366931475898957e-01 3.492858042344553771e-01 2.627961142434721009e-01 2.432781432599986637e-01 2.255469461559537481e-01 2.145793046650182612e-01 2.049670772661833507e-01
6.015765880131750815e-02 3.661910511141831109e-02 1.812511332402520423e-02 2.177179969660956310e-02 2.531707238197892715e-02 2.042796420850094899e-02 1.586584934355704871e-02
3.882225991705469115e-01 3.074947848429301356e-01 2.349436754995019860e-01 2.003575760419872842e-01 1.688529035549407309e-01 1.526870495940977623e-01 1.376212365803446969e-01
5.600740507075099156e-02 3.790875886892035307e-02 1.978818382347516044e-02 1.712249691939092197e-02 1.478655783179841365e-02 1.419052149559111957e-02 1.363053130726933800e-02
6.475825239376630238e-01 4.174415383968019810e-01 1.282140353323299731e-01 1.149075270999996706e-01 1.042926886898594419e-01 9.864509037514540557e-02 9.347732197751541794e-02
2.420590163718726040e-01 1.621569694048733135e-01 9.565363246704966516e-02 9.372244560074684261e-02 9.193851006047797092e-02 8.556812188917645168e-02 7.966819448306616813e-02
6.688157768289342275e-01 4.410617560964131822e-01 2.269674167654757990e-01 2.171924452458077193e-01 2.083827063132595026e-01 2.028535196498796878e-01 1.978323932060909729e-01
