7.529331916642371780e+00 7.791376706250840556e+00 8.076283968500973742e+00 8.987575149935745245e+00 1.007503261548572127e+01 1.016839814817169163e+01 1.026202860865166677e+01
2.349698243608119341e+01 2.305388711396604862e+01 2.267019536724963302e+01 1.960561410003871430e+01 1.690908297372772751e+01 1.576703681205752261e+01 1.468660724068494972e+01
2.745995317978060513e+00 2.532841906347248706e+00 2.326259250565201775e+00 2.105132402664905644e+00 1.920830437718894945e+00 1.911644551340657472e+00 1.902306028488745415e+00
1.103857353007791176e+01 1.333943015276655686e+01 1.562073545671650798e+01 1.725426462336740485e+01 1.881558325542651033e+01 1.883527048497396095e+01 1.885446674331291206e+01
4.669544578953976455e+00 4.136039968568175240e+00 3.635125650074576331e+00 3.407815008838710913e+00 3.198530853842683985e+00 2.831943471789954980e+00 2.475225532788788652e+00
1.214136353767375637e-01 9.496205304037057260e-02 8.256680303790127351e-02 1.111985847442245184e-01 1.342731038110036579e-01 1.783134192843769117e-01 2.178804592835751341e-01
9.460005272862304082e-01 8.325554208806261736e-01 7.457744159398238537e-01 7.071364312161458887e-01 6.715873531321291390e-01 6.283626101122211649e-01 5.910913600776497301e-01
0.000000000000000000e+00 0.000000000000000000e+00 0.000000000000000000e+00 0.000000000000000000e+00 0.000000000000000000e+00 0.000000000000000000e+00 0.000000000000000000e+00
5.026168069681786754e+00 4.692785649757527544e+00 4.384408014077458837e+00 4.147303922772874962e+00 3.944573778554197219e+00 3.889872733220580692e+00 3.836523587055664652e+00
2.348960812937569642e+00 1.578824307225953794e+00 1.094322172857113751e+00 1.012877048184419149e+00 9.334343701233135393e-01 9.000171930529952125e-01 8.673798702662838256e-01
2.295470211761645007e+00 1.811790257700677920e+00 1.446108838036714639e+00 1.381570937451115144e+00 1.325496656637721093e+00 9.798917748406814621e-01 7.474908287960164710e-01
1.728673682327526162e+00 1.433164078083333459e+00 1.148151601027061597e+00 1.056994979766869625e+00 9.717620387101106871e-01 9.646109571254769532e-01 9.574613528383578709e-01
2.163607260138355581e+00 1.537913099463759314e+00 1.115931377479072450e+00 9.865288649380263841e-01 8.957150611802298101e-01 8.652663345724285193e-01 8.371359218011796832e-01
5.091157990153147850e+00 4.437229752355104750e+00 3.902485994216179144e+00 3.805490715021796699e+00 3.715094685152948717e+00 3.706806250455980667e+00 3.698464064169801002e+00
1.323280482271063763e+00 9.875244340229787365e-01 6.698789811027596741e-01 5.858266226241417574e-01 5.057842228772208015e-01 5.054151071422738895e-01 5.050401036827630863e-01
2.860164201423492258e+00 2.626222045496546365e+00 2.399842324925157477e+00 2.341389588359458429e+00 2.286036206457130682e+00 2.247208872156897019e+00 2.210117493351183793e+00
1.174466452433954089e+00 7.976365544475021441e-01 5.491881370484122948e-01 5.164955654785593486e-01 4.813858817939792867e-01 4.110241351464609116e-01 3.443052304030506106e-01
1.828774707501996488e+01 1.837616291162592219e+01 1.846763725163429370e+01 1.843077964847132222e+01 1.839556919838085491e+01 1.815903356180383099e+01 1.793599233351686451e+01
3.126361331096304763e+00 2.896023231683487076e+00 2.692669152550801304e+00 2.566986186440897821e+00 2.458084363836324560e+00 2.418422479086619337e+00 2.379661828935481616e+00
8.562539902119418178e-01 8.305915417517443222e-01 8.061586117370034277e-01 8.231635743230337754e-01 8.411020212304459731e-01 8.474047020984377676e-01 8.539345481338184163e-01
3.586490589146644759e+00 2.597107494271077677e+00 1.884048824496057151e+00 1.796001350557403065e+00 1.724607773982184122e+00 1.648861292981872007e+00 1.577511829616638606e+00
3.581735227502405028e+00 3.346795864142968480e+00 3.119929254891210757e+00 3.168458748543005576e+00 3.216539453747946364e+00 3.120889331209253381e+00 3.029152251516918248e+00
1.128129320197813001e+01 1.170016912869832737e+01 1.215559048503458683e+01 1.359616090066757721e+01 1.531521523263650764e+01 1.547228160727641466e+01 1.562979366296101524e+01
8.021810170400511808e+00 9.190227917062653518e+00 1.107520480012199471e+01 1.121316640751105709e+01 1.135532347074555481e+01 1.129130973382254588e+01 1.122858627553117472e+01
1.618106239368350741e+00 1.065811111333563765e+00 6.317232339713062528e-01 6.441451326097777930e-01 6.559516424990933237e-01 6.271022208646271912e-01 5.976230327663393238e-01
1.283358171826064709e+00 1.081393745892917480e+00 8.299360768380010800e-01 8.141683898489424642e-01 7.986133066684664161e-01 6.599565690906415982e-01 5.554260039529017590e-01
1.762989021976631321e+01 1.795842196689487125e+01 1.831751309794604765e+01 2.016617702984813931e+01 2.186948126275582283e+01 1.557957704210436667e+01 1.191428259829618419e+01
1.082017614855613541e+00 9.826526114596951800e-01 9.002491120828706173e-01 7.933697773038607126e-01 7.229842408555123834e-01 7.106082955164272352e-01 6.992001617897524168e-01
5.554845775410424125e+00 5.376939213906196002e+00 5.215467490951532170e+00 5.129716520576288019e+00 5.047269031879303647e+00 4.952432698604209094e+00 4.861147392054759209e+00
5.693189396645322375e+01 5.902377574073889832e+01 6.135238967522811038e+01 6.036654396203623918e+01 5.938908295273454030e+01 5.719509296857005864e+01 5.508063462929699483e+01
9.743116346751661272e-01 9.037348159887327315e-01 8.378174929932986625e-01 8.291186780849459925e-01 8.206724100148266032e-01 7.761268516599532097e-01 7.386757844759436198e-01
5.604757362185959657e+00 5.490976517605075102e+00 5.374679053709242815e+00 5.254270379259065926e+00 5.138898414871756692e+00 5.075893949639958436e+00 5.014022544751574273e+00
1.521876658041284891e+01 1.570927108408456085e+01 1.625528455206350742e+01 1.602362150055136780e+01 1.579392876352478936e+01 1.521054408428189753e+01 1.464830696882896355e+01
1.484111798263346493e+00 1.304826166837436130e+00 1.154696641543284663e+00 1.118581796538439921e+00 1.088498461714324073e+00 1.062848120562684295e+00 1.039846401616759675e+00
3.196321068993479120e+00 2.541514108670238414e+00 2.006963476187908491e+00 1.948804022196638286e+00 1.892368615516961228e+00 1.877641217849372435e+00 1.863012135418805837e+00
8.179119445082573492e+00 8.200646066167516679e+00 8.222314142825934979e+00 8.517437070442683833e+00 8.796554334704477895e+00 8.929709145450281937e+00 9.068116631091706736e+00
1.915241591304864377e+00 1.764186129144380777e+00 1.603458502457206780e+00 1.445734696143877063e+00 1.317178043742797566e+00 1.222740397733841800e+00 1.138920627511206041e+00
5.802067034969644155e+00 5.131602352789733423e+00 4.547749916786592017e+00 4.271150817414242518e+00 4.012022367246865784e+00 3.893054537042145213e+00 3.777844440973161522e+00
1.541662371394812325e+00 1.402683126832332094e+00 1.242727590764765910e+00 1.085906617629118553e+00 9.373111332598519363e-01 7.319570504001410294e-01 5.577283498125074068e-01
4.123533230649048420e+00 2.988847470089662117e+00 2.321650143464332849e+00 2.028596171246804580e+00 1.810341854990670019e+00 1.792059761621973335e+00 1.774317526148855073e+00
2.812570799950462330e+00 2.501384671956813133e+00 2.204413750608738898e+00 2.125398002815360954e+00 2.050597408178698622e+00 2.005982960564095752e+00 1.962651768709352318e+00
1.690499341012892742e+01 1.707295340146004037e+01 1.723251191700525098e+01 1.609465210515386957e+01 1.506716013714385660e+01 1.462826009468091115e+01 1.418635324501824435e+01
3.418731208013653156e+00 3.101005106412888512e+00 2.831289203189770287e+00 2.508973185878414114e+00 2.267279245435646295e+00 2.230748504217401784e+00 2.195452210359237988e+00
2.014160159787208748e+00 1.796667727830121519e+00 1.608730806069755825e+00 1.499470391188683971e+00 1.405887882875361594e+00 1.362723990131204266e+00 1.321707244736676223e+00
6.455180590764881821e+00 6.459692410905283566e+00 6.464339195528895132e+00 6.479582623969688093e+00 6.494120332977612264e+00 6.440736793762698476e+00 6.389599466268739647e+00
4.894595417805851945e+00 5.839548470806697367e+00 7.962139262775313142e+00 8.684202374907181721e+00 9.625190358743564545e+00 9.832230165012035172e+00 1.006209000430247968e+01
1.099327095741886495e+01 8.623218259677038589e+00 7.048713129718146675e+00 7.292979491907071399e+00 7.542503831752560117e+00 7.505453241384259400e+00 7.468371366519954258e+00
2.429984809155236736e+00 2.120397726195824450e+00 1.801176352267791936e+00 1.905240345880817143e+00 2.004523362681934096e+00 1.962363325428416738e+00 1.917317985965255378e+00
