3.835610663849136515e+00 3.773915669362708503e+00 3.710560557827415007e+00 3.722462495916412095e+00 3.734430324391842415e+00 3.653582362665039440e+00 3.576531318679787574e+00
1.859877006663510102e+01 1.749126274546625126e+01 1.659379171922358509e+01 1.518850806791718711e+01 1.391954038942671268e+01 1.298472970592598408e+01 1.210726397887514594e+01
2.740254166735086816e+00 2.551544051425855830e+00 2.364551584268185902e+00 2.060596742186142638e+00 1.825391543964266727e+00 1.800912067177021347e+00 1.776344986127381231e+00
1.104013709397969478e+01 1.326658182194025493e+01 1.545169549837428491e+01 1.677321930782254711e+01 1.800996554731659671e+01 1.790722394294976993e+01 1.780727321095307758e+01
4.470028935934668546e+00 3.665803187561516463e+00 2.977496416497334764e+00 2.765579898955585758e+00 2.578777296327230406e+00 2.318763344986160213e+00 2.082643612922729037e+00
1.296544870993198706e-01 8.276985154084572083e-02 5.833253017877577939e-02 9.776288862262394463e-02 1.269795791689704301e-01 1.204912331145001764e-01 1.142268446302130841e-01
9.408492416398577252e-01 8.839087578390951716e-01 8.346092999496050879e-01 7.732554378805238660e-01 7.194330226389706873e-01 6.871967562925846984e-01 6.562112320820547851e-01
0.000000000000000000e+00 0.000000000000000000e+00 0.000000000000000000e+00 0.000000000000000000e+00 0.000000000000000000e+00 0.000000000000000000e+00 0.000000000000000000e+00
5.040332446962242585e+00 4.568869611592580426e+00 4.151191877752226311e+00 3.707550397153380306e+00 3.357693617562198529e+00 3.276478567325357805e+00 3.198299283710630547e+00
2.341326915786931195e+00 1.757807298043002842e+00 1.302972965279483697e+00 1.240225003737007725e+00 1.180583383680211762e+00 1.129083040984462105e+00 1.080089218532520379e+00
2.283210060717285383e+00 1.386530486607944868e+00 9.377626153786617902e-01 9.155730120623906121e-01 8.950475541110444189e-01 8.177274807447417748e-01 7.504513175396172464e-01
1.658485928919976260e+00 1.082456492315545971e+00 6.809344346896396560e-01 6.263847737748935440e-01 5.747369982566133961e-01 5.653981373066455651e-01 5.561061524384692811e-01
2.174856523475287240e+00 1.494245639052011132e+00 9.730256417169432792e-01 9.353037507423883623e-01 8.970348555003823110e-01 8.925915857769656236e-01 8.881375874569147344e-01
4.792350900061283170e+00 4.169394877612904615e+00 3.648239445067295250e+00 3.360908510031372476e+00 3.105847135638825307e+00 2.989877810631294430e+00 2.880655310750040332e+00
1.232893588249074357e+00 8.616544597156768903e-01 4.992601110088669691e-01 4.300661895959845826e-01 3.661873334165025029e-01 3.487994391839446817e-01 3.320454858305105783e-01
2.892335049639048972e+00 2.646097465420716333e+00 2.388436346653793674e+00 2.405827448654897172e+00 2.424375403948605623e+00 2.398249577564891766e+00 2.372455766181349013e+00
1.110003169968601711e+00 7.467020885741387781e-01 5.041063895291859609e-01 4.656295685543748730e-01 4.273768000304387638e-01 4.134355919360431231e-01 4.000749321011208282e-01
1.823194137998731534e+01 1.830656009435643128e+01 1.838235554996031240e+01 1.774722416476678077e+01 1.717263299931759946e+01 1.669725624285696597e+01 1.625321577108410764e+01
3.186103587112174118e+00 3.001547620449323883e+00 2.830350321397623325e+00 2.737235106403457685e+00 2.647579787608832280e+00 2.638019959942002224e+00 2.628260297752839314e+00
8.532976728505839992e-01 8.448589979546969886e-01 8.363324587000215971e-01 8.566554965005851452e-01 8.785493245684998787e-01 8.740436222895460183e-01 8.694231405231841459e-01
3.663013135158185385e+00 2.920087161237458151e+00 2.300128265818073281e+00 2.100100101066807667e+00 1.920638793207694706e+00 1.837002215167928387e+00 1.757992610492258523e+00
3.278401712649054556e+00 2.994349939160908303e+00 2.726698076377230606e+00 2.598483541462415669e+00 2.477379427411885882e+00 2.387421335542860401e+00 2.301701777493250667e+00
8.407352487435742816e+00 7.850881977179695603e+00 7.347940905426285418e+00 7.941527963492952757e+00 8.623735302585947338e+00 8.613882416133147757e+00 8.604130521359685702e+00
5.243579946221149868e+00 4.942277994183389644e+00 4.623049909049138151e+00 3.958247164604508317e+00 3.414557722425661357e+00 3.192597178918513023e+00 2.989520716182400228e+00
1.635899175745275658e+00 1.015975338738652756e+00 5.623773689288815714e-01 5.325354325080946527e-01 5.057626267897767924e-01 4.827630952563277122e-01 4.610278001991316432e-01
1.216169419016889464e+00 8.403958596828312588e-01 5.104115005231584234e-01 4.117747066649360965e-01 3.363058198586107439e-01 3.197691150750119893e-01 3.039351926571806084e-01
1.812453549570606981e+01 1.679227110166555192e+01 1.557949053180750276e+01 1.691011020842539025e+01 1.818815855739926590e+01 1.624090782969659230e+01 1.462822981030336500e+01
1.204461152882827957e+00 1.108558248188140416e+00 1.026714826801932157e+00 8.501378601934783674e-01 7.201105383553072503e-01 6.651027770402540007e-01 6.151742656701102430e-01
5.707018054239712868e+00 5.584340904858938082e+00 5.469338776957074266e+00 5.334204721837167540e+00 5.207773682784970326e+00 5.107854201986281595e+00 5.011691084174776378e+00
1.109637870468460896e+01 1.075308606317286930e+01 1.041421686259514701e+01 1.058956426108070836e+01 1.076702860645904458e+01 1.094347869682360397e+01 1.112748855061104258e+01
8.436378103333638245e-01 8.239306661673120313e-01 8.053212501613433716e-01 7.498648286362611382e-01 7.012430609993953734e-01 6.710675931891306734e-01 6.432842566942942319e-01
5.721951688156639015e+00 5.411931281307136743e+00 5.112678545648615014e+00 5.042135115787385935e+00 4.972698726020586157e+00 4.844358985818096208e+00 4.721686571911805963e+00
5.927079528349901594e+00 5.538060851117298178e+00 5.149739378602793849e+00 5.009265838314549413e+00 4.875684431441116296e+00 4.676870578098807130e+00 4.487051668999786358e+00
1.529897609432705474e+00 1.386958867557296360e+00 1.241483618838238323e+00 1.226985196352984087e+00 1.211678786719867285e+00 1.166817028821522495e+00 1.125272244247119469e+00
2.973104204394900751e+00 2.232106328350504931e+00 1.660614683273074599e+00 1.609131883933140994e+00 1.559774324261965273e+00 1.497890719111541813e+00 1.438701347175881384e+00
5.795294908435061565e+00 5.916057857205682780e+00 6.036104000094091759e+00 6.027832266800925431e+00 6.020182045671822024e+00 5.935410001506211231e+00 5.852871157105277611e+00
1.935317035559473764e+00 1.830779285201498796e+00 1.698334262444705534e+00 1.616292376183002810e+00 1.539742502262593904e+00 1.439383863604209779e+00 1.349046771527317334e+00
5.862785071102656786e+00 5.342211881209605551e+00 4.855432325881597677e+00 4.801692634133376103e+00 4.748121489795649630e+00 4.568075193496265562e+00 4.398326628441082242e+00
1.469433805572511353e+00 1.154341449096658589e+00 8.530098348941392850e-01 7.007612844898660764e-01 5.762459353198053913e-01 4.937768136894595816e-01 4.177274098138001879e-01
4.148734169324745480e+00 2.681622715764803377e+00 1.855323861337131675e+00 1.840957823436548235e+00 1.825395164836702611e+00 1.828238346459786445e+00 1.831084225377895169e+00
2.678829294515768122e+00 2.172558762466393567e+00 1.748401119649142466e+00 1.606450929560254481e+00 1.484198157366717563e+00 1.432017432168414928e+00 1.382489972483553098e+00
1.695655677783486581e+01 1.735896152471902454e+01 1.775235911762750973e+01 1.727873662235783314e+01 1.685020555496929262e+01 1.599467192416176431e+01 1.517405469170680732e+01
3.411220540268320889e+00 3.266454003101430636e+00 3.130968391976413301e+00 2.898209118453241473e+00 2.699931598949468103e+00 2.713049065470150012e+00 2.726398440128657175e+00
2.004932393734621066e+00 1.806239607480834453e+00 1.627413631126174876e+00 1.542339560582480784e+00 1.462318862657449037e+00 1.424141773519458143e+00 1.386954602135982206e+00
6.436081578338039400e+00 6.445797597163341663e+00 6.455666547944331590e+00 6.278749396546951189e+00 6.118231823901470356e+00 5.977488150750268403e+00 5.844502093291986000e+00
4.057402545064763721e+00 4.019075364080049617e+00 3.966153462306393873e+00 3.692574538624061375e+00 3.455880684535641567e+00 3.429088978654752928e+00 3.402249048268958909e+00
4.099371865216114408e+00 3.658211751634141251e+00 3.272966810118396630e+00 3.017764984010946172e+00 2.795343207167531929e+00 2.701409169784424247e+00 2.611508021544604929e+00
2.408853800836112224e+00 1.992353250403870790e+00 1.584140232812886184e+00 1.637800741920534930e+00 1.685692556419776666e+00 1.641868258063002628e+00 1.599342983090326076e+00
