3.909950665966852146e+00 3.876054075269758314e+00 3.841157860195553386e+00 3.979699869987665561e+00 4.125051662305102340e+00 4.076467880637649976e+00 4.028957953437160455e+00
1.705300778933781203e+01 1.534264230582883037e+01 1.398769904514753826e+01 1.300314241404005422e+01 1.209747484753574120e+01 1.116146799425218994e+01 1.029616697174395235e+01
2.780530333544717347e+00 2.428201604419771620e+00 2.122421107651182304e+00 1.854496259636496891e+00 1.644835668592608879e+00 1.603510688827362696e+00 1.562847499704198562e+00
1.033359755188656415e+01 1.359641433926183574e+01 1.687184425773377683e+01 1.734326548311142346e+01 1.780504594555494791e+01 1.752866526126876678e+01 1.726795178573532397e+01
4.207919827285869552e+00 2.623567346425038416e+00 1.818342302163312940e+00 1.783746648218289765e+00 1.749872250851939093e+00 1.540506516837410356e+00 1.358423067547595453e+00
1.226545460531965059e-01 9.252518327916306462e-02 7.819276843381475772e-02 7.259961335768873314e-02 6.763161752844933094e-02 6.705826966795228050e-02 6.647490649545968744e-02
9.581303939009762072e-01 8.992192707395096907e-01 8.492155736084947559e-01 8.155408088179817439e-01 7.829707224846009783e-01 7.312805769458121663e-01 6.879186618625706684e-01
0.000000000000000000e+00 0.000000000000000000e+00 0.000000000000000000e+00 0.000000000000000000e+00 0.000000000000000000e+00 0.000000000000000000e+00 0.000000000000000000e+00
5.091774249189239043e+00 4.735053464053904371e+00 4.407937087032801848e+00 4.452348893020856124e+00 4.495697078683964065e+00 4.342933384279885622e+00 4.197883445878180630e+00
2.373176000099568306e+00 2.285454879810124407e+00 2.181327164759027770e+00 1.814878536759933381e+00 1.532078373431966067e+00 1.322277534937137400e+00 1.153567622226529421e+00
2.289567247063582389e+00 9.766492449672817822e-01 5.418152296987537309e-01 5.467376165952770872e-01 5.516335147563768970e-01 5.045750599552673021e-01 4.604830843947267383e-01
1.112761102912033895e+00 9.761979829533532493e-01 7.901908837327212831e-01 7.100084307704636055e-01 6.322656363344116848e-01 5.456082058036620941e-01 4.741354241968546157e-01
2.196397650752703878e+00 1.809310003795921329e+00 1.473289168581006114e+00 1.398024135910529875e+00 1.312096241806355312e+00 1.233145967658332287e+00 1.162546722359169671e+00
4.862337026924232752e+00 4.232375176347333401e+00 3.709288483770567080e+00 3.532874835438018835e+00 3.366381616293169010e+00 3.348517563525267082e+00 3.330756500592356950e+00
1.306235221737319208e+00 9.600809030293870894e-01 6.543995584687256617e-01 5.693149774392941564e-01 4.816632520017684604e-01 4.832854014095988582e-01 4.848845522183596879e-01
2.907877162077967981e+00 2.659313887912647889e+00 2.421198312580130629e+00 2.326727159397032452e+00 2.237663385579172548e+00 2.197178113834026281e+00 2.158094303591765240e+00
8.983509060887225894e-01 8.817236842323543655e-01 8.656773683705191180e-01 8.509162115467155951e-01 8.366516526235505680e-01 5.479954536412322552e-01 2.686478715658399130e-01
1.702152608845040049e+01 1.304371925508318775e+01 1.062209107369369399e+01 1.057197793351046400e+01 1.052310495810032798e+01 9.282021471220151199e+00 8.290965782955558083e+00
3.219188952460624975e+00 2.639462803440068672e+00 2.231855572318225178e+00 2.261139128733044235e+00 2.292147301604714471e+00 2.272886871547199483e+00 2.253659936556875021e+00
8.821752100524982154e-01 8.626175748947413346e-01 8.434505778397815012e-01 8.671982403937890105e-01 8.932606938563079080e-01 8.903388070843628599e-01 8.873892049300949880e-01
3.708270131160135819e+00 3.242741744540019955e+00 2.804749407932979999e+00 2.835552637051096170e+00 2.868750697966122587e+00 2.774383978282207508e+00 2.684614888139437827e+00
3.289291915804627653e+00 3.001118491562655421e+00 2.732037801458609305e+00 2.570622983741194911e+00 2.423120734131444021e+00 2.336824094974341293e+00 2.254590530448815855e+00
8.530408063211101677e+00 8.202531451527500295e+00 7.892189234276663079e+00 8.539252301858212491e+00 9.273227819346979928e+00 9.521039857059005129e+00 9.780706923552450860e+00
5.322029850750763735e+00 5.225430563827403674e+00 5.116200264003428089e+00 5.014152063317553143e+00 4.915741515781728133e+00 4.927005816425060303e+00 4.938291096180450701e+00
2.289567247063582389e+00 9.766492449672817822e-01 5.418152296987537309e-01 5.467376165952770872e-01 5.516335147563768970e-01 5.045750599552673021e-01 4.604830843947267383e-01
1.222524526965476976e+00 9.331700953220664063e-01 6.367540218921853290e-01 5.793200501420576742e-01 5.271907679004013136e-01 4.625160782798906633e-01 4.073097760488211261e-01
1.617400454840035451e+01 1.328637877376889520e+01 1.120392200106317304e+01 1.289287461918336142e+01 1.459621966929120696e+01 1.332543814933654502e+01 1.216652117422911417e+01
1.250369245896348236e+00 1.127267454916500267e+00 1.024956257489583189e+00 8.821174930757800237e-01 7.704198826661098343e-01 7.177731187364841947e-01 6.690897660866337304e-01
5.692975102530959397e+00 5.401210914975481003e+00 5.145200155690051957e+00 5.201028566689384292e+00 5.257446537734648651e+00 5.095308254120529234e+00 4.942974257238799574e+00
2.542196683040222616e-01 2.043558205311845344e-01 1.523778228439271465e-01 1.469575651829269358e-01 1.412931335477110029e-01 1.233798988200794366e-01 1.069327500025126082e-01
9.816546645780406255e-01 9.203077146886425863e-01 8.625921375307934458e-01 8.161444231851948672e-01 7.737286399606089216e-01 7.769198442283342665e-01 7.801265301036102162e-01
5.689479986605642026e+00 5.084923994152930504e+00 4.566293385412958372e+00 4.625951838121733495e+00 4.687916285966358565e+00 4.666177105850100482e+00 4.644538460560914572e+00
5.708399720390198162e+00 3.774525319318337235e+00 2.766422452213790795e+00 2.708427128592215016e+00 2.650883428488243876e+00 2.408001101630332652e+00 2.202870308488006579e+00
1.507164727412429350e+00 1.401422302347546500e+00 1.306694646513535840e+00 1.205225250225222311e+00 1.132072374163147543e+00 1.103926037452351627e+00 1.079382376780624098e+00
3.149662190759619840e+00 2.321920176967448235e+00 1.733835745961903152e+00 1.713677102304725697e+00 1.693248336038880808e+00 1.653022887053747558e+00 1.614309639400227869e+00
5.454287498649585508e+00 5.410146186870976592e+00 5.368147702243996733e+00 5.452235934969632325e+00 5.532883249987829544e+00 5.432124814150356862e+00 5.332675917483089556e+00
1.924299759044202141e+00 1.711215122089850160e+00 1.525032212634996220e+00 1.446266140890243079e+00 1.357460665426276858e+00 1.300163658110106590e+00 1.246410376472504522e+00
5.867988369508567281e+00 5.803392539491020408e+00 5.733655390937405727e+00 5.461236610543391379e+00 5.206145416078051369e+00 4.889015533780216138e+00 4.601828297796263456e+00
1.446168760863780767e+00 9.634579317367729656e-01 6.412306353335381903e-01 5.961286078554063339e-01 5.527128738764445215e-01 4.859594475974367556e-01 4.297790429143426016e-01
4.174114296343120145e+00 2.621851433129174680e+00 1.865287495947868912e+00 1.823302132518717311e+00 1.779398204545858508e+00 1.784013433802160931e+00 1.788648476717323188e+00
8.983509060887231445e-01 8.817236842323549206e-01 8.656773683705197842e-01 8.509162115467161502e-01 8.366516526235509010e-01 5.479954536412324773e-01 2.686478715658400795e-01
1.555811386247304817e+01 1.545654859038250528e+01 1.535589857989619134e+01 1.526199893322682755e+01 1.517407871441251466e+01 1.437838783437704748e+01 1.361644994111471618e+01
3.625591149612855446e+00 3.672913391276546591e+00 3.722664337682366043e+00 3.680137166033467633e+00 3.638953614718064777e+00 3.610893385161793034e+00 3.583202925016652163e+00
2.049002792972171694e+00 1.740331658148492666e+00 1.497879624113678254e+00 1.492596317854699928e+00 1.487142191808558334e+00 1.445678476598809103e+00 1.405521941175400302e+00
5.993722964030288480e+00 4.728803852900530735e+00 3.916858585398084180e+00 3.915763549049469550e+00 3.914699642534539503e+00 3.504049801837563649e+00 3.165903685849888571e+00
4.120657459408158196e+00 3.495566400110653227e+00 3.004932158616137272e+00 2.963684854259833745e+00 2.914656067589077804e+00 2.894511098865401255e+00 2.874434487789119252e+00
4.082492059182604827e+00 3.170611604758446056e+00 2.536979951511919573e+00 2.485729028392098972e+00 2.434523835394009073e+00 2.417771142696080400e+00 2.400706946604224346e+00
2.272445908327980657e+00 1.867019246062149529e+00 1.428480281779168859e+00 1.528977024323360689e+00 1.626010935312670824e+00 1.582341386997895283e+00 1.537101430379175238e+00
