4.121109242066357536e-01 3.667931352845663073e-01 3.201389061603521768e-01 3.004018370070300481e-01 2.796946278303090727e-01 2.651936451079612844e-01 2.510131797380567020e-01
3.166334520206795511e-01 2.150789418212469550e-01 1.346279501979773530e-01 1.257578928472786184e-01 1.175985620360842365e-01 1.154503229238906525e-01 1.134643615029328201e-01
4.435641683269401225e-01 3.280993320434186789e-01 2.278892382319702148e-01 2.065550770272437664e-01 1.898603475881759373e-01 1.726574566068081740e-01 1.557300578902374166e-01
1.878982418350357564e-01 1.598779334010138053e-01 1.317493063433366474e-01 1.277791409411419554e-01 1.238901670962878343e-01 1.286172406453720274e-01 1.330763502870858372e-01
4.524546505812801489e-01 2.554936213003012879e-01 1.553909260752844301e-01 1.470884901290141766e-01 1.389591448997100909e-01 1.292146595203368387e-01 1.207399703942387964e-01
2.163306381412082868e-01 1.502038786093014278e-01 1.187476491132468531e-01 1.066519131341320259e-01 9.590814417404724956e-02 9.102109192446278252e-02 8.604867203615418347e-02
2.697387487936858119e-01 2.650366048579370082e-01 2.610454302102362956e-01 2.364640174165136832e-01 2.126889816629286556e-01 2.154505034832193966e-01 2.177670934913110701e-01
0.000000000000000000e+00 0.000000000000000000e+00 0.000000000000000000e+00 0.000000000000000000e+00 0.000000000000000000e+00 0.000000000000000000e+00 0.000000000000000000e+00
4.052099152492312784e-01 3.010623461276626389e-01 2.055580276067293655e-01 1.905379321061015097e-01 1.758775535433843296e-01 1.640053881029487348e-01 1.527327040234778277e-01
3.688028484726215139e-01 2.639137446552510813e-01 1.394070958775989189e-01 9.356542738461441633e-02 5.818794102907919735e-02 5.263283408324635759e-02 4.816573273773552127e-02
3.511448789169874796e-01 1.288489290801609066e-01 5.522526005350333195e-02 5.679946579537353130e-02 5.836520029752288036e-02 5.940388208409673465e-02 6.037708726353482880e-02
3.745811138805062446e-01 2.695607519815085840e-01 1.265167670326878269e-01 9.019740886546845360e-02 5.498311581593371550e-02 4.896502153781676775e-02 4.400145482005674014e-02
7.083297986235658206e-01 5.339534913956756057e-01 3.825819018937501315e-01 3.152006916850508822e-01 2.382735279013904472e-01 2.272228944826549801e-01 2.173411507159684064e-01
4.958526657191126286e-01 3.572880003512501901e-01 2.422312989828967755e-01 2.040900859355385677e-01 1.680937024223214671e-01 1.618682585855216460e-01 1.556787056768233757e-01
5.181128166912289945e-01 3.650425414791569345e-01 2.298695131207374731e-01 1.839436004779727574e-01 1.366320260807393216e-01 1.397145665196447561e-01 1.427534031472190990e-01
4.747411562448820566e-01 3.878514591271806644e-01 3.046139402735756341e-01 2.760818373921536950e-01 2.491828669450190659e-01 2.515594174235520897e-01 2.538536998608502682e-01
2.961799211942635693e-02 2.852041108419443166e-02 2.746117628673810582e-02 2.671939255758841100e-02 2.600256407056644389e-02 2.510985901522094083e-02 2.424594201085228037e-02
8.191764055692958568e-02 5.855915152109066046e-02 4.433885936175968601e-02 4.467925061202440012e-02 4.501121809885896136e-02 4.262102430768854866e-02 4.071235726164729868e-02
3.601612720083738894e-01 2.893313828710985525e-01 2.395306708613179347e-01 2.069094236487437621e-01 1.723669910791414961e-01 1.651216957451043521e-01 1.578890004232841870e-01
2.900660065744419813e-01 2.821294086320218497e-01 2.743513338207411167e-01 2.599660210213284861e-01 2.441785074281135615e-01 2.381956894865282781e-01 2.321561218829746864e-01
5.306774732241062997e-01 3.860574611859777794e-01 2.499917371329193061e-01 2.117070815468813372e-01 1.704459422233893517e-01 1.619434226660690646e-01 1.538551533361790236e-01
3.696060977023707395e-01 2.763485860654222859e-01 1.892697874056765706e-01 1.635986672865257507e-01 1.401401767890429750e-01 1.272736766399014674e-01 1.150129654399446727e-01
4.181770611734537124e-01 3.526915564973007733e-01 2.907081273815980138e-01 2.661453482130041182e-01 2.382833368350187886e-01 2.327175831622014524e-01 2.268855705513974363e-01
5.679070792217952857e-01 4.249409420546487737e-01 2.632810113780129080e-01 2.227587520626303219e-01 1.836809662730422565e-01 1.795036841217060586e-01 1.753186220226291003e-01
3.511448789169874796e-01 1.288489290801609066e-01 5.522526005350333195e-02 5.679946579537353130e-02 5.836520029752288036e-02 5.940388208409673465e-02 6.037708726353482880e-02
4.294342870753241614e-01 2.791103556351676729e-01 1.251177962436945124e-01 1.083075150378513679e-01 9.304985712497920725e-02 7.899024604296235597e-02 6.698896481224483890e-02
2.272114475165284420e-01 1.920490071308714464e-01 1.666910598617804273e-01 1.556745355586174606e-01 1.445641337984598096e-01 1.430334303782957450e-01 1.416374719467107524e-01
2.000627227597165658e-01 2.071814458153637406e-01 2.130978916621434904e-01 1.854036838621056504e-01 1.637472599484152136e-01 1.465231155208491232e-01 1.305956579779687932e-01
1.520335917619173860e-01 1.499406369282902385e-01 1.481041574048905241e-01 1.302311967998051878e-01 1.121694938807856895e-01 1.020544910156925417e-01 9.255112894374072086e-02
1.147734246899177052e-01 9.502257333930368144e-02 7.443431648234276332e-02 7.190688190371213873e-02 6.926559042302408986e-02 6.181114144518255055e-02 5.496679236163046212e-02
1.491751719145708865e-01 1.161717902344154563e-01 8.512201147173659166e-02 7.465221824850591659e-02 6.509126382869233340e-02 6.463834282199815151e-02 6.418322454283602319e-02
4.470988695748190356e-01 3.161418034705506530e-01 2.037976306224577316e-01 1.722700069600507367e-01 1.395237370956490530e-01 1.355014660649822567e-01 1.314977963946402095e-01
4.587341062508886180e-01 2.518757410037772426e-01 1.440432411399851231e-01 1.359607364061078960e-01 1.279411720783019679e-01 1.235119525300423099e-01 1.197711726606714988e-01
4.466369352924203784e-01 4.174564506524876539e-01 3.913155814191113802e-01 3.800309396273566787e-01 3.718954422991615494e-01 3.689940122492887942e-01 3.664639595700170394e-01
3.776352998960924578e-01 2.043174036749353661e-01 8.118053894658699976e-02 6.882667104568365724e-02 5.630726328598463504e-02 5.586119278752872674e-02 5.543189148416638456e-02
1.454862544871597663e-01 1.231238283175461884e-01 1.018469796272081090e-01 9.903922744365896425e-02 9.634636938849518162e-02 9.682133912949186794e-02 9.729013577465470131e-02
4.697619292188613960e-01 4.062106485039779780e-01 3.506826549695876150e-01 2.959519693931479400e-01 2.342453938661245294e-01 2.164315071124790768e-01 1.997193799599181196e-01
4.404178298921183621e-01 3.233738382295004432e-01 1.970140680761194862e-01 1.635363854570019981e-01 1.321880986946483427e-01 1.226895509730116102e-01 1.140878334487177709e-01
4.776781544808100244e-01 2.962290266588633036e-01 1.751050361353211904e-01 1.617831498566904835e-01 1.489593478435449481e-01 1.342955342884657732e-01 1.219543103896580660e-01
8.259540415395285606e-01 4.785664774387268783e-01 3.092517888944439353e-01 2.650411155452070400e-01 2.188101898171996573e-01 2.207750627284602862e-01 2.227483710433389441e-01
2.961799211942637775e-02 2.852041108419444901e-02 2.746117628673812663e-02 2.671939255758842488e-02 2.600256407056645430e-02 2.510985901522095470e-02 2.424594201085229772e-02
4.429543433903078697e-01 3.688843364075556908e-01 2.954818157813204893e-01 2.858519281318776528e-01 2.768352613037527443e-01 2.709421058619705391e-01 2.652989364419831575e-01
6.428476851282498294e-02 4.014332606760367267e-02 1.476287985402329958e-02 1.522847494584388117e-02 1.567935984161121510e-02 1.882170463434947733e-02 2.192264053621395190e-02
3.932113845393609419e-01 3.125014264275111087e-01 2.491061448367637154e-01 2.243599208130006295e-01 1.988136022057260810e-01 1.875102856593295342e-01 1.765633160257293888e-01
8.831184456799148763e-02 6.260977716324306330e-02 4.611174830851604012e-02 4.613942037543270619e-02 4.616630577728397800e-02 4.359250221626834176e-02 4.147312558143138872e-02
6.356265934117845129e-01 5.060168927296007091e-01 4.042861828775037858e-01 2.893333948286581081e-01 1.526942662744542600e-01 1.515409297815473177e-01 1.503915068896188867e-01
2.510640427237390004e-01 1.607530854594455272e-01 9.799937593533157576e-02 8.583385258243368676e-02 7.367918427038160079e-02 7.151490097354605557e-02 6.931037449882007651e-02
6.776520463167671204e-01 4.806017661874280034e-01 2.674578518808463090e-01 2.603824156515844868e-01 2.535507788054565115e-01 2.485952145589591100e-01 2.434614423954176710e-01
