4.238931827674924380e-01 3.589320447451453400e-01 2.911125465526003264e-01 2.619528661205842712e-01 2.338272619460718404e-01 2.125166578383039517e-01 1.924936107060448987e-01
3.279899485929811398e-01 1.524130752465220617e-01 4.387404838652689265e-02 4.554889702712392602e-02 4.703773077744673875e-02 4.640672632504878187e-02 4.582872066861017751e-02
4.321701010356613915e-01 3.528538346010121063e-01 2.717428325412774570e-01 2.414830002020035282e-01 2.165741713153242209e-01 2.065659131982287844e-01 1.970822928789507655e-01
1.705925406708368730e-01 1.457066256767718393e-01 1.216466821907140894e-01 1.257191973460453915e-01 1.294798586318713918e-01 1.301681396573758087e-01 1.308166888204636835e-01
4.379199123059634990e-01 3.077319318190055442e-01 1.883996343298949272e-01 1.642668547895341224e-01 1.442771268100223325e-01 1.130724151099261887e-01 8.550541140845636934e-02
1.821016276960153446e-01 2.259998695228173371e-01 2.412176569511013946e-01 2.293502888604403711e-01 2.192067696180114711e-01 1.923099042760319233e-01 1.649561490951353682e-01
2.590659621197018425e-01 2.498313175582865808e-01 2.415896763101207378e-01 2.237326438134732420e-01 2.079917058606428892e-01 1.895094688861551913e-01 1.708942087481301608e-01
0.000000000000000000e+00 0.000000000000000000e+00 0.000000000000000000e+00 0.000000000000000000e+00 0.000000000000000000e+00 0.000000000000000000e+00 0.000000000000000000e+00
4.275366126825432267e-01 3.417817035194304909e-01 2.541424501278483628e-01 2.276070158796803244e-01 2.020628707833848903e-01 1.833833272956201244e-01 1.657413661795046622e-01
3.670977326357555692e-01 1.655829853515505823e-01 3.344800170915634280e-02 3.059363795319590754e-02 2.794433527463601602e-02 2.768504500194544221e-02 2.743061138151632258e-02
1.574237626308105653e-01 5.453058565498145049e-02 1.489110854257417321e-02 3.378853682806166187e-02 4.999981772859458939e-02 5.051508091265758532e-02 5.096345530367309834e-02
3.660358226518569125e-01 2.020996215681437336e-01 5.560112532717033373e-02 4.510763534146521730e-02 3.507699887948748096e-02 3.345242747826553814e-02 3.192844442230106244e-02
6.698955746573691528e-01 3.441288178091378436e-01 1.167375467623892465e-01 1.058069816255473305e-01 9.480713246809499561e-02 9.229781002554478253e-02 8.975566588307680449e-02
5.073027334259714305e-01 3.752438378303132871e-01 2.481746046485371060e-01 2.068439702233109134e-01 1.733344888498428993e-01 1.729848852389258007e-01 1.726454896801936367e-01
5.056332108929252334e-01 2.984341883897895786e-01 1.232868107726705353e-01 1.012152783561633823e-01 8.036019637726887765e-02 8.048541006715151380e-02 8.060318409740714618e-02
4.857151342204390487e-01 3.801626136194746763e-01 2.919414558282709127e-01 2.823447973616181050e-01 2.754399367313643543e-01 2.657748362408908216e-01 2.575077384604280151e-01
3.381230245096345510e-01 1.733970279579205298e-01 7.689053743098625548e-02 6.162274133945166293e-02 4.778608494322574007e-02 4.583452582349742399e-02 4.390075339054089892e-02
5.255765926217949302e-02 3.292725783868650363e-02 1.243290532465324803e-02 1.280059214466635654e-02 1.312124496619643081e-02 1.466596029668703130e-02 1.613025691923775096e-02
3.572373947311201503e-01 2.940951090036926785e-01 2.356757192090152553e-01 2.272213579563180930e-01 2.186250062751506351e-01 2.024856148856375160e-01 1.870515081642588340e-01
3.071333866621497322e-01 2.919110288408786613e-01 2.777021717358298392e-01 2.729881483246340279e-01 2.689852377650219784e-01 2.565750018813934830e-01 2.458175422713077263e-01
6.698955746573690417e-01 3.441288178091377881e-01 1.167375467623892188e-01 1.058069816255473028e-01 9.480713246809499561e-02 9.229781002554476865e-02 8.975566588307680449e-02
3.356209467879163189e-01 2.168978391064728117e-01 1.131113999095272188e-01 1.084243307603072193e-01 1.042671947909796643e-01 9.026476306559361173e-02 7.726666236563296819e-02
4.636710051142277078e-01 2.198186009600142377e-01 9.011248051746786891e-02 7.081962783950675189e-02 5.262696325249065915e-02 4.991168166727597694e-02 4.716003147606029344e-02
5.856075648736058792e-01 4.091410700498879227e-01 2.500738204152223032e-01 1.883412149583011674e-01 1.378692994905303670e-01 1.363714542467737989e-01 1.349322870448166067e-01
5.071496373725090656e-01 2.708567334469616505e-01 9.585716751941705804e-02 9.907030676911421363e-02 1.017620264210950809e-01 9.943744216401721736e-02 9.728231665982116361e-02
4.149074712181762270e-01 2.351575862126105421e-01 8.689335665925534968e-02 8.233531484581035897e-02 7.784128674429034722e-02 6.666250550500989192e-02 5.736415368320785246e-02
2.089776807507623679e-01 1.367715649884943541e-01 8.323206328331363146e-02 1.057804167685123670e-01 1.241197786027598698e-01 1.219408076796627688e-01 1.201782444712872489e-01
2.439882883352607057e-01 2.412995728924942629e-01 2.392480735174754569e-01 2.303921554396076710e-01 2.244493050514816124e-01 2.047254373841896902e-01 1.882259690378406958e-01
1.368083580147161915e-01 1.262722678411101473e-01 1.170829338306551004e-01 1.078846127883144740e-01 9.978348881933965520e-02 9.238332761703693663e-02 8.488207664223292037e-02
8.019453018852217008e-02 7.556738610090438235e-02 7.091825089131541249e-02 7.015960700843547337e-02 6.934931910504953112e-02 7.078946442371823744e-02 7.225440685105455341e-02
9.694144765371021100e-02 9.941477167165366224e-02 1.013519378855912978e-01 1.094778171260493010e-01 1.157465973685461863e-01 1.085094576199162331e-01 1.021347737360913527e-01
4.460348794494998215e-01 3.120490193561586967e-01 1.728142876393874428e-01 1.581971659163914357e-01 1.434974020639637193e-01 1.274801906583486744e-01 1.129183483131866034e-01
5.376474555401691280e-01 3.252251550797764512e-01 1.302844752992129984e-01 1.179732492040729414e-01 1.069470648964371690e-01 9.784543779802125363e-02 8.933366300314149466e-02
4.485230603148936401e-01 3.654774692444823225e-01 2.920170727734468508e-01 2.829250001795860503e-01 2.757261561175135545e-01 2.662383084449773674e-01 2.578059372907330338e-01
3.710026988933984304e-01 1.994760303579622973e-01 5.711394419628295499e-02 5.185092874647165978e-02 4.688540889647858229e-02 4.447463866489418521e-02 4.215749525302865675e-02
1.318459777374162423e-01 1.206098913567633518e-01 1.091539866253395108e-01 1.151054037367332389e-01 1.204879988570382310e-01 1.189228285356906251e-01 1.174313754355958000e-01
3.377490787993557286e-01 2.979540599581729787e-01 2.588415265653983277e-01 2.409294281670704696e-01 2.239569973450759865e-01 2.010871717853701390e-01 1.803261194993117655e-01
4.392591283052356133e-01 2.655496384026787005e-01 1.118170678630568682e-01 1.012266438582680311e-01 9.106137955371014503e-02 8.551086795343594560e-02 8.020530768641657982e-02
4.461911021066464755e-01 2.861747408373118140e-01 1.463992753012454406e-01 1.316357922721954621e-01 1.183915794894484369e-01 9.347995957628796315e-02 7.235008165214416864e-02
8.329743093714696567e-01 4.727106346647420021e-01 2.524196367270688524e-01 2.182825372155102750e-01 1.817879925753981274e-01 1.804575859176786867e-01 1.791399222592390816e-01
3.851346029679839078e-01 2.583341803497909983e-01 1.392613768221989679e-01 1.344328693231085226e-01 1.298622901003192165e-01 1.239821747195027773e-01 1.183369922670797214e-01
4.390547971010212436e-01 3.405519692586402303e-01 2.596780809324261141e-01 2.769140163563981183e-01 2.899859066087697168e-01 2.689080212581305696e-01 2.503564858789062431e-01
5.807548371786307173e-02 7.342365307734170787e-02 8.359784391836219686e-02 7.003522336848828911e-02 5.690613997536830143e-02 4.934102632818959666e-02 4.233101570582916556e-02
4.248599776975917064e-01 3.413728856336532558e-01 2.629232917171028805e-01 2.362243525839939073e-01 2.106836174680204454e-01 1.903678137622575317e-01 1.715442734482624243e-01
5.804050852611637029e-02 3.976303599790549648e-02 2.072113677404032253e-02 2.173725195945545516e-02 2.262733479887226590e-02 2.374604814041773523e-02 2.480266798276137968e-02
6.476118662465240039e-01 4.702507081193751937e-01 1.883836054939241333e-01 1.845700097086336589e-01 1.807412404776643500e-01 1.571102843295795748e-01 1.363545202431894754e-01
1.851818400945565435e-01 1.497066483162757533e-01 1.147297926432041260e-01 1.002240393375705280e-01 8.714195063892218873e-02 7.704232505515901108e-02 6.770233796789390524e-02
7.018851804409497186e-01 4.656211904856090156e-01 2.336563319532514726e-01 2.319940754518132198e-01 2.306712346986740936e-01 2.257417102694359856e-01 2.210636425272107797e-01
