9.388831818465849244e-01 8.206062777540304998e-01 6.971250622530743568e-01 6.448099696955714721e-01 5.943501030637758920e-01 5.530648671026956453e-01 5.142740275124738636e-01
1.653668577526380412e+00 6.634936016370407419e-01 5.138207318946135665e-02 6.394208257184323674e-02 7.510713081536407598e-02 -3.134715350632353431e-02 -1.288602189945738941e-01
2.826553095587732933e+00 2.704695898453155056e+00 2.580081367133530978e+00 2.297653243530933587e+00 2.065168353174407390e+00 1.999015317264480673e+00 1.936330055933573435e+00
1.109695941660590535e+01 1.452880248845105093e+01 1.784674158698549817e+01 1.788864378348453954e+01 1.792733730877658616e+01 1.750199492437112170e+01 1.710120594834233643e+01
2.068536930751508240e+00 1.675502146058178266e+00 1.315240440828858492e+00 1.119051866163109921e+00 9.565444254558548298e-01 7.867198793960503700e-01 6.366927317388380025e-01
9.360951882857825035e-02 2.735363804160497181e-01 3.359099201828450454e-01 3.340352923373099969e-01 3.324329721363767365e-01 2.848585406321623714e-01 2.364759750175168818e-01
9.822514075710343517e-01 9.356545820896237098e-01 8.940683232610191489e-01 8.374742173252893718e-01 7.875866276489263962e-01 7.640870474388030686e-01 7.404183324802366961e-01
0.000000000000000000e+00 0.000000000000000000e+00 0.000000000000000000e+00 0.000000000000000000e+00 0.000000000000000000e+00 0.000000000000000000e+00 0.000000000000000000e+00
1.221900514881133493e+00 1.036173452331878631e+00 8.463652972620826498e-01 7.975944521816946686e-01 7.506455486306483627e-01 7.160044380761286797e-01 6.832875183172387734e-01
2.374291261658026286e+00 1.566138128591162637e+00 1.036225045516722343e+00 9.996287959897490749e-01 9.656616669948550058e-01 9.435963736860270012e-01 9.219443756988322525e-01
2.252628155072679661e+00 1.125631240442692249e+00 6.914569859756213299e-01 6.603358857713488295e-01 6.336384489707796996e-01 5.963568092209906579e-01 5.639148785030601019e-01
1.087210682005052442e+00 7.266009817607058663e-01 4.043489198825110376e-01 3.634867666362567862e-01 3.244269872087112705e-01 3.072419495718259896e-01 2.911209553483489754e-01
1.409092088004694210e+00 7.623877307564241868e-01 3.109760299159211039e-01 2.867795395997634889e-01 2.624296784274081085e-01 2.571695600178919294e-01 2.518406397577081512e-01
5.014932126485116548e+00 4.707669771287564586e+00 4.412016898495682682e+00 3.887751053302006987e+00 3.462694026750767762e+00 3.399720484435337475e+00 3.338585702321892779e+00
1.274034838479479292e+00 8.208964008448762506e-01 4.378540095709594904e-01 3.850311652770131987e-01 3.351195992235056487e-01 3.247270381952489515e-01 3.149519585045041370e-01
1.210007427006806635e+00 9.667721379828023709e-01 7.634752513599005752e-01 7.203385180655769160e-01 6.893013469005576654e-01 6.541292497867303712e-01 6.240445997336302453e-01
1.151687942522958918e+00 7.106854799926253241e-01 4.523194608853909893e-01 3.990131990503565373e-01 3.507036444586769108e-01 3.477667419616328748e-01 3.448566066602460345e-01
1.823296338920192738e+01 1.844159391550979876e+01 1.865940645327200542e+01 1.765434760693054272e+01 1.677785452275727351e+01 1.637907773380250376e+01 1.600106147819076696e+01
3.351583910158111745e+00 3.138389693178742057e+00 2.941141907163310254e+00 2.968752697281163755e+00 2.996827208761525085e+00 2.908739474496668809e+00 2.824501137456794986e+00
8.321715073892390624e-01 7.952907366236028341e-01 7.608654782053091425e-01 7.619386819637803399e-01 7.628499923843430341e-01 7.564797649823901127e-01 7.509579147431073576e-01
1.999612765071191678e+00 1.247888222717217221e+00 7.231704742990098245e-01 7.002762160335960218e-01 6.772368411853099124e-01 6.746719155461755602e-01 6.720734409225774808e-01
2.887325106275536069e+00 2.445258207386487470e+00 2.058808170670495929e+00 1.923643030942466803e+00 1.803760040896101424e+00 1.688086475024972000e+00 1.580709650270269329e+00
1.286379944540976927e+00 7.084264985624848521e-01 4.010106273338241989e-01 3.487727772414387362e-01 2.995138262018545716e-01 2.995832727092556103e-01 2.996536493863596329e-01
3.261084397747051167e+00 2.721092361039977980e+00 2.234342464469408984e+00 1.919114240989865827e+00 1.661387029725185593e+00 1.644116375540773722e+00 1.627522298707967385e+00
1.622875563671450916e+00 1.008604086339187189e+00 5.536719232951009539e-01 5.366818547358223057e-01 5.224488888182007296e-01 5.015077901903686186e-01 4.820932666680169953e-01
1.223317436552247672e+00 8.242404057987605670e-01 4.950671854916969261e-01 4.755189020879648787e-01 4.562451572325065818e-01 4.025447259114251497e-01 3.578774681202641639e-01
1.735139532422195785e+01 1.421134976520469273e+01 1.188306395746428379e+01 1.251545812035383065e+01 1.302980633574395064e+01 1.155920080311933695e+01 1.036963228783442759e+01
1.056579727398961666e+00 8.153192010319277871e-01 6.312365676724727148e-01 6.723848969586473379e-01 6.999978855295578839e-01 6.430799282861690003e-01 5.954667496886733025e-01
5.845535759873826898e+00 5.508357082108420677e+00 5.214277642758916365e+00 4.929904840845052760e+00 4.679452686467678646e+00 4.712180075196710227e+00 4.745354535846302291e+00
1.655495312035240862e-01 1.569182814706981122e-01 1.482460105675683926e-01 1.445572216386830089e-01 1.406173216214666455e-01 1.323285475522962273e-01 1.238970534196364298e-01
8.667163210713401122e-01 7.848432597834413826e-01 7.207183303330575441e-01 6.700682405950985077e-01 6.309937881654908987e-01 5.851572489314379455e-01 5.447830875784065441e-01
5.831496759854741363e+00 5.709961556774082680e+00 5.583665234286843138e+00 5.603807289226139687e+00 5.624063223104319498e+00 5.342053732397944898e+00 5.085668420403747447e+00
2.950811466288053797e+00 2.399853382281603942e+00 1.894237243137869786e+00 1.815627169471780711e+00 1.745222389803142260e+00 1.646148222985365894e+00 1.553494790052474483e+00
1.551577745425888777e+00 1.337001234133232241e+00 1.147191331045596785e+00 1.067229370844153147e+00 1.003917768737443206e+00 9.533122787345268412e-01 9.083364012884543870e-01
2.615402753061905283e+00 2.002048093757182734e+00 1.492981780039516870e+00 1.428573706985112990e+00 1.367806344946889130e+00 1.343924032765362320e+00 1.320969235329037872e+00
5.806963625733870593e+00 5.996430220536256073e+00 6.189603464876984873e+00 6.126966866483990692e+00 6.070316922016617767e+00 5.941397461531433777e+00 5.818549918116711517e+00
1.719158191406694680e+00 1.634219853285177493e+00 1.550738209530643008e+00 1.489765793514264081e+00 1.431991986678517570e+00 1.340869409791833666e+00 1.258149033187039745e+00
5.902402797325234651e+00 5.151124163938315625e+00 4.486243992067146635e+00 4.412127645710518742e+00 4.340986749967100877e+00 4.210031890959164080e+00 4.084856241080096595e+00
1.446146898213277243e+00 1.060399105929738184e+00 7.234455793138674373e-01 6.458743098664569970e-01 5.762856906789820544e-01 4.681965335087988067e-01 3.765159963180796932e-01
4.126481897209605343e+00 2.839842559931037069e+00 2.053099173088906770e+00 2.050437236547926645e+00 2.047591471579199407e+00 2.023497944141376514e+00 1.999635191107010268e+00
1.739830379485080680e+00 1.426099238439522132e+00 1.131487866120285180e+00 1.097398294199370294e+00 1.065129712414033314e+00 1.028880839830150551e+00 9.940802472944578749e-01
1.697021624466913536e+01 1.558718707089183120e+01 1.445167706166712662e+01 1.296117625397247863e+01 1.183076687960469364e+01 1.064657084210103655e+01 9.604309992863603540e+00
3.380871758479150557e+00 2.714101968490402417e+00 2.272105080686766421e+00 2.212644449338232455e+00 2.155084512104000538e+00 2.030490187310110439e+00 1.915038182089181085e+00
9.810181173166042656e-01 8.197022069575761183e-01 6.681198803117699425e-01 6.201097897203246001e-01 5.741823841190517586e-01 5.324737141624050762e-01 4.938286848176220989e-01
6.420066952117090331e+00 6.478709476098654996e+00 6.539804631906799059e+00 6.245242346517009047e+00 5.987215659062539608e+00 5.838395846596671213e+00 5.697836186721638718e+00
4.224716247093112997e+00 4.400013004490938684e+00 4.678599306188066187e+00 4.777227874511284611e+00 4.876248863874407036e+00 4.548590931857781072e+00 4.260799329378643918e+00
2.093350445516942493e+00 1.822155831213597255e+00 1.554770810631134426e+00 1.429577835225825710e+00 1.316671902373384162e+00 1.177043062758650560e+00 1.047916339377138906e+00
2.190943895073444558e+00 1.693653548178826851e+00 1.205412047691504673e+00 1.154156071687853391e+00 1.113366040882813213e+00 1.070604197797946577e+00 1.030023650606231689e+00
