4.212675249295839697e-01 3.521029140571297344e-01 2.843661750533046373e-01 2.545910912371719403e-01 2.253958313136341929e-01 2.053313524835087556e-01 1.859083390320430407e-01
3.013749113819266801e-01 1.993135318828222480e-01 1.212210875928839693e-01 1.164295447073181305e-01 1.121269593181247887e-01 1.080898110522658107e-01 1.042488256564940152e-01
4.352462077743782798e-01 3.613848105717148984e-01 2.882577859467512771e-01 2.645124321258456868e-01 2.458905643264462648e-01 2.338324712617237955e-01 2.218625499275842794e-01
1.796744108047364508e-01 1.519244491503286554e-01 1.243391202677852220e-01 1.250781580716340269e-01 1.257775956846036991e-01 1.319276212782970747e-01 1.377673533114750770e-01
4.501281792504023826e-01 3.295738392450567322e-01 2.231320304022066658e-01 1.884516343537307181e-01 1.602021840192734969e-01 1.311385847585986586e-01 1.053377504352501909e-01
2.141630046853172098e-01 2.574736167665597208e-01 2.731847666165666544e-01 2.363902006552469626e-01 2.084511551029127330e-01 1.765633613121233014e-01 1.496277713042867830e-01
2.661893668511367550e-01 2.451872050696991823e-01 2.274918245960245722e-01 1.953552000184165249e-01 1.630574836758393042e-01 1.353797768833855664e-01 1.057782227980707951e-01
0.000000000000000000e+00 0.000000000000000000e+00 0.000000000000000000e+00 0.000000000000000000e+00 0.000000000000000000e+00 0.000000000000000000e+00 0.000000000000000000e+00
4.212675249295839697e-01 3.521029140571297344e-01 2.843661750533046373e-01 2.545910912371719403e-01 2.253958313136341929e-01 2.053313524835087556e-01 1.859083390320430407e-01
3.697789830618179452e-01 2.832876215989057478e-01 1.810740939065698940e-01 1.512466088983596135e-01 1.233646815245979245e-01 8.179187144314555014e-02 5.211483198400285871e-02
3.114624048863145478e-01 1.215697631325534656e-01 1.937876184858958878e-02 3.441354831244321927e-02 4.731979991374365285e-02 4.948530654893944919e-02 5.150880742087923791e-02
3.610440704048874516e-01 1.942443333257781457e-01 5.527687191060799698e-02 4.426491308692168114e-02 3.332485295269475151e-02 3.283138890208752575e-02 3.233781078525227448e-02
6.639138016437671208e-01 4.237161769476349149e-01 1.774103128952502495e-01 1.600165030484797524e-01 1.431605678331724363e-01 1.438759070222496439e-01 1.445864609316761251e-01
4.927575159146906358e-01 3.465123773342903002e-01 2.174362688753321837e-01 1.827913804212792648e-01 1.534073699498797738e-01 1.426936549535983978e-01 1.328132016589650966e-01
5.203094034149052804e-01 3.516493487890404723e-01 1.926790859770300124e-01 1.549865550982911788e-01 1.193306176606909463e-01 1.158761272675519621e-01 1.124902507370558052e-01
4.806627276836610285e-01 3.715152719522887836e-01 2.653552138970364238e-01 2.417168926084900527e-01 2.187533595076709136e-01 2.080325725964215500e-01 1.974465005926248629e-01
3.488929458866749100e-01 2.025822532208855220e-01 1.097827902649782111e-01 8.571140617742951939e-02 5.946900146792929304e-02 5.459937561305541059e-02 4.972966235481437319e-02
5.407911399891668358e-02 3.048078068664300533e-02 9.266941669745922677e-03 9.571388687450251356e-03 9.819632408643941615e-03 1.190146236828794855e-02 1.379014422218308514e-02
3.598071894307168228e-01 3.036594876269038679e-01 2.505441844260937190e-01 2.416961553691656939e-01 2.327908388260065131e-01 2.313356477636878961e-01 2.299483642727434551e-01
3.127762124061279625e-01 2.940062175594458371e-01 2.792729352332558035e-01 3.001821846452996101e-01 3.147374237782062933e-01 2.945391022037882056e-01 2.777600523336828386e-01
5.297597504282897107e-01 3.203145450164404107e-01 1.347677656887323883e-01 1.246935213559462463e-01 1.149595430568244037e-01 1.109385154058637468e-01 1.070041278889738989e-01
3.648718754394277841e-01 2.578128325444319358e-01 1.537673736599400598e-01 1.412485540978429821e-01 1.303482603047547428e-01 1.152108636991080876e-01 1.017628332256036439e-01
4.663802084358423250e-01 2.495746321246704591e-01 1.275062825539582112e-01 9.936846642125814200e-02 6.782144243949074502e-02 6.207486716033699947e-02 5.628256583744332270e-02
5.671884170686664062e-01 3.858039355143412230e-01 2.027220172638812823e-01 1.612169026236561220e-01 1.263688410078171453e-01 1.224336534008962502e-01 1.187093418961679275e-01
5.659431915961661286e-01 3.330283147170409186e-01 1.275877402692595086e-01 1.283498496797300936e-01 1.290216772495911546e-01 1.279767688905102119e-01 1.269854579278119899e-01
4.179177592610313630e-01 2.446525866734797217e-01 8.908253191091607126e-02 8.161168878039240515e-02 7.454358296455335098e-02 6.696905159875311819e-02 5.992962356452519179e-02
2.164117140849025067e-01 1.518384842581468885e-01 9.338820076071785437e-02 9.034960345811336724e-02 8.744410329127315362e-02 1.122022057541516571e-01 1.336318363192074699e-01
2.672137437594320764e-01 2.402516870845524954e-01 2.189840720928178108e-01 1.957910337778000776e-01 1.783238483685853359e-01 1.579125597336619724e-01 1.381597608780776865e-01
1.445707389505908602e-01 1.327306891604406458e-01 1.223841278104940977e-01 9.866520934208952709e-02 7.791087288935071020e-02 6.878404496391753165e-02 5.938449987780131806e-02
9.048594822870083265e-02 8.150612609759784466e-02 7.254847601043643013e-02 7.012917112499596206e-02 6.758440486790710799e-02 6.637494776447450118e-02 6.514404832748856011e-02
4.737386853148176091e-01 3.305637038000552308e-01 2.171295945391874260e-01 2.118593600264926102e-01 2.066950329537052544e-01 1.788866128895489904e-01 1.539251728425133359e-01
4.505421678926485041e-01 3.432534848033284569e-01 2.367356591215745709e-01 2.332904119559939815e-01 2.301307801784260587e-01 2.175323144371601458e-01 2.047407317362129331e-01
4.524861619812532987e-01 2.830406567696800435e-01 1.154600944080933778e-01 1.115328280762485219e-01 1.081341237622230889e-01 1.058025943774803662e-01 1.035986625264340849e-01
4.487137937297848156e-01 3.591719484772296078e-01 2.858604447518982572e-01 2.916466184088631342e-01 2.965440371720288182e-01 2.913372431654346895e-01 2.867935062607226970e-01
4.353630923883560766e-01 2.743221100764670073e-01 1.088930702068683642e-01 9.323134118673744031e-02 7.554156835833757133e-02 7.117423283668437850e-02 6.698462811075540924e-02
1.367199853030546808e-01 1.237675660979145609e-01 1.104742639427654521e-01 1.113234122717880747e-01 1.120809131763114141e-01 1.131206608575536093e-01 1.141201277325733232e-01
4.713182565704941429e-01 3.872939084256455944e-01 2.822998941883187451e-01 2.670863835159107413e-01 2.524922760586835735e-01 2.341203327785891242e-01 2.177280276754327559e-01
4.432001148087594822e-01 3.461716554538583623e-01 2.387632148633147544e-01 2.302750705100039263e-01 2.227169013241653839e-01 1.915213728362748224e-01 1.637501954351408273e-01
4.713468432800316799e-01 2.685330862498426785e-01 8.538394826972715845e-02 7.769651737059866947e-02 7.005109302108622482e-02 6.427579461411421502e-02 5.897197287004402044e-02
8.314833926111994122e-01 5.120679598661469489e-01 3.158430704214458262e-01 2.674271298822941123e-01 2.200660820679925245e-01 2.154167480185802119e-01 2.108285947066693700e-01
2.953545012689323679e-02 2.827927157934821342e-02 2.706491072254529201e-02 2.646851749427581516e-02 2.589258504628061744e-02 2.513309353252950878e-02 2.439689856105099058e-02
4.449288325702368541e-01 3.665587622623698860e-01 3.060544527839408890e-01 3.227854428904263218e-01 3.347033269236722175e-01 2.955336298714683063e-01 2.622012432094783518e-01
6.542103238009278066e-02 8.779087026415643980e-02 1.036561316258195614e-01 8.917554130556173964e-02 7.467197045136168831e-02 1.110672667588685492e-01 1.428913590618264839e-01
4.227574431472359562e-01 3.346766230046110957e-01 2.569773280238654700e-01 2.289625875840679559e-01 2.019134864471145707e-01 1.838436039104829056e-01 1.664186576552642571e-01
6.117178823417265127e-02 3.803614504293576642e-02 1.668803822576834031e-02 1.704604154229885649e-02 1.733964847228882875e-02 1.887506532455532349e-02 2.026999513643009537e-02
6.506452787561721740e-01 4.794928758343270370e-01 2.092956249022329129e-01 1.887302216132664689e-01 1.668789373911820084e-01 1.619498056319156887e-01 1.570260617700095784e-01
2.473620284090418120e-01 1.658648570965512992e-01 9.618108952716697413e-02 8.905055366269305772e-02 8.209634878317997875e-02 7.646108527167500002e-02 7.100437494961080176e-02
6.801022964131840931e-01 4.524640369527738737e-01 2.724102993190199995e-01 2.893545597082031740e-01 3.017163820848851041e-01 2.752372581341171465e-01 2.525766720678920274e-01
