3.959638489304791786e+00 3.948576083116101643e+00 3.937064360105254401e+00 4.032983070606590559e+00 4.130496280567367506e+00 4.074779599100356364e+00 4.020681847616044635e+00
1.834509796802247195e+01 1.609188971781553690e+01 1.441885678169595586e+01 1.291472418685801493e+01 1.157430069693450569e+01 9.975399012689551981e+00 8.521885010740078314e+00
2.796349373719905884e+00 2.451069263044597157e+00 2.154693731934169243e+00 1.975277143834401450e+00 1.823035564959207377e+00 1.782099269544925368e+00 1.742249404342731012e+00
1.094895911187349569e+01 1.425821640059908368e+01 1.741638322966018038e+01 1.739272689607481936e+01 1.737111978449026850e+01 1.723900009625613450e+01 1.711203059687035477e+01
4.550612708524350403e+00 3.948952420867565039e+00 3.413713964107731424e+00 2.922392406152069189e+00 2.526213294986158875e+00 2.293487325016961620e+00 2.087748847483121395e+00
1.409163316137880539e-01 1.058913268799732826e-01 8.369350665371874665e-02 8.078755754684904811e-02 7.856989355812324383e-02 7.224276036173878091e-02 6.607682485137962580e-02
9.605659777791354381e-01 9.264947743738085606e-01 8.955300829274823737e-01 8.423518304501590448e-01 7.956694879486551075e-01 7.765360384658247517e-01 7.577705499346271134e-01
0.000000000000000000e+00 0.000000000000000000e+00 0.000000000000000000e+00 0.000000000000000000e+00 0.000000000000000000e+00 0.000000000000000000e+00 0.000000000000000000e+00
9.355110185489453611e-01 8.331735704788181263e-01 7.271639156279835481e-01 6.691296980392650307e-01 6.143573575420587796e-01 5.755296225848114400e-01 5.394506665286243896e-01
2.353973460001817841e+00 1.938625275470237108e+00 1.579324763790047603e+00 1.496368480864256556e+00 1.417444976523344113e+00 1.250587927587451631e+00 1.110323329934179259e+00
2.266473840527563510e+00 1.352133543376659475e+00 9.192853849257236476e-01 8.493973721974750202e-01 7.909688907587434370e-01 7.427007735723033521e-01 7.020173732471719497e-01
5.439493092410827124e+00 3.899069456651094612e+00 2.945047001666299735e+00 2.748480869702063512e+00 2.574975852914616503e+00 2.298322128175636969e+00 2.077418396256009547e+00
2.174500685379282316e+00 1.588255836470399363e+00 1.111447874086181509e+00 1.071790837469455804e+00 1.031375056068566831e+00 1.029983531753535964e+00 1.028623796153606884e+00
4.335871879789074512e+00 3.801965873634479021e+00 3.348528657106393691e+00 3.072887038060347020e+00 2.845113359922420315e+00 2.644022058203761016e+00 2.470731196782396832e+00
1.369174381410225516e+00 9.076075971217570926e-01 6.217478722616248676e-01 5.709903189074428953e-01 5.261876356638747199e-01 4.659750150666448487e-01 4.178961662778268304e-01
2.711095169928712245e+00 1.964499281975162770e+00 1.488889045664238520e+00 1.449085872350011739e+00 1.411080487523657112e+00 1.391155800308693236e+00 1.372353553041196328e+00
1.123849509794015766e+00 8.018655250454715944e-01 5.679545936704438747e-01 4.776344635762118651e-01 4.042520912481442630e-01 3.947163826936427311e-01 3.858286048033593429e-01
1.808755415200755934e+01 1.829485814848882441e+01 1.850716636745101340e+01 1.775129335044229251e+01 1.707636355718974386e+01 1.661688041401011873e+01 1.618550847646327995e+01
3.344100041017734615e+00 3.243645367991751183e+00 3.145187655877105914e+00 3.054964035126204180e+00 2.971270567979801491e+00 2.819740929087278136e+00 2.686845547006388113e+00
8.785208902403400799e-01 8.649975218859032866e-01 8.514196331844970933e-01 8.578332155151402461e-01 8.642906044556174505e-01 8.578695758536595273e-01 8.514935671348919932e-01
1.961900488677268184e+00 1.468437126320703889e+00 1.005758338090596560e+00 9.585253201596031225e-01 9.120882242797305750e-01 9.161364813703088972e-01 9.201161706839042775e-01
3.703437501685929334e+00 3.655063718634699921e+00 3.604486406053908354e+00 3.248809724470551163e+00 2.970084194383704634e+00 2.850628851999524205e+00 2.741112669358380494e+00
1.177358469838331523e+01 1.199012659193662600e+01 1.221679514566015889e+01 1.333463893543149936e+01 1.459767858198865298e+01 1.498922051365885011e+01 1.539793722609821813e+01
3.913123575785603325e+00 2.777271259327594777e+00 2.073809828139547839e+00 1.931921913154081460e+00 1.806680271445588737e+00 1.611191960759765118e+00 1.455097560014191327e+00
1.472934833913146280e+00 9.725323827390335296e-01 5.111243829407116079e-01 5.278715824236626109e-01 5.429022970816682614e-01 5.061078728147820893e-01 4.729226538666038149e-01
1.226484592415709507e+00 7.593317897419648022e-01 4.241064086082126372e-01 3.855652233860065725e-01 3.525843281664686191e-01 3.253174084385143661e-01 3.016544681035333575e-01
1.703485572773468348e+01 1.520315027777880879e+01 1.367469006579109170e+01 1.366884328864677833e+01 1.366442980202806901e+01 1.047149100011377065e+01 8.503947847678869465e+00
1.257942271274600676e+00 1.186969656869451217e+00 1.123525166333188885e+00 9.330199720485322645e-01 7.948651315210214507e-01 7.617504957409305666e-01 7.301254068618263648e-01
5.718745554203176873e+00 5.488376035669523034e+00 5.281230502249936620e+00 5.184793773751736445e+00 5.093113514609556525e+00 4.997872004886864339e+00 4.906169406993625692e+00
1.097475196186320545e+01 1.093847119354337494e+01 1.090172700986996013e+01 1.069581067843029842e+01 1.049559625578953259e+01 9.909142806330500264e+00 9.382443226080068754e+00
9.773030786631313749e-01 9.020238773816438016e-01 8.322182548507264244e-01 7.980709203257329021e-01 7.663810905895439562e-01 7.365535880403436542e-01 7.089685848829977433e-01
5.715923860250180510e+00 5.577982519060028288e+00 5.437955816191803571e+00 5.358148187222160352e+00 5.280684733767194494e+00 5.094761663475747326e+00 4.918987095495312545e+00
5.823911508785450941e+00 5.476685041453762004e+00 5.134045305165601647e+00 4.834244696173158218e+00 4.565037792468446654e+00 4.344832592040205554e+00 4.145310730385156184e+00
1.532419607975138431e+00 1.283491169775985874e+00 1.084430358149056861e+00 1.055545587746455682e+00 1.031158022205773683e+00 1.019467198981420353e+00 1.008816339720001398e+00
3.138366722195402581e+00 2.621236962013530292e+00 2.159214965121636354e+00 1.906659358399446225e+00 1.699835451400132147e+00 1.685932302556763629e+00 1.672301169104802865e+00
5.800432210722150650e+00 5.916642926199201291e+00 6.034508365670127716e+00 6.036999692978463727e+00 6.039274343183137717e+00 6.082511297086131918e+00 6.126110913873543673e+00
2.019599167237020154e+00 1.874254763755901498e+00 1.680388678862011487e+00 1.639616504264333141e+00 1.601977855943393036e+00 1.544592648846918825e+00 1.493776895117956416e+00
5.821851108120631224e+00 5.539774193116529410e+00 5.264742424908941842e+00 5.098812950534705735e+00 4.939606629231196422e+00 4.649381769348140736e+00 4.381585283704052536e+00
1.494117320808430849e+00 1.159563683787943500e+00 8.663955915877425973e-01 6.951183389465510620e-01 5.552026531026598155e-01 4.553709694832714372e-01 3.685480797828286637e-01
4.160322069822846025e+00 2.823850348760995832e+00 2.061395068126563146e+00 2.079572224154332183e+00 2.099523834512179832e+00 2.069287713833240172e+00 2.040124539773120915e+00
6.207251520394317268e+00 5.602005277486727941e+00 5.082484543021336343e+00 4.663174141889302682e+00 4.307373832769422428e+00 4.233027605126651771e+00 4.160654491734901761e+00
8.410044505843805140e+00 7.272729459316828127e+00 6.398808228475425075e+00 5.619075213910879718e+00 5.183310464181651867e+00 4.005410720713689088e+00 3.131591661300868967e+00
3.587870584253138428e+00 3.631720983361874655e+00 3.677385521962497794e+00 3.636682327149258320e+00 3.597260782911107846e+00 3.617077369607724968e+00 3.637314578279596144e+00
1.957404422239493069e+00 1.872155151084825331e+00 1.785867457378522705e+00 1.719252330897089953e+00 1.656843832285198825e+00 1.584857156982350190e+00 1.519632630644703220e+00
6.367857633553798635e+00 6.425968533573540142e+00 6.485785049961588555e+00 6.272072503822600176e+00 6.080626914068826494e+00 5.930745139704653113e+00 5.789766482854493468e+00
5.044621997098996502e+00 6.829697038070813520e+00 1.691468762205909471e+01 1.605005076509912243e+01 1.529625470922214170e+01 1.526681494247923254e+01 1.523748831686352290e+01
4.071044886858168788e+00 3.658393883057253326e+00 3.293736744225384427e+00 3.168028889577243934e+00 3.054605699918528039e+00 2.885867970320001419e+00 2.733486394450932888e+00
2.366893131085990198e+00 1.906222006855815332e+00 1.506480603043625299e+00 1.413329574958080093e+00 1.344478309179225395e+00 1.178657671038472410e+00 1.042810252063162357e+00
