4.140599310466011596e-01 3.712129569023975839e-01 3.272309356103691447e-01 3.042576885317342383e-01 2.807533580953487928e-01 2.679816789786495512e-01 2.556558411175918755e-01
3.054919959943032115e-01 2.067118246132526316e-01 1.351529540252283668e-01 1.268835408166927303e-01 1.192667722482254195e-01 1.157126995181420592e-01 1.123966514960283020e-01
4.453316580370695332e-01 3.421617445605640850e-01 2.520758433509013297e-01 2.347925706505553656e-01 2.212150573160319988e-01 2.129325191331900569e-01 2.049265717185472235e-01
1.813609135764168989e-01 1.632294071375799960e-01 1.460673961540710497e-01 1.498037319043848403e-01 1.532800881489069789e-01 1.467744006604381757e-01 1.402964217027034832e-01
4.319243335303503684e-01 3.181916510569092749e-01 2.210604181010959179e-01 1.835573570339101568e-01 1.505456720378162416e-01 1.202236101232511956e-01 9.178003042014275248e-02
2.571695730551818992e-01 2.070469141146461245e-01 1.725662045971779468e-01 1.638107975566560903e-01 1.567628958951775842e-01 1.408209124926519396e-01 1.262052969336935337e-01
2.761346728338855416e-01 2.640462048003024975e-01 2.535533713237363429e-01 2.360413134302140059e-01 2.202494639513357388e-01 2.071634460855039384e-01 1.943034628645370354e-01
0.000000000000000000e+00 0.000000000000000000e+00 0.000000000000000000e+00 0.000000000000000000e+00 0.000000000000000000e+00 0.000000000000000000e+00 0.000000000000000000e+00
4.248727286425969529e-01 3.661578039602173540e-01 3.067869296391954048e-01 2.824767123021369453e-01 2.594268450508657176e-01 2.445972096414263663e-01 2.306886494590880410e-01
3.712297794064295386e-01 2.418304679126260792e-01 1.290440583679180186e-01 9.363919696821813854e-02 6.124164033711592542e-02 5.898010125807100212e-02 5.669954678703365697e-02
1.517134987668395107e-01 8.304445047750569353e-02 3.727883422861403423e-02 4.215283792200100188e-02 4.649312462470781698e-02 4.064899379268022139e-02 3.671140071453294490e-02
7.158099103523208884e-01 4.764501784575450039e-01 3.128619799985681849e-01 2.725637877787908669e-01 2.378658899999482323e-01 2.361479201794209060e-01 2.345004969020629548e-01
7.055244483853928550e-01 4.834180882041938521e-01 3.028732346657465047e-01 2.661574774951189770e-01 2.249919762120895228e-01 2.222816815675141555e-01 2.195573927754336518e-01
5.079951946684904129e-01 3.767532839906433950e-01 2.655941989945508896e-01 2.386040768488235653e-01 2.153825806056640924e-01 2.144106656376001951e-01 2.134845838320625910e-01
7.158099103523208884e-01 4.764501784575450039e-01 3.128619799985681849e-01 2.725637877787908669e-01 2.378658899999482323e-01 2.361479201794209060e-01 2.345004969020629548e-01
6.561899343021169173e-01 4.863353119507106692e-01 3.712178281578941696e-01 3.494468696414479436e-01 3.285451939063334659e-01 3.241567049081578444e-01 3.199285266090563518e-01
3.357470129103811152e-01 2.097886873116867057e-01 1.229250537564241103e-01 9.395585739831638361e-02 6.479807245180288500e-02 5.932740942391395017e-02 5.410006308908419520e-02
5.338612464934781865e-02 3.435806086604101250e-02 1.483249990965543330e-02 1.366699662082788806e-02 1.260110253859396574e-02 1.369717578922559700e-02 1.476602199393010385e-02
3.831209091305834979e-01 3.491215646668490158e-01 3.162238724831416548e-01 3.135164651013390702e-01 3.109104011018979929e-01 3.087146611337124869e-01 3.066538073022113120e-01
2.966871879747728924e-01 2.864480081010451484e-01 2.763041662639932894e-01 2.699363320934055621e-01 2.634978313328133481e-01 2.588681288934178149e-01 2.542630324993102042e-01
6.674539110872730330e-01 4.620265468879020121e-01 2.689792195786830376e-01 2.327875516309182435e-01 1.927025396999975104e-01 1.920563535389133714e-01 1.914011104142694930e-01
4.035610838680845913e-01 3.162201874972527804e-01 2.321328600064242464e-01 2.145805280374465662e-01 1.994871960668667954e-01 1.991278982535074071e-01 1.987870752502188254e-01
4.003265824807097917e-01 3.777435204479475117e-01 3.541074191873312960e-01 3.356221168382780840e-01 3.145157628610780742e-01 3.064472384464886900e-01 2.982856295389672008e-01
7.158099103523212214e-01 4.764501784575452259e-01 3.128619799985682959e-01 2.725637877787909780e-01 2.378658899999483156e-01 2.361479201794209892e-01 2.345004969020630103e-01
7.056155503894341319e-01 4.679633986870546658e-01 2.589287290982749123e-01 2.375743343885464987e-01 2.184128519472763319e-01 2.085475914391696495e-01 1.985432947169555595e-01
4.331985925229722700e-01 2.282616338331017736e-01 7.874704219590410170e-02 7.098388156318177766e-02 6.432389137117117128e-02 6.127679945171797538e-02 5.834683823280463477e-02
2.199906337790081545e-01 1.962714439870820171e-01 1.731705120226237349e-01 1.848829893509052191e-01 1.943401304824341203e-01 1.984579371431195727e-01 2.009711379184207503e-01
2.077226499663690218e-01 2.132830944201222767e-01 2.183009502035012928e-01 2.091225904308053607e-01 2.020196981090472965e-01 1.776120782075430171e-01 1.533350344514187169e-01
1.579974468822778200e-01 1.446431494984327937e-01 1.326386755570219400e-01 1.233328267347379298e-01 1.146164393228421285e-01 1.018711312342391317e-01 8.960513707046545429e-02
1.159794858818016666e-01 9.484822403493249621e-02 7.340669937402573286e-02 7.148596460091607985e-02 6.958631778341886620e-02 6.983607739585907803e-02 7.008349194365670609e-02
1.317232885056800473e-01 1.015014862439117815e-01 7.412517575205643250e-02 7.325607923758714612e-02 7.241791599963520731e-02 6.800223552357670398e-02 6.388552747489777139e-02
4.480518711648236452e-01 3.726261251164703081e-01 2.913594014353782513e-01 2.636314362575528647e-01 2.372156304549735140e-01 2.110639101480104862e-01 1.873330978149790049e-01
4.402832790852008737e-01 2.905659546710099295e-01 1.432361039214040677e-01 1.351193694536119982e-01 1.276760353811217108e-01 1.269491046787356303e-01 1.262519758088997690e-01
4.463506575585697300e-01 3.982885454012581317e-01 3.556621612587162473e-01 3.535012936228407177e-01 3.517239739175192503e-01 3.495870482263938039e-01 3.475792027287841202e-01
3.778592405136241283e-01 2.183587521706350787e-01 7.800847500488539144e-02 6.459411052030653022e-02 5.224564753394630306e-02 4.856537185900440534e-02 4.513815544977278077e-02
1.320145358390290014e-01 1.278537046492355111e-01 1.237096536731915886e-01 1.263543259549455566e-01 1.287807200041273248e-01 1.277050804173405774e-01 1.266058190663794658e-01
5.464261051428140892e-01 4.771494475137376123e-01 3.945312761687749803e-01 3.770076829893765913e-01 3.606617982051821270e-01 3.486204604516562333e-01 3.368027800718997877e-01
4.409752977460416612e-01 3.393620051103038437e-01 2.360665258523405585e-01 2.033584786511969111e-01 1.737035781221793196e-01 1.605381019288222300e-01 1.479689323469169926e-01
4.658244232950576880e-01 3.193501089393234738e-01 1.942433276359503969e-01 1.559521920757551139e-01 1.227894862983570645e-01 1.001649941594070642e-01 7.896706862008168182e-02
8.286769350140601453e-01 5.350310666213080601e-01 3.688867970883455971e-01 3.322734903026184905e-01 2.902156473548708204e-01 2.825401304250420575e-01 2.749586811586908208e-01
4.453316580370695887e-01 3.421617445605640850e-01 2.520758433509013297e-01 2.347925706505554211e-01 2.212150573160319988e-01 2.129325191331900569e-01 2.049265717185472235e-01
6.135498455191853440e-01 5.635583739992541252e-01 5.262063709479026796e-01 4.665320725375682875e-01 4.289150673211842846e-01 3.814323431684691346e-01 3.392381644333995472e-01
6.427958353535948022e-02 3.996655517013729397e-02 1.308103082319636741e-02 1.287625616802241801e-02 1.267496048356846379e-02 1.772492350901681488e-02 2.290049495932016885e-02
4.077518625349247916e-01 3.590804352991888715e-01 3.107576105820616941e-01 2.954786436292349827e-01 2.808999601252056277e-01 2.713339310079416200e-01 2.623593417928999361e-01
5.878622906982056834e-02 4.217880654919087258e-02 2.515095943211329010e-02 2.387377745149575625e-02 2.270550859770706018e-02 2.361557350289874777e-02 2.450538449859805332e-02
9.034455199265248870e-01 8.801640017001675087e-01 8.236921931954594989e-01 6.917902510063871357e-01 5.865877344678636085e-01 5.556814264978509055e-01 5.174143234994617035e-01
2.576728938111887413e-01 1.757224698820260000e-01 1.110100893122936694e-01 1.029972192211398574e-01 9.544531365520583788e-02 9.476793387613838271e-02 9.411049079192528033e-02
6.759652635781017160e-01 5.006602760392652174e-01 3.547906688343385184e-01 3.305756388134507007e-01 3.117122218109596998e-01 2.880748660021082430e-01 2.655161523200892937e-01
