9.336494479912217370e-01 8.032025378650705649e-01 6.754486447452929809e-01 6.293786658007312074e-01 5.842058287311797660e-01 5.506666935053009526e-01 5.181998111029186838e-01
1.855930805247821525e+01 1.687961218228155502e+01 1.559438992866187768e+01 1.443295185488056376e+01 1.339003382074211679e+01 1.281825327220892596e+01 1.227425523402068386e+01
2.807617431900465643e+00 2.660921893277701678e+00 2.515684886241333906e+00 2.207472451718881512e+00 1.965762378535846233e+00 1.933992019828052911e+00 1.902453973766502271e+00
1.106290864655880490e+01 1.468323219391886525e+01 1.828207737283754142e+01 1.857579755018542400e+01 1.885377918881787096e+01 1.854952179697806258e+01 1.826061541595744231e+01
4.655892740173847244e+00 3.970246882875136496e+00 3.364865232797296546e+00 3.004937541860059902e+00 2.711752901900501111e+00 2.470354367733791356e+00 2.256055941373305451e+00
1.570419938563241968e-01 3.394771835210889099e-01 4.056564976661067301e-01 3.590042493776289256e-01 3.235800160432606432e-01 2.765042871202651464e-01 2.367394623127202224e-01
9.647788483360204559e-01 8.905478343525492502e-01 8.280044614819934701e-01 7.816808428207785431e-01 7.351250170255546612e-01 7.109803250048200018e-01 6.851573617049881992e-01
0.000000000000000000e+00 0.000000000000000000e+00 0.000000000000000000e+00 0.000000000000000000e+00 0.000000000000000000e+00 0.000000000000000000e+00 0.000000000000000000e+00
9.336494479912217370e-01 8.032025378650705649e-01 6.754486447452929809e-01 6.293786658007312074e-01 5.842058287311797660e-01 5.506666935053009526e-01 5.181998111029186838e-01
2.399332197508352138e+00 2.370885876410446791e+00 2.337268659845616714e+00 2.212185123432726108e+00 2.095260411980939708e+00 1.680966122158759291e+00 1.385219263510978127e+00
2.291066033837128924e+00 1.294528000044192995e+00 7.582396080858159193e-01 7.603531768015132641e-01 7.621675191393311177e-01 7.488597065016880938e-01 7.364245700591497412e-01
1.070683777500766931e+00 6.883643624953403872e-01 3.698389290419366593e-01 3.321413992127423831e-01 2.946900020683838606e-01 2.874178871500832066e-01 2.801440912527580207e-01
1.390124598325594096e+00 9.289260465046481619e-01 4.559991890901592404e-01 4.199413493436692235e-01 3.849985383019803864e-01 3.811238819071713912e-01 3.772751451246003085e-01
4.878235527983695974e+00 4.359105531444511072e+00 3.900920867065038156e+00 3.529580758350077563e+00 3.214629198976402424e+00 3.066108497951066436e+00 2.929139029351577772e+00
1.309475864258311084e+00 9.479192206354679628e-01 6.071345885798736797e-01 5.131972050723558887e-01 4.243354228754690483e-01 4.195818991654420849e-01 4.149227910090251825e-01
2.933331160975830354e+00 2.658637348227451458e+00 2.391461985197853135e+00 2.339730981236809004e+00 2.289476709484708827e+00 2.244375762492620829e+00 2.199841543479585049e+00
1.193472400360416241e+00 8.032633689111779995e-01 5.557682070794343066e-01 5.239584457742602064e-01 4.892797323755248007e-01 4.573460760966679972e-01 4.254118466507616492e-01
1.796728248252620475e+01 1.705462624819367079e+01 1.623418939035727249e+01 1.465199108828913843e+01 1.336187894617192740e+01 1.278782362311084420e+01 1.226702802845873741e+01
3.322350899303303962e+00 3.154278286611100768e+00 2.995282860331828889e+00 3.005278300771359046e+00 3.015338457731694177e+00 2.951042886861190873e+00 2.889747716543569211e+00
8.162231701429141228e-01 7.674364596421751061e-01 7.291419163860515251e-01 7.741199243030135735e-01 8.054297837844381913e-01 7.700045591311911464e-01 7.405762915928947310e-01
3.658563351324302104e+00 2.901174387500426999e+00 2.230206137549170631e+00 2.145851470687143436e+00 2.064345953296388370e+00 2.032566719475541017e+00 2.001472225307813879e+00
3.322640904622745861e+00 3.066922572692925009e+00 2.818402405957354695e+00 2.601592355740973694e+00 2.412813115579381940e+00 2.242520411717074058e+00 2.091232741147518226e+00
1.298034298185706259e+00 7.790006915774863039e-01 4.867684676264503740e-01 4.459173436301872573e-01 4.001166538284445795e-01 3.906032727372732993e-01 3.810141927717711763e-01
5.374230882622098804e+00 4.921112126091933270e+00 4.463752982520660773e+00 4.060450901936865087e+00 3.721834905431237406e+00 3.594089790618531399e+00 3.473190192354636441e+00
1.465838541677736195e+00 9.662568154922587249e-01 5.256050280822923693e-01 5.189330079903825554e-01 5.130513760582373628e-01 4.978707591849189651e-01 4.834688149414277936e-01
1.224040534880360021e+00 8.547517664863554243e-01 5.231774918396422391e-01 4.889755153844196345e-01 4.566172949703596329e-01 4.255097524238071749e-01 3.965998045335848432e-01
1.760633927646240693e+01 1.635650393846194817e+01 1.522518016811272723e+01 1.714358889842286970e+01 1.897796717592817117e+01 1.757130058313490650e+01 1.635374582678945643e+01
9.987985636091203379e-01 8.122802463331276757e-01 6.651549803133478544e-01 6.255586667022685621e-01 5.957378152048478093e-01 5.133219338122373410e-01 4.335648760011717173e-01
5.807273629023105954e+00 5.503434361384677231e+00 5.237920982736634201e+00 4.907605109865472492e+00 4.618574782855399796e+00 4.681542298269892655e+00 4.746391335080363483e+00
1.928396079012376918e-01 1.715295960486484528e-01 1.502722006635451857e-01 1.440497373015504345e-01 1.375045867110357145e-01 1.294151029465939184e-01 1.211822016035880717e-01
4.167471077434729554e-01 2.644315500061059643e-01 1.437555810922978849e-01 1.483875447544240334e-01 1.529264272809729153e-01 1.380211456309416440e-01 1.246418420447231723e-01
5.805982112126943484e+00 5.604447659606115018e+00 5.404361209997915694e+00 5.217678505833283076e+00 5.046472036151311791e+00 5.068987056076890596e+00 5.091847199947281410e+00
5.959177352767789593e+00 5.455422780898429913e+00 4.957212608013173316e+00 4.671768631243424785e+00 4.424741922768528291e+00 4.250462754173042867e+00 4.085721356035425522e+00
1.539270344951715108e+00 1.293514053570248734e+00 1.092303510942729705e+00 1.058577327553838598e+00 1.030031477890322122e+00 9.919799509510414115e-01 9.587740805026062629e-01
1.321887528681457091e+00 9.380501560245112502e-01 5.437539519580756320e-01 4.967874456886723356e-01 4.437392269778615006e-01 4.344843310342388909e-01 4.256060674817505052e-01
5.751263946478609057e+00 5.956290343088040729e+00 6.166712643103548608e+00 6.057043712843701577e+00 5.959211201101540567e+00 5.858880656896461758e+00 5.762437012640509337e+00
1.951122548775716226e+00 1.838123703042836343e+00 1.696924126019912382e+00 1.649479724961932625e+00 1.603966976314132209e+00 1.506313789769452960e+00 1.419183059844425943e+00
5.914271466751709561e+00 5.996861868212055136e+00 6.088287685828677631e+00 5.759017020914815710e+00 5.465821795932362726e+00 5.080472318382242669e+00 4.737422874400781581e+00
1.310370432540067132e+00 9.180777582699227723e-01 5.638213893698754697e-01 5.413318125357474697e-01 5.189651258501648545e-01 4.894873839486644229e-01 4.624161094540814587e-01
4.116145192119373242e+00 2.920266061401405100e+00 2.185607600482086355e+00 2.087993159178243463e+00 1.992505553846706912e+00 1.973435437236422230e+00 1.954616264908922263e+00
9.092490291043163753e-01 8.932578978225111932e-01 8.777991050238508342e-01 8.624925259121252186e-01 8.477110777661964747e-01 7.204274076979533259e-01 5.970480200958956374e-01
1.671530731693658112e+01 1.518939737549848878e+01 1.401134398125885383e+01 1.216785310757442140e+01 1.085469050876313446e+01 9.736067196846276417e+00 8.784148045870086463e+00
3.341915075385003320e+00 2.774988984588905971e+00 2.372910496142028425e+00 2.327736802356552115e+00 2.282491418427209595e+00 2.281203947073269234e+00 2.280078180522035147e+00
9.767492498794565492e-01 8.012945127686171842e-01 6.465195078076106938e-01 6.022172639723998300e-01 5.594420729379598889e-01 5.282666688291586254e-01 4.982039531485594197e-01
6.316097775440633555e+00 6.055163267218325096e+00 5.814389422818579511e+00 5.305004579601763304e+00 4.887246103368307004e+00 4.685336805938003835e+00 4.501901735608748290e+00
4.220337806011931647e+00 4.387811243630475921e+00 4.652200534555838374e+00 4.843659353954813618e+00 5.047089406880462370e+00 5.037902513366229407e+00 5.028725661790764967e+00
4.117951829733226710e+00 3.601174778925353870e+00 3.159307026784507588e+00 3.085010746119573710e+00 3.012551737799605611e+00 2.902042471860659223e+00 2.795034689367141389e+00
2.356161508349299716e+00 1.772627263871834780e+00 1.311072505877697525e+00 1.315993957214233401e+00 1.319584441889302129e+00 1.186654267335518931e+00 1.072893870017428419e+00
