9.299876576556549423e-01 7.953061022986112061e-01 6.574286582451064342e-01 6.160941060986624418e-01 5.747881382671465866e-01 5.295531098886335775e-01 4.875506386814237314e-01
1.826779176288178164e+01 1.683964816903150918e+01 1.572267251600339399e+01 1.470313093158163831e+01 1.377147284342051847e+01 1.308694646142715179e+01 1.244068809356947014e+01
2.797173025213796294e+00 2.559912763947419290e+00 2.335876484927552621e+00 2.114426406723668883e+00 1.930869260246371955e+00 1.861154433687561616e+00 1.793756365161191191e+00
1.096265242864699196e+01 1.327703244028701413e+01 1.557327639373557915e+01 1.698978672527042022e+01 1.831553711224205117e+01 1.805068994238465407e+01 1.779687976478410150e+01
4.414454632145914381e+00 3.385283974003008733e+00 2.529850485964187268e+00 2.332794967199180114e+00 2.161548251439177282e+00 2.034703280322211594e+00 1.915619063081999363e+00
1.431852798455752473e-01 3.126734841289263711e-01 3.696787146691773995e-01 3.615478214225577580e-01 3.543899827080493337e-01 2.782813264220555527e-01 2.075271142962272497e-01
9.596663966489421549e-01 9.004839158777858676e-01 8.481015111678206209e-01 7.858723625987987793e-01 7.310987136046773749e-01 7.107111966688582916e-01 6.902862474769038137e-01
0.000000000000000000e+00 0.000000000000000000e+00 0.000000000000000000e+00 0.000000000000000000e+00 0.000000000000000000e+00 0.000000000000000000e+00 0.000000000000000000e+00
9.299876576556549423e-01 7.953061022986112061e-01 6.574286582451064342e-01 6.160941060986624418e-01 5.747881382671465866e-01 5.295531098886335775e-01 4.875506386814237314e-01
2.375587062269638672e+00 1.863640591308233452e+00 1.439833666940162349e+00 1.301826933351518001e+00 1.180649349519906854e+00 1.114235462964482837e+00 1.052959601518972166e+00
2.223427228514066378e+00 1.157341228784090070e+00 6.005613403575159603e-01 5.953518796863812579e-01 5.906398446245576528e-01 5.777255994834227248e-01 5.654082159290237941e-01
1.064659028500998028e+00 6.981927624363987173e-01 3.687624568773805733e-01 3.321600256340620505e-01 2.966199449451106807e-01 2.898134193217088983e-01 2.827283723192790532e-01
1.403195712033647125e+00 9.215480832621840701e-01 4.426150834822983882e-01 4.068759097985139017e-01 3.714671822185729999e-01 3.516102948100127690e-01 3.324312016026799155e-01
4.859416130320628469e+00 4.314295633217393622e+00 3.836837612540033415e+00 3.602322297419878971e+00 3.386764659071797023e+00 3.250147800405583709e+00 3.121146586762977293e+00
1.261273191702200869e+00 9.280984479279359434e-01 5.532001358341569475e-01 5.152590180166671807e-01 4.763619784987873085e-01 4.282156707365926129e-01 3.849295932845748225e-01
2.918821797097167270e+00 2.602520178270930629e+00 2.284092923164766198e+00 2.270792150710861268e+00 2.257195326000385638e+00 2.187261999122652512e+00 2.120471520513783847e+00
1.175006137944017093e+00 7.935477211068153736e-01 5.367319755476839260e-01 4.675912694527208369e-01 4.050139420873449247e-01 3.635810548710952661e-01 3.212917688602594524e-01
1.799948044065531860e+01 1.703683914796454602e+01 1.614399318658042759e+01 1.492505759757444039e+01 1.388896104392843611e+01 1.336493923398615991e+01 1.288304632605301414e+01
3.332837335950450175e+00 3.008426164963820426e+00 2.725750074092263109e+00 2.567267820430435332e+00 2.420396700794843259e+00 2.391827792198136127e+00 2.363547410995573639e+00
8.095718173939253637e-01 7.656757264752236392e-01 7.295873025000069179e-01 7.177353030821134183e-01 7.090120439607840996e-01 7.291382143709267405e-01 7.473546579931602540e-01
3.677282137821379582e+00 3.046715038264496744e+00 2.467553227213886924e+00 2.412698071635940078e+00 2.359373423544215864e+00 2.183985961632253225e+00 2.019459200660235876e+00
3.341016426289368013e+00 3.100611194671964110e+00 2.866741221641501802e+00 2.607439740945616702e+00 2.379350527027040307e+00 2.287833045357330342e+00 2.200544695640676007e+00
1.279900067146602094e+00 7.714280848285200998e-01 4.632517116602819507e-01 3.851362655186532091e-01 3.154348135923317753e-01 3.068367867020002082e-01 2.979841646669070254e-01
5.341141665041281961e+00 5.111543665640376766e+00 4.858061622762906318e+00 4.769822032125075495e+00 4.685572523324258221e+00 4.408292402600939575e+00 4.151618523408684425e+00
1.427837253448275723e+00 8.772509781900200698e-01 4.241233172716367683e-01 3.960406424770804290e-01 3.701689160784185639e-01 3.410088027473003325e-01 3.132252312554854035e-01
1.217925067648093496e+00 8.639552458393003898e-01 5.353160387293316447e-01 4.383958019726043598e-01 3.602388330044175024e-01 3.464947357828876418e-01 3.323993229881279099e-01
1.747751685950798972e+01 1.516591593550507078e+01 1.325345694137983799e+01 1.498602371988259918e+01 1.664687021744702022e+01 1.640369747561520342e+01 1.616539505696104584e+01
9.862780967172966040e-01 7.798723768482889174e-01 6.237718549689538206e-01 5.773986909108778098e-01 5.401859167825804331e-01 5.067604706381453328e-01 4.771063546805003885e-01
5.809381997838245937e+00 5.501659657966920136e+00 5.230684657756510703e+00 5.033882909528712979e+00 4.854475296001924178e+00 4.744367245265353361e+00 4.639125463753710044e+00
1.674117417210807535e-01 1.513381442885543271e-01 1.350662589489383114e-01 1.360704175219082379e-01 1.371582521316304926e-01 1.325767473285100473e-01 1.276534914671213772e-01
9.623229868589992797e-02 9.580635478889240608e-02 9.537182919937930992e-02 8.177130203333188296e-02 7.120907083931631021e-02 6.797007872750238100e-02 6.495600699066993167e-02
5.809329003974409211e+00 5.422490017334170354e+00 5.057547506165716911e+00 4.908529278042591315e+00 4.765373420415974337e+00 4.687462655672236522e+00 4.611683125210982226e+00
5.873452138514366538e+00 4.989876745280210635e+00 4.176379440791134101e+00 4.058606121956605861e+00 3.951761988114181889e+00 3.663550772919729859e+00 3.393015424094674604e+00
1.545632486605771794e+00 1.347104767837611572e+00 1.158434327067231484e+00 1.124881843621630129e+00 1.093235900504018199e+00 1.069745457566396274e+00 1.047600838101528042e+00
1.256844228811827779e+00 9.040474517962988621e-01 4.586594156881731998e-01 4.435501832264714950e-01 4.278734299772103400e-01 3.817908427665136495e-01 3.418625038629868329e-01
5.788011124059501356e+00 5.977986545163466836e+00 6.172691342970389350e+00 6.162202380734367324e+00 6.152544472789865715e+00 5.994610719985862701e+00 5.842701164999609453e+00
1.959574458978021960e+00 1.848899437156758419e+00 1.707535823736481495e+00 1.634187527061324419e+00 1.564368301438585407e+00 1.470398021243609854e+00 1.385037823205932384e+00
5.893658801628784971e+00 5.526181061424382257e+00 5.167355301710232496e+00 5.029341268713087842e+00 4.894634281189864211e+00 4.749862387690544807e+00 4.611620152446609389e+00
1.290117380919961754e+00 8.708141507781829160e-01 5.102946987765928366e-01 4.139217081769725470e-01 3.409058153981187056e-01 3.417613554079743654e-01 3.426487933405490405e-01
4.105941318812969421e+00 2.676942129235717616e+00 1.867590393160867945e+00 1.851458884063660770e+00 1.833640029651769643e+00 1.761013031254511363e+00 1.691964282146765530e+00
8.883418763432509024e-01 8.722458780125085243e-01 8.567017870270945412e-01 8.415901971258418213e-01 8.270030235859937573e-01 6.244613107274690211e-01 4.258579121119110966e-01
1.647881708546122326e+01 1.491424870558190108e+01 1.369940383263376660e+01 1.216834584322213253e+01 1.103324762318145957e+01 1.021471479099036905e+01 9.479758281759103511e+00
3.402396464924085873e+00 2.711454501691182628e+00 2.262653477759728915e+00 2.298965212328333951e+00 2.338083941602931315e+00 2.367265490646251802e+00 2.397778478567579530e+00
9.718777027554388326e-01 8.006125433016296755e-01 6.406065651619557988e-01 6.046324333053431088e-01 5.685460730575977450e-01 5.264632187720361678e-01 4.873437927566430794e-01
6.353497016378409690e+00 6.064252152836648868e+00 5.790907702711382221e+00 5.427034860884732304e+00 5.114546481965383862e+00 4.936201566843324784e+00 4.770542652356343893e+00
4.207606423611719215e+00 3.967182085072241460e+00 3.664214649840778382e+00 3.213212791456981243e+00 2.858723357085568129e+00 2.777430227780586236e+00 2.700126035379104561e+00
4.108125026053890849e+00 3.607411478242115610e+00 3.186282372437885257e+00 3.115244843701397315e+00 3.046856458478842011e+00 2.938253731403869473e+00 2.833673904734720583e+00
2.327277002458080890e+00 1.675121432277807632e+00 1.160384417681277425e+00 1.172235547323966731e+00 1.181293903577814941e+00 1.093315331193788653e+00 1.012903152116455985e+00
