4.268341145779224743e-01 3.530333935884595320e-01 2.794636672394744670e-01 2.494997639773924303e-01 2.201882458301338275e-01 2.035078103373857972e-01 1.875131397813745160e-01
3.032190143419126183e-01 2.311894912784259459e-01 1.664539623440141058e-01 1.480941417116919678e-01 1.332273853252556595e-01 1.238438240594855050e-01 1.154499663270615040e-01
4.506311927759288904e-01 3.205325577433081330e-01 2.130926210958439260e-01 2.115920921957122613e-01 2.103353200328227923e-01 1.886852382611730328e-01 1.689347858128632252e-01
1.790565653284587333e-01 1.500299883077941265e-01 1.219542041531776339e-01 1.249995847026881546e-01 1.277975328614963657e-01 1.278147606151890658e-01 1.278310544148091588e-01
4.131202352734499872e-01 2.546192620542394036e-01 1.260719782021956781e-01 1.148104058087434931e-01 1.059514022447060749e-01 8.751368389896339861e-02 7.234418016901997261e-02
2.212576012104627288e-01 2.591909221638991068e-01 2.736357812761033292e-01 2.135547915556413878e-01 1.780763635246146726e-01 1.449933356409568996e-01 1.227223322387094584e-01
2.703723178559059304e-01 2.555361235151454302e-01 2.424161927975701236e-01 1.816548616201926480e-01 1.028377049912736069e-01 8.569969826736940910e-02 6.953852629524870377e-02
0.000000000000000000e+00 0.000000000000000000e+00 0.000000000000000000e+00 0.000000000000000000e+00 0.000000000000000000e+00 0.000000000000000000e+00 0.000000000000000000e+00
4.268341145779224743e-01 3.530333935884595320e-01 2.794636672394744670e-01 2.494997639773924303e-01 2.201882458301338275e-01 2.035078103373857972e-01 1.875131397813745160e-01
3.688925235805924352e-01 2.271929086973309975e-01 1.087254675596255743e-01 8.934253168903361075e-02 7.238284693781450729e-02 6.657199855719247994e-02 6.098729214350620542e-02
3.241918152097171268e-01 1.561094400001810933e-01 5.360385758913693149e-02 6.036743346783103592e-02 6.565562941541662478e-02 7.308415177755181458e-02 7.931605348148525192e-02
3.778528208236406893e-01 1.871540313654255494e-01 5.021905733231655372e-02 3.744832005616349768e-02 2.601549465591022556e-02 2.567354554800393984e-02 2.533033308337869285e-02
6.825053516855280611e-01 4.133784699905301285e-01 1.689778011308853412e-01 1.471963224703343731e-01 1.251228055277420204e-01 1.215518785931785362e-01 1.180239463064793326e-01
5.113880705479575406e-01 4.053624595449850099e-01 2.990013571320021546e-01 2.489354655008219341e-01 2.084441422634535357e-01 1.902423244517041367e-01 1.745544068162768192e-01
5.089279412353792109e-01 3.398881050643757229e-01 1.937380972225485054e-01 1.631431169518696433e-01 1.353194606446246617e-01 1.261444523914055094e-01 1.186483450166980480e-01
4.763107272577066231e-01 3.665958877109765646e-01 2.610374225557669514e-01 2.433444085771417631e-01 2.264491300374940341e-01 2.118384147710268006e-01 1.994843966012389835e-01
3.498640963385059588e-01 2.231175860397202060e-01 1.231967456099035685e-01 1.002486087293306821e-01 7.664426894041401206e-02 7.005897998232923918e-02 6.321172996136538436e-02
5.563305829943473307e-02 3.359694138991601436e-02 1.204347584796489588e-02 1.733080168639977714e-02 2.155581069598667618e-02 4.129484727074089756e-02 5.564791261651855919e-02
3.660197087555869255e-01 3.140501117044258161e-01 2.646637758024897868e-01 2.539225077049607204e-01 2.439843222957106816e-01 2.262504251023672031e-01 2.107366242520537225e-01
3.103284632432530832e-01 2.961607739525322636e-01 2.848417288192481300e-01 3.045163970041114276e-01 3.149166114579640130e-01 2.442561965719881878e-01 1.978326049993605062e-01
5.415228920383364786e-01 3.530246821555748649e-01 1.808253875407854760e-01 1.533303184953525300e-01 1.274890862999633889e-01 1.116612602888859135e-01 9.697842990502708593e-02
3.863368474731251889e-01 3.011476538327823582e-01 2.142558245665756589e-01 1.900753767494207935e-01 1.704295874785103360e-01 1.527654179861469008e-01 1.373016430132528165e-01
4.651477974739021137e-01 2.838734166697883254e-01 1.497546818074180774e-01 1.215065033753191526e-01 9.193312281338321401e-02 8.415880254555112294e-02 7.591677218120702897e-02
5.732942230707389619e-01 4.232878780916073391e-01 2.536871949259513759e-01 2.025129576851968372e-01 1.641408270010032977e-01 1.479673097168428542e-01 1.349647698626749714e-01
5.652177044358234204e-01 3.351524827076498014e-01 1.420575356254851762e-01 1.397125062562717124e-01 1.378131712207084913e-01 1.335843778497496359e-01 1.300391069111026532e-01
4.358367716318134466e-01 2.292345983076868599e-01 7.970670011522139331e-02 7.316137770306735399e-02 6.680442573214848134e-02 6.238476190853124020e-02 5.808601922790686961e-02
2.176724315716292990e-01 1.389443445177456493e-01 8.153952320424165401e-02 8.908505588118710572e-02 9.595141537831165801e-02 9.577642326361297809e-02 9.563719528522757196e-02
2.659627337560953597e-01 2.496039967551417493e-01 2.362164623371396932e-01 2.100223126182477751e-01 1.898108978392459567e-01 1.595678929397621459e-01 1.306099750013775818e-01
1.516767633106373137e-01 1.338493729905796958e-01 1.187933374179103857e-01 8.770384881404590105e-02 5.489091479943627311e-02 4.737970005697570569e-02 4.084094200998606566e-02
1.186266701009460328e-01 9.674665401356206951e-02 7.399992366806273925e-02 7.062192709118117473e-02 6.696101881363367148e-02 6.082622242869279577e-02 5.535086715924795314e-02
5.033544044827168440e-01 3.792406311121045981e-01 2.691487381855641736e-01 2.492362919836595692e-01 2.302824945812118884e-01 1.768643322715056643e-01 1.331660952003138887e-01
4.474874627234326496e-01 3.766524624320666814e-01 2.951084336807864306e-01 2.536026934604010408e-01 2.157480468278622499e-01 1.889101669995486843e-01 1.670282679537668791e-01
4.497909626856433363e-01 2.867091176279930598e-01 1.362823365720829405e-01 1.274500040912382726e-01 1.204756263558225404e-01 1.182664919812037446e-01 1.164590097445230565e-01
4.526165585005916259e-01 4.001524430871831739e-01 3.526984805791327782e-01 3.369901825647678151e-01 3.260454572375054982e-01 3.214214448038377192e-01 3.174769134688772421e-01
4.166977180098612732e-01 2.465047310089184540e-01 1.024569067152596852e-01 9.499131324499653084e-02 8.754311537571943247e-02 8.654896116720380006e-02 8.575328135896567727e-02
1.360240936592838623e-01 1.186139561605752818e-01 1.007265160434440143e-01 9.331831616090896508e-02 8.751861505060612445e-02 8.669097574744513701e-02 8.589243999877768654e-02
4.850129166022944527e-01 3.955714604185250893e-01 2.863245003595995541e-01 2.939842424282726463e-01 3.005694342916999662e-01 2.716659414421809249e-01 2.446131532974138989e-01
4.395843261687558123e-01 3.366907063329224736e-01 2.284785287386741914e-01 1.991441740083632894e-01 1.734263017296556741e-01 1.598670332509622982e-01 1.475197144212479217e-01
4.893221384530982987e-01 2.304863498633164809e-01 6.156248678627288667e-02 5.745216441881079855e-02 5.318793621830845975e-02 5.345908182795752056e-02 5.372634349422043126e-02
8.327803925444419164e-01 4.543172455662425890e-01 2.565827581136217450e-01 2.303222066924312528e-01 2.034824052430373731e-01 2.049705757362432768e-01 2.063926309173049201e-01
2.892075679313771408e-02 2.785911908222860750e-02 2.683540802360565372e-02 2.610329601744796821e-02 2.539520255450758435e-02 2.467486134829479857e-02 2.397120978630416788e-02
4.392725766233094853e-01 3.409019988874750773e-01 2.636462860692609933e-01 2.772932080377100150e-01 2.854912757012349478e-01 2.539474011648181762e-01 2.310255265579830852e-01
7.416339727508636237e-02 9.172880939246362553e-02 1.036890235885030154e-01 1.321458920017198890e-01 1.602357962526674007e-01 1.338718741159989623e-01 1.069957699908484633e-01
4.279500570598665510e-01 3.354236303519866902e-01 2.525504144092278191e-01 2.249754204048074469e-01 1.982582859910927420e-01 1.794830977658598004e-01 1.619466513512594075e-01
6.142601059916916184e-02 3.991455643701457418e-02 1.870229038611146213e-02 2.276992330290380714e-02 2.589982672498759506e-02 4.130798903403350847e-02 5.306897788598659987e-02
6.509333422975626116e-01 5.032422390484185826e-01 2.514733140911607490e-01 2.849197579287194859e-01 3.074414808866912097e-01 2.397529396091090392e-01 1.803085700048002171e-01
2.500715540804869241e-01 1.872091176843625471e-01 1.273754330538359458e-01 1.115408355579253913e-01 9.619705856217961037e-02 8.865910614029344494e-02 8.158309589126462591e-02
6.598652213618512175e-01 3.965064780060112426e-01 2.041518802859474679e-01 2.291159362460423454e-01 2.448350545522778310e-01 2.223953098491879277e-01 2.059864950111832405e-01
