3.951152696954142729e-01 3.621261383053217542e-01 3.296655985105826914e-01 3.100876724487968139e-01 2.859104800057410967e-01 2.752155685203818702e-01 2.648515289202859058e-01
2.928471738849749428e-01 2.317288237696883413e-01 1.792769945746151838e-01 1.603015828810532561e-01 1.442380064189747735e-01 1.395760596232126227e-01 1.352615831928858370e-01
4.553012605443624849e-01 3.195409313666559004e-01 2.082541225718654854e-01 2.072489646391801887e-01 2.063332861198435564e-01 1.851674184974453075e-01 1.638573744348481853e-01
1.690689766523638393e-01 1.509781271187163598e-01 1.330050857134624787e-01 1.260657537094065916e-01 1.194202434232113225e-01 1.200333938245831816e-01 1.206223888976187125e-01
4.159729694659541899e-01 2.784971158383200973e-01 1.578641225284977967e-01 1.163460516367745001e-01 8.115717092642871222e-02 7.002975612856814080e-02 5.918249437590267920e-02
2.996644703487924555e-01 2.113453526661423221e-01 1.658611368384834139e-01 1.569526466158485956e-01 1.497715053281411801e-01 1.116328346575782698e-01 7.714152527278775318e-02
2.694772286932484162e-01 2.520423322713138958e-01 2.385089114296646273e-01 2.184464962124967047e-01 2.021400086614697500e-01 1.664040673443137608e-01 1.422964984384525733e-01
0.000000000000000000e+00 0.000000000000000000e+00 0.000000000000000000e+00 0.000000000000000000e+00 0.000000000000000000e+00 0.000000000000000000e+00 0.000000000000000000e+00
4.076095283228243216e-01 3.105223580468811084e-01 2.212082010985545744e-01 1.938846039626326012e-01 1.699895456947465577e-01 1.552414577853337418e-01 1.419109771988443791e-01
3.746770554055535718e-01 2.208781637330205494e-01 1.091480711392736336e-01 9.409861657287407755e-02 8.044977002941552935e-02 8.673764971263939194e-02 9.268539824683161288e-02
1.497203184776673968e-01 7.690016596036886032e-02 2.249698234885359749e-02 1.858372348984096631e-02 1.578210077265374336e-02 1.295187781121110056e-02 1.098386132622877244e-02
3.879801428371677519e-01 2.413366410241508109e-01 1.278093664959757403e-01 9.769192202709033046e-02 6.888958353555200975e-02 6.926441583669386282e-02 6.959023956242783859e-02
6.841921206214910400e-01 4.378642206234528156e-01 2.840939562245567984e-01 2.780395292886695957e-01 2.747645576135835932e-01 2.458928585495447350e-01 2.265956998311699500e-01
4.992548127711911587e-01 3.483204637805247805e-01 2.202850177347687732e-01 2.057603528708655538e-01 1.913795299053193399e-01 1.866009813568484388e-01 1.821757267444370498e-01
4.980655115563676349e-01 3.403199297426209302e-01 1.872504307728305173e-01 1.517933557360419961e-01 1.216744625989568951e-01 1.298842571102495624e-01 1.378375298114038472e-01
4.666933654332995340e-01 3.979165338149732167e-01 3.303598501770234619e-01 3.215072754662074428e-01 3.142854256236534694e-01 3.154904440847867142e-01 3.164924685399955750e-01
3.543649832988715054e-01 2.473808129109701104e-01 1.519484794538808470e-01 1.015591492549862279e-01 5.654109597652322988e-02 5.763331650003368500e-02 5.873092247639218055e-02
4.725866072200864132e-02 2.847674070158970686e-02 9.323870119938093906e-03 8.626141129930211052e-03 7.969696587177844613e-03 6.992622426536108937e-03 6.142826343924340064e-03
3.627041414452044643e-01 3.162157042892975167e-01 2.756712820124395669e-01 2.575775639989137389e-01 2.448190714809407309e-01 2.450480792673100927e-01 2.452508572779141804e-01
3.046369780405350780e-01 2.984293604879218464e-01 2.924923665501714121e-01 2.763874520549556291e-01 2.582643627035137723e-01 2.055815311872669637e-01 1.523489160872329162e-01
5.090966665866027974e-01 3.096433592889242803e-01 1.698165062469931264e-01 1.824627194119111950e-01 1.910624130461599512e-01 1.766238261163749768e-01 1.659390099537313978e-01
3.781766969852514704e-01 2.903802683149196429e-01 1.949340799415635039e-01 1.768679445584263876e-01 1.607774379075124216e-01 1.499634745334074148e-01 1.404016436995788319e-01
3.951152696954142729e-01 3.621261383053217542e-01 3.296655985105826914e-01 3.100876724487968139e-01 2.859104800057410967e-01 2.752155685203818702e-01 2.648515289202859058e-01
5.335125945965404348e-01 3.919821130026260869e-01 1.164273450686440642e-01 1.081507939531182183e-01 1.003080688332123882e-01 1.231407690546080791e-01 1.431780060961977963e-01
5.095120511210076142e-01 2.925705233931543692e-01 1.136933801399357402e-01 1.093538064208992161e-01 1.053491501881904935e-01 1.035472090809966272e-01 1.018445389330236567e-01
4.388754294977430526e-01 2.646643382720164639e-01 9.404696650174053374e-02 8.157152081652958853e-02 7.124537711417956720e-02 6.839512913545311990e-02 6.568467781360429192e-02
1.959629446074576953e-01 1.631721287996411862e-01 1.279376552155435665e-01 1.097203780211744861e-01 9.406051933391997022e-02 1.151602843342229565e-01 1.282592392183958263e-01
2.118373462312417299e-01 2.268264636302269044e-01 2.400996852382688007e-01 2.559905476657602930e-01 2.645252645775159062e-01 2.539882382732907007e-01 2.463230180403474523e-01
1.815838250859876934e-01 1.591421090751815315e-01 1.382185695727519426e-01 1.230422033326287190e-01 1.075762016038998847e-01 8.061804888020385196e-02 5.577543843742758384e-02
1.274812365926265012e-01 8.867648990768825512e-02 4.570571095120914279e-02 4.882251732891904061e-02 5.185909012719370353e-02 5.513107502397992382e-02 5.833696939074513310e-02
1.078372034485203385e-01 9.395063542705954507e-02 8.120419872058327881e-02 6.973012934620198555e-02 5.992525402398679590e-02 4.874545286097750618e-02 3.825543653836471769e-02
4.499367829647644146e-01 3.684170589447197108e-01 2.841275968597937185e-01 2.336650198551748214e-01 1.904225189715253452e-01 1.785876953458970795e-01 1.673284808380792188e-01
1.274812365926265012e-01 8.867648990768825512e-02 4.570571095120914279e-02 4.882251732891904061e-02 5.185909012719370353e-02 5.513107502397992382e-02 5.833696939074513310e-02
4.342667760573604152e-01 3.984891663590997002e-01 3.657392584595710594e-01 3.663964137659341813e-01 3.668525203886183750e-01 3.638342511954686387e-01 3.613828001656524957e-01
3.734829469913377165e-01 2.063994968953495324e-01 6.341064156040276956e-02 5.087993033675201199e-02 3.914209483109530596e-02 4.176822549016273589e-02 4.424182810755483697e-02
7.381808503811258804e-02 6.882459848919349199e-02 6.372095714584463666e-02 5.766736448956744782e-02 5.200671638430718474e-02 4.192558604408919143e-02 3.128525650438843814e-02
4.537627344319913880e-01 3.987504880557377063e-01 3.456721920697114481e-01 3.188383951025087759e-01 3.001048297321249891e-01 2.787505890748447346e-01 2.640722694079791211e-01
4.426475968135437644e-01 3.235322167901505397e-01 2.127479089925765066e-01 1.876855009012902975e-01 1.651282186503441052e-01 1.635866949554833638e-01 1.621313229167931635e-01
4.564349202960452656e-01 3.035221923091340201e-01 1.594198229261484245e-01 1.191758710850241154e-01 8.506002294709276434e-02 7.598168849909518741e-02 6.691378166010791828e-02
8.179823931148564320e-01 5.279752154257401076e-01 3.790996420102177300e-01 3.492150107657669977e-01 3.304578512619665842e-01 3.079653538504679711e-01 2.908201861181605175e-01
3.978273750501686856e-01 2.825277281238780525e-01 1.740434902725084276e-01 1.664032469664337432e-01 1.590956177634473556e-01 1.485825554005454630e-01 1.384348969597006263e-01
4.407191278555300240e-01 3.817592354118592435e-01 3.262521434938965292e-01 3.121290506372671469e-01 3.000428806957166072e-01 2.815363263120566062e-01 2.646775171052229148e-01
5.849161403205001275e-02 5.483019462434362418e-02 5.152823054065076153e-02 1.356083165748215580e-01 1.771065059256137775e-01 1.684046874587025733e-01 1.615528137216236948e-01
3.976791068795556550e-01 3.276507863348598337e-01 2.675184381411954693e-01 2.453337512434435042e-01 2.285673903554737707e-01 2.213323639028993706e-01 2.150157409175334766e-01
5.154120666724046340e-02 3.497648232954587294e-02 1.807844161930574622e-02 1.653968840937792770e-02 1.509341193375570225e-02 1.219089814248440311e-02 9.592511717210188554e-03
8.910417471855905935e-01 8.780079152453478253e-01 8.588610855608639350e-01 6.856336424722726530e-01 5.762262729670322159e-01 6.002159387555434655e-01 6.215767829113149068e-01
4.789586542658479940e-01 2.248111460354980939e-01 7.302529892918331600e-02 7.095671898005297129e-02 6.883547330876482739e-02 7.315455381283793301e-02 7.743785624533124079e-02
6.935170033499032938e-01 5.590182978812680004e-01 4.060425353926714331e-01 4.013903843759341061e-01 3.970059455921107761e-01 3.810921016160905284e-01 3.654289692212547291e-01
