4.188230551034203830e-01 3.386635717651159672e-01 2.584622484818067667e-01 2.267485299049483150e-01 1.952401237581341265e-01 1.792620248724941523e-01 1.641625123218560245e-01
2.972753135053224915e-01 1.924320267358390624e-01 1.113563883133426580e-01 1.022871279923486115e-01 9.381338808192521417e-02 8.708373968054944347e-02 8.078322854865858937e-02
4.316781494398379548e-01 2.968269716746202436e-01 1.948568597527245150e-01 1.761849978123438409e-01 1.598139609808342243e-01 1.472498906841709920e-01 1.348560055508960798e-01
1.635405774415316649e-01 1.413177496025275204e-01 1.194037483835972413e-01 1.125327061731936501e-01 1.060594459242599347e-01 1.090474937517010579e-01 1.119575794928042989e-01
4.219090009861261592e-01 2.639523289989165189e-01 1.321189223610963470e-01 1.176565300653099611e-01 1.047219323635178723e-01 8.326788770369744630e-02 6.320586848685509629e-02
2.114419324363235042e-01 2.365735748366206148e-01 2.460959579578074485e-01 2.313151192348477103e-01 2.192203699925427685e-01 1.841362062424526103e-01 1.505352157957679515e-01
2.602801942589102469e-01 2.402674729550541566e-01 2.224962569831666070e-01 2.063675959987728015e-01 1.923005691265672612e-01 1.791512955741093038e-01 1.663560969149832924e-01
0.000000000000000000e+00 0.000000000000000000e+00 0.000000000000000000e+00 0.000000000000000000e+00 0.000000000000000000e+00 0.000000000000000000e+00 0.000000000000000000e+00
4.188230551034203830e-01 3.386635717651159672e-01 2.584622484818067667e-01 2.267485299049483150e-01 1.952401237581341265e-01 1.792620248724941523e-01 1.641625123218560245e-01
3.685687114879471760e-01 2.184452379986211168e-01 6.990047276827854317e-02 5.006821965278610009e-02 3.457099619099220783e-02 3.242897224810196988e-02 3.044707035935041023e-02
3.108960620237756767e-01 1.183820457408255727e-01 1.785224917261346231e-02 1.701014089306987151e-02 1.623646416714554994e-02 1.594297779947511165e-02 1.565920485477093060e-02
3.572581018530779917e-01 2.023810606514022115e-01 5.456865870032320126e-02 4.349436277076245555e-02 3.268206774588142127e-02 3.262858940033171867e-02 3.257337975742212455e-02
6.585186189866698570e-01 4.261120012515378086e-01 1.824430419633170375e-01 1.647761083467876864e-01 1.471013908902720491e-01 1.277847116005869921e-01 1.109572132550280671e-01
4.888524020139183301e-01 3.152961155604991905e-01 1.737173559450884419e-01 1.274815507650038371e-01 8.696502318291675360e-02 7.230963915371670103e-02 5.852216762678812828e-02
4.988219982996444091e-01 3.049361888829389966e-01 1.260733962862975732e-01 1.004437390416099835e-01 7.481735569285502541e-02 6.079146304837234477e-02 4.925951418616932032e-02
4.754680730680437284e-01 3.450296103370443235e-01 2.132006652389908385e-01 1.880934646339352534e-01 1.616575271390077451e-01 1.502923197211759876e-01 1.393883026320716645e-01
3.481600412632557817e-01 2.104865858296506298e-01 1.039966129743030016e-01 8.479701464045412418e-02 6.418425882873679544e-02 6.035344750233629513e-02 5.646773034763786364e-02
5.200282012085843952e-02 3.088783926384343348e-02 1.080940131651997316e-02 1.019397732359494761e-02 9.669574916937571235e-03 8.684078798089845536e-03 7.766658982164272723e-03
3.560052279117756902e-01 2.851048363385180751e-01 2.198324496431154906e-01 1.943456849028797062e-01 1.698647873410105980e-01 1.572449772606597795e-01 1.447751774992941109e-01
3.124283289525084384e-01 2.953790573136016451e-01 2.813827436797411430e-01 2.753234057743994545e-01 2.707674897711045969e-01 2.641176008643540962e-01 2.577322639396946724e-01
5.241241356643657756e-01 3.206164666184024292e-01 1.397251152882489633e-01 1.204712234028888912e-01 1.018883595192598135e-01 9.422384716786535996e-02 8.696833841781047292e-02
3.621871863159437099e-01 2.502767906479926863e-01 1.431310311740469632e-01 1.118629674105831862e-01 8.345844273657723744e-02 6.766627796970486886e-02 5.298413224489698092e-02
4.629098181615782237e-01 2.665904856618965812e-01 1.248367715018011692e-01 1.017452941372082309e-01 7.618249036621600745e-02 7.163813656886200421e-02 6.697185007984660099e-02
5.587359357276895366e-01 3.672852863144883684e-01 1.732154152792751700e-01 1.302725090364646732e-01 9.157266449153834975e-02 8.432508483133840937e-02 7.712158578711113266e-02
5.536712645602781535e-01 3.129210874352773564e-01 1.047255722067235578e-01 9.094873304805119185e-02 7.824732567003528372e-02 7.264781929865604670e-02 6.706138032081267186e-02
4.132916554176410684e-01 2.463831728642479069e-01 8.708995369693470212e-02 7.149925822865810243e-02 5.654567850761594433e-02 5.324047439821876643e-02 4.980773083596160694e-02
1.944312867425405100e-01 1.288146155870588117e-01 7.696535050782235543e-02 7.435204985084195584e-02 7.183967374975583353e-02 7.136805258132937479e-02 7.089660997380932417e-02
2.612158550131023493e-01 2.278676585285911715e-01 2.034793602155521575e-01 1.681939817164880835e-01 1.384512032572650375e-01 1.302516763303340208e-01 1.229254090058349014e-01
1.393137251162655521e-01 1.253343518892106601e-01 1.129692121225997492e-01 1.036038183946625529e-01 9.529586810641305084e-02 8.758367468458250205e-02 8.019893794662426301e-02
8.074526109704992238e-02 7.267122453402630189e-02 6.450654466901233064e-02 6.423368940129235705e-02 6.394514997554079372e-02 6.439672969979490236e-02 6.488746692080935019e-02
1.795209028868526291e-01 1.696033350256543337e-01 1.594661703843321954e-01 1.397138939188135587e-01 1.236522204430807598e-01 1.105277255220126070e-01 9.850118805375371323e-02
4.433697850666150631e-01 2.778183868172934279e-01 1.383617910566146969e-01 1.127404871534625069e-01 8.733912595912428356e-02 7.770367643091025123e-02 6.831689618972235090e-02
4.409544791982754064e-01 2.671965755195276904e-01 9.740412945863864691e-02 8.024320459945358253e-02 6.471248497683722289e-02 5.937619673374321116e-02 5.407251040338960368e-02
4.443441235475789619e-01 3.558480960320530295e-01 2.759057072904038677e-01 2.674662221389063621e-01 2.595181137481725742e-01 2.454575443070065865e-01 2.317195417161663218e-01
4.082928461107466211e-01 2.344517988521504503e-01 5.493172089133179642e-02 5.641410287898488557e-02 5.805385576631495737e-02 4.773143535011505761e-02 4.033589466347634045e-02
1.285193370996126350e-01 1.158726444340449219e-01 1.029016817799020128e-01 9.819368676709640253e-02 9.382776991587177262e-02 9.890298032678035423e-02 1.038736725685173862e-01
4.642356989229013964e-01 3.791822278593283690e-01 2.706299206140596048e-01 2.483502604554064241e-01 2.269762975976244435e-01 2.038901901537325534e-01 1.830830459988777026e-01
4.382350775554204048e-01 2.749988634300370438e-01 1.233702879803130759e-01 9.752810540940447248e-02 7.321941089572953087e-02 6.559735200450461656e-02 5.822500240705436730e-02
4.638137563551921749e-01 2.622488884003831289e-01 7.596655891666488636e-02 6.257890568516168150e-02 4.987705223547178601e-02 5.052607377726197474e-02 5.120697895612073836e-02
8.309125095623858259e-01 4.723527716432470158e-01 2.596327597954330990e-01 2.032148455104771101e-01 1.417735447428203899e-01 1.288585851666271265e-01 1.155058555952254012e-01
2.904220287017309984e-02 2.778494400566390923e-02 2.657218689599204556e-02 2.593208666877862278e-02 2.531417555842993897e-02 2.471362743322511740e-02 2.412758213112478969e-02
4.322814890375255015e-01 3.362313003347759399e-01 2.618781356143096706e-01 2.462030640900753353e-01 2.347368459246059746e-01 2.132175516392460779e-01 1.936813901731666288e-01
5.954284690829818316e-02 7.735798698138170171e-02 8.827081600710548481e-02 7.000296630484939553e-02 5.084645080012779178e-02 5.037496671886464855e-02 4.986244540371437967e-02
4.197183818476681316e-01 3.195932024483877920e-01 2.311565970551517080e-01 2.035842194927960092e-01 1.761165247656994171e-01 1.620291239012107143e-01 1.485577461242907071e-01
5.779975023313273924e-02 3.747830926202434104e-02 1.786009842248372295e-02 1.741755391274171089e-02 1.703761521304433119e-02 1.544869306610113791e-02 1.395106089365417447e-02
6.404900002214261034e-01 4.405696573372640534e-01 1.648695211148211437e-01 1.429752592603875661e-01 1.248682405735519613e-01 1.171001850835406422e-01 1.099351051432437137e-01
2.468279757400536345e-01 1.643176820778856628e-01 9.619223796607419275e-02 8.348010497022881338e-02 7.140734517707920948e-02 6.419475053696192812e-02 5.722646587010286195e-02
6.654511663370837882e-01 4.250286401620212429e-01 2.297401452219199891e-01 2.189011601823022957e-01 2.108435130398722268e-01 1.940007962725205926e-01 1.780206133977011440e-01
