4.092278636421906590e-01 3.669018709427340763e-01 3.229175755752806132e-01 2.849345610636154214e-01 2.477705143604866378e-01 2.248162494500929032e-01 2.035703923812880733e-01
2.923357429152213527e-01 2.019164597561597108e-01 1.283753592891178075e-01 1.155649616814725944e-01 1.042785266524200172e-01 1.026817659185599863e-01 1.011814497239616056e-01
4.205951867781167475e-01 3.480413844587776917e-01 2.743932427541044272e-01 2.293118760676289836e-01 1.936744060034188142e-01 1.741296409338863871e-01 1.553280497594248799e-01
1.700773123900100048e-01 1.532164857938453639e-01 1.368137123933985122e-01 1.305426929153981619e-01 1.246190313680758111e-01 1.265246544597901923e-01 1.283753154036303690e-01
4.311098712615711870e-01 3.024697661776061253e-01 1.907833568696196136e-01 1.541023024403866126e-01 1.242470934764654117e-01 1.034056621044781021e-01 8.456986870796899536e-02
2.163849860619968535e-01 1.233425006129262452e-01 8.437303387604982996e-02 8.732873788252443203e-02 8.971338532017299194e-02 9.140874269826447518e-02 9.299371526367612717e-02
2.526158828062399775e-01 2.343035826849271808e-01 2.186161395840413302e-01 2.038861967840752409e-01 1.912700072778187599e-01 1.809161270877888417e-01 1.710818577968196974e-01
0.000000000000000000e+00 0.000000000000000000e+00 0.000000000000000000e+00 0.000000000000000000e+00 0.000000000000000000e+00 0.000000000000000000e+00 0.000000000000000000e+00
4.032810364852070228e-01 2.884112186161356672e-01 1.858804707570497206e-01 1.637743666518326480e-01 1.457178217567737799e-01 1.399049112935205619e-01 1.343856494252382849e-01
3.656895860898517481e-01 1.839814757792231359e-01 4.172536508226603463e-02 3.152889611839687634e-02 2.365081462635905060e-02 2.446984116047632926e-02 2.528365186093359251e-02
1.512098047796953393e-01 7.040331882524217266e-02 2.426733104564612539e-02 2.615292417555806562e-02 2.759078314338228241e-02 2.881833521499160139e-02 2.995687529359531559e-02
4.075430884259060860e-01 2.251030673575709629e-01 7.923441026804596554e-02 6.421972869027862962e-02 5.038556277422006485e-02 4.964954357378745936e-02 4.892408958879795877e-02
7.063501239365551632e-01 4.024310249919178517e-01 1.622997015112057073e-01 1.441351381540544319e-01 1.261020405419691348e-01 1.214281357516806548e-01 1.170808421771365876e-01
4.885954993674940794e-01 3.178096004169874145e-01 1.816926676463480050e-01 1.470970896014454909e-01 1.178544909094672855e-01 1.136792789101181422e-01 1.098717398145591939e-01
5.090228731225289183e-01 3.506388342003516345e-01 1.728003265420445245e-01 1.288186814463954666e-01 9.490753997916588636e-02 9.244195984956038448e-02 9.006235784011146217e-02
4.780023009561575331e-01 3.314852004589147194e-01 1.786571608463774496e-01 1.596648853046612471e-01 1.391801494848639853e-01 1.303462727933433207e-01 1.220626645009630640e-01
3.299402114668067432e-01 1.645903312942487429e-01 7.175710801307355613e-02 6.055661745539848290e-02 4.986598860796138954e-02 4.881497737683931915e-02 4.780127476062780156e-02
4.993183658152056809e-02 3.133496880024096154e-02 1.276223936464564689e-02 1.152744872038475449e-02 1.043093436789445036e-02 9.292361772051945662e-03 8.283457805712050176e-03
3.504669001450912980e-01 2.720880562364305089e-01 2.035818344537187463e-01 1.851092382896441513e-01 1.675861090121884278e-01 1.599088803016754379e-01 1.522884649297191473e-01
2.908167756717082719e-01 2.775848328730646242e-01 2.637464890263051531e-01 2.579356929563115797e-01 2.520841119880417036e-01 2.382112218982513629e-01 2.238919947130948718e-01
5.334396285313474095e-01 3.194351332780835939e-01 1.430798415561711778e-01 1.385846078321363861e-01 1.346012583894141967e-01 1.332071441869991379e-01 1.319567777249819329e-01
3.589624486933357117e-01 2.535172744040086745e-01 1.490928876978394046e-01 1.275511307728227905e-01 1.089418615779900179e-01 1.045138533862731006e-01 1.003148160385344823e-01
4.141779777521653050e-01 2.956030779165082500e-01 1.995647777883549079e-01 1.693382478265295088e-01 1.358992010592660615e-01 1.270497106335503057e-01 1.181787361493333022e-01
5.653179818477989116e-01 3.771534850281432205e-01 1.936491713027550243e-01 1.601912402324886242e-01 1.316191585093102467e-01 1.290347684218289548e-01 1.266687879101199565e-01
5.009469572592913922e-01 2.528408626480262433e-01 7.672980917500124565e-02 7.524482061127582555e-02 7.397731058727601006e-02 7.638433749223091929e-02 7.860417927979122810e-02
3.960645017318128458e-01 2.180578737634848718e-01 7.941098038704898221e-02 7.105385479958852002e-02 6.388105851847394878e-02 6.182216760067070493e-02 6.000061848144445931e-02
1.886167639864522461e-01 1.502665149135946343e-01 1.131394769393695848e-01 9.975133553523822527e-02 8.799524303798278435e-02 1.241325601582108223e-01 1.528287179755646874e-01
1.708422574441169906e-01 1.611613078094481510e-01 1.533555851020349525e-01 1.479591405491063605e-01 1.445901624386348727e-01 1.217963972005617485e-01 1.001910881976861428e-01
1.244470199743741429e-01 1.170305535736321928e-01 1.106913468786968335e-01 1.085237835716098831e-01 1.064040595837477121e-01 1.027768551216688836e-01 9.918297671822179362e-02
8.629474977872249319e-02 7.531449374400811525e-02 6.453957628186861306e-02 6.518677748306388187e-02 6.582811236477292827e-02 6.881382012836217976e-02 7.178075796316529811e-02
8.794807712566456159e-02 7.456568331137129746e-02 6.268497358319417845e-02 5.651340698485155661e-02 5.119688999920037065e-02 4.382119446419423248e-02 3.738294212153881607e-02
4.400184818974522960e-01 2.931286676413963899e-01 1.478848834726353978e-01 1.227703320372064699e-01 9.797716383189679357e-02 9.177948054472993833e-02 8.576880022867944264e-02
4.342409410430485561e-01 2.676547678534941244e-01 1.011507905308919597e-01 9.459679787747155011e-02 8.875274317382804423e-02 8.918565238484645052e-02 8.959830096461302018e-02
4.492024638496012190e-01 3.637183623760065210e-01 2.757650118532821715e-01 2.643543513295594782e-01 2.522328888698793792e-01 2.363501924722576641e-01 2.213658194928889988e-01
3.456261418396260887e-01 2.034999661592415965e-01 7.532995349245749650e-02 6.090111945804611154e-02 4.929790356060525375e-02 4.610516821378108504e-02 4.308100932933069116e-02
1.310879490366287925e-01 1.259373609811831607e-01 1.208108174389371653e-01 1.185726119485464997e-01 1.164675881037171845e-01 1.218312438715450918e-01 1.270603303698789599e-01
4.656562838746033384e-01 3.761192990276493453e-01 2.610375960599874978e-01 2.419127976144462566e-01 2.241520844586175343e-01 2.021746925780565363e-01 1.827314827848970369e-01
4.358266022580682963e-01 2.748828460600967194e-01 1.168066052932055371e-01 9.271872533736177924e-02 7.088580308919013862e-02 6.766583720244957745e-02 6.449441740150685387e-02
4.510596702097112165e-01 3.130903621930536396e-01 1.872874814110460084e-01 1.495038835646755049e-01 1.180622605980181650e-01 9.864744142659302717e-02 8.149767290145515375e-02
8.317086324744450421e-01 4.442041095078146373e-01 2.010678354713591742e-01 1.710580435340751659e-01 1.402044812237057958e-01 1.357163705975915347e-01 1.312569271996018860e-01
3.901340137160239085e-01 2.500192523504650710e-01 1.325270401482382676e-01 1.266061199104145940e-01 1.217037889610551454e-01 1.059941612548866846e-01 9.162489282999633500e-02
4.394519613597345775e-01 3.653566758255210045e-01 2.938330849569446568e-01 2.805436946166023904e-01 2.688676566193014539e-01 2.663361423266028538e-01 2.639092042993118059e-01
5.977106650918966035e-02 3.793884833692488801e-02 1.943135779973985053e-02 2.125168903690549324e-02 2.301887682125090123e-02 1.900737631907653200e-02 1.556133487025859567e-02
3.886079932582369723e-01 3.193030637401405580e-01 2.568592449830506275e-01 2.304111137874487736e-01 2.063746660591603277e-01 1.897560612125609170e-01 1.742847051016868376e-01
5.621130851045096077e-02 3.931426364055853190e-02 2.234056112124892940e-02 1.966582490506543074e-02 1.726744339300390063e-02 1.593430325909777831e-02 1.473220152543029335e-02
6.481111774900935041e-01 4.252651571363847971e-01 1.364496641934996590e-01 1.239698750450323461e-01 1.135357999273371998e-01 1.111602148351304720e-01 1.088646839219923612e-01
2.426334270307544672e-01 1.665911513092289964e-01 1.028927124931786757e-01 9.919610151064996162e-02 9.577982745165339318e-02 9.291592835156746444e-02 9.019229532173622665e-02
6.708988700165152697e-01 4.529358533412747301e-01 2.528414345292184784e-01 2.447726610153225235e-01 2.376137411342019168e-01 2.423479032858341931e-01 2.467252576284130750e-01
