3.990634655633699679e-01 3.607707433003300990e-01 3.210288290682702383e-01 3.039048817633388522e-01 2.842500972155085348e-01 2.809228065323294277e-01 2.774174052273081226e-01
2.871922012319907958e-01 2.244572071193175478e-01 1.714259551923349445e-01 1.527800489177079113e-01 1.366528228231263520e-01 1.333579964785265859e-01 1.303043688928654520e-01
4.388805534995775526e-01 3.329801106138406963e-01 2.384588337888680631e-01 2.283462213202512303e-01 2.191857391727647097e-01 1.998179283287963570e-01 1.802927031268629909e-01
1.735025346394058476e-01 1.548508738051771194e-01 1.362988544876806152e-01 1.297352327430800201e-01 1.234612736859745097e-01 1.259593208458139324e-01 1.283695850280933415e-01
4.093661988655495909e-01 2.675639660340135006e-01 1.373176866145388586e-01 1.111259605782424498e-01 8.808222177574266676e-02 7.107852382375688671e-02 5.467284591355048295e-02
2.015598958832073018e-01 1.653776207056558978e-01 1.437624753727047289e-01 1.602339315227405137e-01 1.723871322408768170e-01 1.738394667556205642e-01 1.751790695781531293e-01
2.781292404306952015e-01 2.501210376279311975e-01 2.277484672046021785e-01 2.156804814072224019e-01 2.055158001259803635e-01 1.979643889678361635e-01 1.913756902685474492e-01
0.000000000000000000e+00 0.000000000000000000e+00 0.000000000000000000e+00 0.000000000000000000e+00 0.000000000000000000e+00 0.000000000000000000e+00 0.000000000000000000e+00
4.077776482237782107e-01 2.784570820535239299e-01 1.677761038557574469e-01 1.468547304708242018e-01 1.293167321549799076e-01 1.259475615943690674e-01 1.226906181053867007e-01
3.710037848007772809e-01 2.452245290480750961e-01 1.124528784288522376e-01 8.449460541718349649e-02 6.008049236012025923e-02 5.619227767531835560e-02 5.312392220400705828e-02
1.421858434577569219e-01 7.117925438786874837e-02 1.940862241746085098e-02 1.668890238844506629e-02 1.449563938156744718e-02 9.891765938333352270e-03 6.697397566031215721e-03
4.014138295343805951e-01 2.350244914329526480e-01 9.499964222362017319e-02 7.463842887427299400e-02 5.486578641996959355e-02 4.957190697230532545e-02 4.494230005184381149e-02
6.988308560932409152e-01 3.776589628574109070e-01 1.905762353752555038e-01 2.025927998807950381e-01 2.114762476740021935e-01 2.161862163152050709e-01 2.197571235877551765e-01
5.151743368548995505e-01 3.390336943551952587e-01 1.920780469124612200e-01 1.821743111663978176e-01 1.720500078451467629e-01 1.719541193056766115e-01 1.718608763632140379e-01
4.862641017483851913e-01 3.049409916289156919e-01 1.307992735721298094e-01 9.560064966298001399e-02 6.989683711803369726e-02 6.721401701134524509e-02 6.454410046662592548e-02
4.731591560254559403e-01 3.537215820388803222e-01 2.424559821455024300e-01 2.342214774957478429e-01 2.265154241460693441e-01 2.370165824984046543e-01 2.465182364363862899e-01
3.493313997188448039e-01 1.974078564994652951e-01 9.051513165369397262e-02 6.781831930660313368e-02 4.583770853020419089e-02 4.292272896363292373e-02 4.009172652604291870e-02
4.452264624338013455e-02 2.705352701048927694e-02 9.089431272136364037e-03 9.472639955452152871e-03 9.843968030294846308e-03 7.857713330516732583e-03 6.040831890824936365e-03
3.634787591019505992e-01 3.068845407926660829e-01 2.552343132534709569e-01 2.521880600603724765e-01 2.497921776834194640e-01 2.369869291148128110e-01 2.257933617487596634e-01
3.030086828828250090e-01 2.961143899004624602e-01 2.895061007279411958e-01 2.787769897462888391e-01 2.673970915721070596e-01 2.575087898850160761e-01 2.471598710361589402e-01
5.240144074782832062e-01 2.870422358380117500e-01 1.247196942264748726e-01 1.368516098584817431e-01 1.467374483340728175e-01 1.518458570567028376e-01 1.560665133089517709e-01
3.953408013908804586e-01 2.898978426353798210e-01 1.803236501507569922e-01 1.862735205997834154e-01 1.920044932976250895e-01 1.845669431235948121e-01 1.776901210127762587e-01
3.990634655633699679e-01 3.607707433003300990e-01 3.210288290682702383e-01 3.039048817633388522e-01 2.842500972155085348e-01 2.809228065323294277e-01 2.774174052273081226e-01
5.284651474126141890e-01 3.822557515378802173e-01 1.162488667146314991e-01 1.090774769023758750e-01 1.020087899633514428e-01 1.000854635927777153e-01 9.825789858508618413e-02
4.981619659158847968e-01 2.677290631704226653e-01 8.295516608240093015e-02 8.493921961767662843e-02 8.679812910219536493e-02 8.452019505184121817e-02 8.222768609339375923e-02
4.328743763555787938e-01 2.722142127015221291e-01 9.807369534415653900e-02 8.782068928453205803e-02 7.948241370362466029e-02 7.305272742645063655e-02 6.693229944061689085e-02
1.987669543866991961e-01 1.645320484188556864e-01 1.279103630801098623e-01 1.130824873014259352e-01 9.979299477593256418e-02 1.317729994333500243e-01 1.522680279112699486e-01
2.068304782964158761e-01 2.197741007198810714e-01 2.302325615383354063e-01 2.422956066389642948e-01 2.496198295463305517e-01 2.423373862315106875e-01 2.365857058056577977e-01
1.685726338980955696e-01 1.495490934380916959e-01 1.317585142040983148e-01 1.209037361769552954e-01 1.102398855378913800e-01 9.840714988277811381e-02 8.702460040340012637e-02
1.347331716023744685e-01 8.881112113699432542e-02 3.765654731988307691e-02 3.899667307216978657e-02 4.034512597251586896e-02 3.964905159457174366e-02 3.898118431360650393e-02
1.193798817600365825e-01 9.248677724337238393e-02 6.908658584488264198e-02 5.989988836599406674e-02 5.191916599661523107e-02 4.788638504714674143e-02 4.403192945524424251e-02
4.474674068452044740e-01 3.355013587256403529e-01 2.266685540059826809e-01 1.934538468165816205e-01 1.630283057839274907e-01 1.552135382149314180e-01 1.473755703044970500e-01
1.347331716023744685e-01 8.881112113699432542e-02 3.765654731988307691e-02 3.899667307216978657e-02 4.034512597251586896e-02 3.964905159457174366e-02 3.898118431360650393e-02
4.432425949991505298e-01 3.515861639161090846e-01 2.801181523393851402e-01 2.883136516210971223e-01 2.947002578192504663e-01 2.932016196354131354e-01 2.918489349478259332e-01
3.504246238648193734e-01 1.843602320836755237e-01 4.666162822252700737e-02 4.173537119358814579e-02 3.736849104922707748e-02 3.577916941374972848e-02 3.428292319926286996e-02
7.956631030416357053e-02 7.002695740985720452e-02 6.004232748839706535e-02 5.602266493026966665e-02 5.230386113058976133e-02 4.297531460324336555e-02 3.323434382050635683e-02
4.645345800161085337e-01 3.835021333894466644e-01 2.962811440863629131e-01 2.703796775088977422e-01 2.503289213128629953e-01 2.340809880848292446e-01 2.218806831363111520e-01
4.401770228283226616e-01 3.209880235498374645e-01 1.975423247053309239e-01 1.651885036370459581e-01 1.362597360314367900e-01 1.280701977851914919e-01 1.206481480184175559e-01
4.473716440450208331e-01 3.017035696915014165e-01 1.494622102762765692e-01 1.169384251214876519e-01 8.993167827120965296e-02 7.503041920826920841e-02 6.058220889008628096e-02
8.273882734918583948e-01 4.464519423391363206e-01 2.675360912869519381e-01 2.598895182803386272e-01 2.537770608642489489e-01 2.565176619489518139e-01 2.587987012794600861e-01
3.911120920061832984e-01 2.690261142485662060e-01 1.530353788583711239e-01 1.382174184755732282e-01 1.239898587999389151e-01 1.132445927579763117e-01 1.029053388258944213e-01
4.378915715194946490e-01 3.704314396240346308e-01 3.086668667219683027e-01 2.940454017687092469e-01 2.809404070729598080e-01 2.769998543443732975e-01 2.732259051873229816e-01
5.925031059322868193e-02 4.753933513258102456e-02 3.668623657417660611e-02 8.744617662543560654e-02 1.188779870507129521e-01 1.342181882021615258e-01 1.470074394425288922e-01
3.975960507165837154e-01 3.131589648521646008e-01 2.408381593402787457e-01 2.355143146630921391e-01 2.311065432544921749e-01 2.210597657704430341e-01 2.120699739517187821e-01
5.019949963871109255e-02 3.396447681242225486e-02 1.722191238180552711e-02 1.705209475091583327e-02 1.688877729658961810e-02 1.336615999666059679e-02 1.007623913933533739e-02
8.958373220695307060e-01 8.638146776878974364e-01 7.670746288575714944e-01 6.380977518960498918e-01 4.739480220926983178e-01 3.950444514318839362e-01 3.670806703426978679e-01
4.825652772241558197e-01 2.331650060635403754e-01 7.706421542431853011e-02 7.906622797275290881e-02 8.107307500278200518e-02 8.374502995470549382e-02 8.639432840749515508e-02
6.703522872966428681e-01 4.822118258786029510e-01 2.822386611592356265e-01 2.855530722123131304e-01 2.886757140975414471e-01 2.862440570397616346e-01 2.837529248885502509e-01
