4.114012569501197536e-01 3.760254378090019389e-01 3.390894840169984548e-01 3.116667326442734143e-01 2.829533551190792084e-01 2.630631126953658083e-01 2.438967101112483882e-01
3.271951643557333700e-01 1.683786144152446818e-01 7.260302640325536072e-02 7.468740307986540539e-02 7.652591413095236050e-02 7.346925460002833030e-02 7.056576444156480166e-02
4.352419290166256727e-01 3.395298749421969409e-01 2.517216397912453441e-01 2.426008686344023335e-01 2.347243651381764051e-01 2.064811172593920829e-01 1.798166330706674754e-01
1.833161656630513947e-01 1.611922616311158574e-01 1.398987936880649874e-01 1.415823470070382284e-01 1.431548695094297108e-01 1.406622470341760966e-01 1.382235720478371677e-01
4.391958595023812140e-01 3.057988604052009896e-01 2.007448896658158843e-01 1.805142665836283467e-01 1.630715953276899999e-01 1.384337735580121465e-01 1.165543096264090167e-01
2.142118716701072456e-01 2.537117660259565199e-01 2.676001598699760398e-01 2.650683609386729755e-01 2.630399479434990528e-01 2.137635856766641196e-01 1.720315796497865479e-01
2.673254666254069045e-01 2.515328816948899648e-01 2.378959096856125555e-01 2.103330884431540704e-01 1.836871710195160934e-01 1.541807252008642604e-01 1.221080553387326323e-01
0.000000000000000000e+00 0.000000000000000000e+00 0.000000000000000000e+00 0.000000000000000000e+00 0.000000000000000000e+00 0.000000000000000000e+00 0.000000000000000000e+00
4.054496729686675738e-01 2.991853715259561453e-01 2.026714396577348476e-01 1.655377107009665671e-01 1.328160234234463666e-01 1.242845906799740219e-01 1.159513567324566008e-01
3.672483380918724616e-01 2.347303236404980065e-01 1.025407265025650716e-01 7.851339246474062228e-02 5.834852479731594127e-02 5.058430615052420670e-02 4.378131266504752678e-02
1.517951356284708841e-01 5.604976382664321466e-02 2.445652902853983485e-02 8.865384881071038115e-02 1.342881453364094535e-01 1.229297450931178537e-01 1.127281276046632336e-01
3.686695215118626634e-01 2.078334551599402003e-01 6.500274486428510301e-02 5.026370867556217287e-02 3.572765316279179204e-02 3.464676212037488129e-02 3.359904303715412210e-02
7.161190062332087880e-01 4.311841787497528999e-01 2.130569939878892705e-01 1.915175930988033404e-01 1.689219685369347801e-01 1.602126424815341899e-01 1.521125114138937862e-01
4.941649405884033786e-01 3.707725155921496873e-01 2.553618234923893948e-01 2.135237660657407777e-01 1.772054031070333102e-01 1.679908332098398738e-01 1.593074495427805881e-01
5.029101036391004920e-01 3.378016637354825380e-01 1.805828540604181576e-01 1.489359566389657774e-01 1.184640671670935258e-01 1.049478546202755325e-01 9.309094643146205439e-02
4.792583332494557702e-01 3.743652881338634941e-01 2.698138835631944121e-01 2.500852075789697371e-01 2.318189558366575975e-01 2.328011057286675511e-01 2.337313357562855465e-01
3.304669041636263960e-01 1.847969544995544944e-01 9.335308194689982686e-02 7.390615877764729336e-02 5.787625272273323046e-02 5.528718207513297345e-02 5.276954300159696076e-02
5.990341290439907262e-02 4.069454464109401037e-02 2.054782445497890450e-02 2.073254300468306208e-02 2.088062817189421591e-02 3.876235681490913798e-02 5.398969695325477047e-02
3.621936976440261469e-01 3.001740019955514427e-01 2.460929224520828351e-01 2.255976463617853367e-01 2.054342208133266567e-01 2.059670981185366678e-01 2.064660367231322680e-01
3.119902517023884214e-01 2.899972413503450475e-01 2.725506319863650329e-01 2.813517808505572870e-01 2.875275793588135675e-01 2.832021792518960579e-01 2.795450895195009111e-01
5.387041970371081456e-01 3.488471015354593363e-01 1.775344713641769934e-01 1.657654368871800399e-01 1.536532781518282209e-01 1.424817014612283494e-01 1.317028617368531385e-01
3.290946481299725779e-01 2.025167526908655535e-01 1.013754707161212826e-01 1.024949978419155833e-01 1.036144513111386667e-01 8.799586088770720849e-02 7.331421486046559022e-02
4.657071297201065274e-01 2.487649968362649899e-01 1.173483871003467016e-01 8.662831809816634587e-02 6.006546510189034183e-02 5.658365789638625243e-02 5.298715052125138603e-02
5.673795645989893055e-01 4.064039326444175426e-01 2.332099750687955941e-01 1.895181524366501558e-01 1.522024303847036297e-01 1.400606403657334298e-01 1.287000873169192872e-01
3.150962237349813067e-01 1.381557841221472682e-01 5.336955653921588577e-02 6.267882065906535405e-02 7.018418306059229228e-02 7.307145223976320436e-02 7.570155495316435723e-02
4.062500595956033411e-01 2.463218105537363090e-01 1.048502257482905875e-01 1.009310781274701252e-01 9.706810299286573740e-02 8.458106590428110527e-02 7.343699951870501230e-02
2.175965789798776362e-01 1.568372835116870756e-01 1.148212016709432154e-01 1.422067269977927706e-01 1.641819355114592371e-01 1.678647912641579310e-01 1.710310963326451272e-01
2.600924599553934846e-01 2.341832141988395566e-01 2.134117463044623575e-01 1.862463545922111996e-01 1.654185021556888457e-01 1.501450846904245073e-01 1.364519783439781253e-01
1.445858084111539543e-01 1.346440056318675693e-01 1.260241746936949236e-01 1.068613557324568919e-01 8.949533371043866259e-02 7.798084334206570323e-02 6.614503295550783202e-02
9.283374901934585144e-02 8.204628420616202900e-02 7.110931110429316582e-02 6.821696010179419123e-02 6.522729982640144974e-02 6.195035145853083208e-02 5.876397086215309068e-02
1.293091009058731748e-03 1.375336261777058370e-03 1.444511415395469209e-03 2.497631738499239348e-03 3.562357573398641005e-03 3.229888189971199565e-03 2.887580971834230979e-03
4.479870848445742793e-01 3.325272982855754234e-01 2.234348893004049486e-01 2.000478374898735923e-01 1.762397806857501359e-01 1.654861099557694282e-01 1.548656814766996570e-01
4.479540096773316771e-01 3.025410365530698531e-01 1.562737981825121358e-01 1.451023673618229148e-01 1.359721361292268449e-01 1.317016873360871976e-01 1.276222976409471244e-01
4.509364443518335541e-01 4.259596581864323883e-01 4.015462683542679878e-01 3.868554236124838175e-01 3.766201439683207197e-01 3.761942342747739976e-01 3.758433514781100993e-01
3.709071255616309126e-01 2.116363338409483208e-01 7.573661794960642735e-02 6.541935130092256523e-02 5.568629736207010572e-02 5.119603250216818446e-02 4.695326790235771625e-02
1.380343331014210750e-01 1.313986814057854224e-01 1.247978749948917970e-01 1.209116788755425914e-01 1.173630159233292752e-01 1.085723819431708009e-01 1.005256449948575409e-01
4.723356938294938079e-01 3.992661001422195821e-01 3.157145096367509063e-01 2.926898261723531181e-01 2.712777532205094544e-01 2.501639054766338632e-01 2.311892084092211919e-01
4.400752281197110594e-01 3.207261360431867270e-01 1.972045918175283630e-01 1.750671294916718024e-01 1.539169991398982862e-01 1.410762409878199286e-01 1.290731107197627403e-01
4.548290121536889830e-01 2.765507273677715872e-01 1.074473292131573471e-01 9.977677077921810744e-02 9.229593021217455395e-02 8.220460952454766712e-02 7.351895589380806617e-02
8.322850765664189243e-01 4.523779307884935319e-01 2.573415559224263016e-01 2.275052047882017148e-01 1.969757422081575005e-01 1.920463654221115368e-01 1.872568269356944815e-01
2.541780439813835085e-02 2.948510271053164655e-02 3.226591837802483820e-02 4.427833725840967655e-02 5.312784721189391796e-02 5.272385974439058876e-02 5.237532016465015067e-02
4.393966148008935924e-01 3.911424416323119879e-01 3.436849225301528699e-01 3.243667391680946643e-01 3.077107689025483372e-01 3.010108196762026900e-01 2.946059735661477053e-01
5.842281217290362649e-02 8.207443036680509008e-02 9.840236131520253837e-02 8.626907601071150122e-02 7.319731310366248134e-02 1.131762082311949802e-01 1.480185703885360804e-01
4.787505642220843960e-01 1.269714058953417268e-01 6.214376987709056138e-02 5.593430353028682606e-02 5.080443478461479923e-02 4.624084871807269959e-02 4.191729177436054332e-02
6.621531644811685935e-02 4.925428344099389011e-02 3.159798815317654830e-02 3.093672897216930007e-02 3.039981336091503172e-02 4.320163757332227961e-02 5.408797681195692819e-02
6.489871876837947084e-01 4.851530381672750081e-01 2.897844687100168404e-01 2.445850321041483366e-01 2.064436523626534681e-01 1.880406313312598943e-01 1.692372807292186476e-01
1.865948560194188588e-01 1.493910498901056538e-01 1.153177235565059772e-01 9.962371753603167790e-02 8.527021947362271870e-02 8.182727971731146299e-02 7.834115197803048769e-02
6.618071477704940975e-01 4.619055397239860139e-01 2.813631930245509283e-01 2.825459701975769899e-01 2.835958606643566027e-01 2.792303617640460311e-01 2.750094139646848124e-01
