9.338259214517304896e-01 7.986451293851694055e-01 6.638874502373478537e-01 6.180290192158810481e-01 5.731690348095260790e-01 5.427446711267842616e-01 5.135711118277302978e-01
1.836438063410461297e+01 1.829903971901220672e+01 1.824031548317578455e+01 1.604753849464261961e+01 1.427195027125251059e+01 1.288140797672718740e+01 1.163752904200526572e+01
2.730829335534223912e+00 2.307099464591302329e+00 1.957168733355493240e+00 1.801634159469328811e+00 1.671365743572865492e+00 1.564669993946009807e+00 1.467335981461982186e+00
1.069704287895966388e+01 1.401506379326518825e+01 1.722439980778130675e+01 1.719307327174105993e+01 1.716429196759509779e+01 1.682368929395658341e+01 1.650155143354161424e+01
4.390109206219076299e+00 3.380850766386159556e+00 2.562323103683149750e+00 2.268191365429960360e+00 2.036810344517057114e+00 1.799282397707031578e+00 1.603857941842488088e+00
1.770430171497463512e-01 3.380864565587718973e-01 3.994111635640893443e-01 3.393420760013027837e-01 3.038706763139579770e-01 2.529313563565334100e-01 2.186397621267206492e-01
9.478446130224861266e-01 9.053807983205991450e-01 8.678292339438710146e-01 8.509976130959001628e-01 8.291643110436404118e-01 7.489988058541411364e-01 6.734025864996251443e-01
0.000000000000000000e+00 0.000000000000000000e+00 0.000000000000000000e+00 0.000000000000000000e+00 0.000000000000000000e+00 0.000000000000000000e+00 0.000000000000000000e+00
9.338259214517304896e-01 7.986451293851694055e-01 6.638874502373478537e-01 6.180290192158810481e-01 5.731690348095260790e-01 5.427446711267842616e-01 5.135711118277302978e-01
2.339689732028215730e+00 1.895171574502339196e+00 1.523533806081284858e+00 1.377226048869937491e+00 1.249209660871302807e+00 1.193211024618837879e+00 1.139391698669852682e+00
2.336222342206228486e+00 1.424266215870129582e+00 8.681068104186889789e-01 7.999772239244588024e-01 7.467091583817339062e-01 7.067045772927044167e-01 6.731441187115165814e-01
1.098503111206990956e+00 6.535872354692117137e-01 3.341067392156146232e-01 2.887000267678843657e-01 2.480502972973877007e-01 2.408015759654977550e-01 2.335260736870082010e-01
1.408096738906514211e+00 8.896204996621415173e-01 4.187796127872085994e-01 3.806268517931905015e-01 3.419625522140529172e-01 3.314772613092402120e-01 3.211182153258353433e-01
4.993637211571885004e+00 4.813024385373495306e+00 4.631840055260589395e+00 4.069966720415423289e+00 3.615545674900582096e+00 3.320083987644706802e+00 3.065429278865975604e+00
1.282571663387980010e+00 9.091037386429655642e-01 5.862074239841036372e-01 5.129207927174428416e-01 4.462725379305762519e-01 4.043420183100089882e-01 3.700842096325323571e-01
2.862251207919075835e+00 2.570530726623780904e+00 2.289861617621851142e+00 2.229742947906625528e+00 2.172334884390771048e+00 1.985169351116214065e+00 1.826912458372660586e+00
1.164378262733212432e+00 8.653265417607146626e-01 6.295685771342024450e-01 5.926000592173679138e-01 5.545744250256727792e-01 5.071892145070919788e-01 4.579190327759788959e-01
1.788602132946822820e+01 1.696851499724341039e+01 1.607110456883951244e+01 1.435758848274510591e+01 1.298834793978587498e+01 1.099515408369918923e+01 9.545820852319282679e+00
3.190097046125276670e+00 3.056367349003604517e+00 2.929284975522560508e+00 2.848209256320587635e+00 2.773195252173084491e+00 2.578023786994354527e+00 2.407285724771729640e+00
8.270746375946772533e-01 7.791504298868272560e-01 7.408621629089989780e-01 7.920535325891162604e-01 8.191137715653075135e-01 1.187875252083984812e+00 1.430149973891686299e+00
3.658059189730829441e+00 3.089929141305947091e+00 2.570923716007328164e+00 2.429577846638338201e+00 2.296733974735789552e+00 2.068202582396884370e+00 1.856203305379887869e+00
3.444939416307017055e+00 3.306667670788741464e+00 3.165632354095420098e+00 2.800005802077008887e+00 2.502946696839623897e+00 2.310444376515960130e+00 2.141921731591609035e+00
1.266516186594287552e+00 8.659302580300068941e-01 5.695503851302292642e-01 5.235892294660746682e-01 4.754719056963443991e-01 4.632819496913159196e-01 4.503586349741207084e-01
5.274973878222394497e+00 5.143209361295837390e+00 4.994233315710259191e+00 4.254575917571976618e+00 3.699956408357495174e+00 3.260012879043857392e+00 2.906324613654231115e+00
1.458374152940615787e+00 9.556102357559351779e-01 5.336378435170903156e-01 4.987879948913268580e-01 4.705616795419418907e-01 4.288012760124235712e-01 3.937908292887521422e-01
1.226982026951086269e+00 7.642268696819422003e-01 4.293087759810446657e-01 4.060576817903863156e-01 3.834757401022481638e-01 3.668699495889498619e-01 3.507184902757845557e-01
1.702379976868607514e+01 1.365696081702553322e+01 1.120202007549401380e+01 1.229176556199822201e+01 1.328342308851971154e+01 1.168745690667894088e+01 1.041766743386916083e+01
9.185585883201049517e-01 7.540783552964650527e-01 6.194723169111902017e-01 5.763768246073580626e-01 5.431243281756898966e-01 5.766558279665796594e-01 6.087625059412978823e-01
5.679085820778472460e+00 5.285150405804421858e+00 4.952454171823923446e+00 5.103261375324343874e+00 5.262428574258971814e+00 4.879641451873546032e+00 4.546412744853277843e+00
2.661055598961883373e-01 2.099855419900467646e-01 1.516424900838072298e-01 1.457048860319144490e-01 1.392699997531247347e-01 1.225552743895156615e-01 1.076372471471424980e-01
4.641221720978817578e-01 3.251362481578273789e-01 2.018524010781463651e-01 1.911481702624488188e-01 1.809592753284671729e-01 1.359096654188471365e-01 9.905724577958920085e-02
5.661837297643698363e+00 5.889390367703138729e+00 6.151345531266972699e+00 5.861625787848555369e+00 5.597391528892066148e+00 5.016269543015980048e+00 4.542459662743343785e+00
5.923813114353849052e+00 5.223123378960574215e+00 4.576806792482984498e+00 4.069744152712252649e+00 3.669346365044285907e+00 3.293598560497598804e+00 2.986167066065712472e+00
1.509391943370609557e+00 1.373767388501828890e+00 1.251094538855929583e+00 1.123121245146931235e+00 1.033956107867946450e+00 9.984438011978453709e-01 9.681498933750610769e-01
1.284591763121305519e+00 8.481858792818361970e-01 4.788209648762943860e-01 4.453702489177641111e-01 4.119974765694545127e-01 3.783761387437031831e-01 3.514670139773898860e-01
5.621511896489491455e+00 5.799931716170974916e+00 5.983242953115463614e+00 5.471151464709120837e+00 5.070247382613730203e+00 4.980901997036141893e+00 4.894698400747649281e+00
1.936629973368232394e+00 1.805491011138462332e+00 1.645313241453575381e+00 1.600192834209447357e+00 1.561402162670551652e+00 1.466352116791979077e+00 1.377388171579862597e+00
5.798940320316499530e+00 5.692360131499868636e+00 5.580270826656136940e+00 5.165640255690013838e+00 4.802127365599544895e+00 4.541554511450066833e+00 4.304272086250806595e+00
1.305444307343538002e+00 7.471753843987795074e-01 3.828326340647095760e-01 3.788597880348672509e-01 3.747381837999256837e-01 3.706790380203422997e-01 3.666780362484176048e-01
4.126595569469566627e+00 2.622624201848913650e+00 1.836848863102344520e+00 1.812892529841242828e+00 1.788407772538522122e+00 1.740566793294132664e+00 1.694851256860544941e+00
8.800320277029484162e-01 8.633863047168482963e-01 8.473352446192816689e-01 8.333026140859294273e-01 8.197303548346800417e-01 6.485167033006674631e-01 4.812699148385338188e-01
1.661618539924731408e+01 1.511828145612716057e+01 1.394189681427092609e+01 1.099515152122044448e+01 9.224963536306884038e+00 7.520486795455578743e+00 6.281900772075498018e+00
3.300104279281537156e+00 2.692954496939059084e+00 2.279548799573674511e+00 2.322742944127646592e+00 2.365380080691806164e+00 2.628468256214814502e+00 2.896667546244495739e+00
9.749254339485701193e-01 7.953521449143070576e-01 6.345135986828384089e-01 5.919968197625874451e-01 5.508027401893172970e-01 5.148741761462154454e-01 4.813160924382380856e-01
6.281092113318337944e+00 5.994659237355554282e+00 5.712210160466213438e+00 5.037449351190661062e+00 4.518244150219628885e+00 3.953744415526322609e+00 3.522864018922455820e+00
4.064161071461623642e+00 4.358905956688195360e+00 4.861357365456952628e+00 4.242437417258980936e+00 3.825677307449513620e+00 3.429246868584042041e+00 3.081099943188235102e+00
4.074904487338398162e+00 3.842757565850579926e+00 3.621795629206550515e+00 3.557899561681420408e+00 3.495984062328568509e+00 3.346988716936807773e+00 3.207124131430989511e+00
2.297668361083904376e+00 1.591645535802089340e+00 1.075973510610315875e+00 1.032912215853879268e+00 1.005797808332196341e+00 8.597174954932184088e-01 7.528978842824661788e-01
