3.812855140674521248e+00 3.774643841813037248e+00 3.736331007641907398e+00 3.636740014906041374e+00 3.545862992030536009e+00 3.406277879813775833e+00 3.279233818327525807e+00
1.856719816697165726e+01 1.851519298215884746e+01 1.846821772682088891e+01 1.603063639645234773e+01 1.407993188943441254e+01 1.339695339614845615e+01 1.274605006974651644e+01
2.681813052713778678e+00 2.211953729535974134e+00 1.842563664932791667e+00 1.662362148389436634e+00 1.516082386541392601e+00 1.495786214635489442e+00 1.475752928091847105e+00
1.095640363525733818e+01 1.433233937115986834e+01 1.755170820350086558e+01 1.802202750394810593e+01 1.847107949394205306e+01 1.811700849266730984e+01 1.777886368866167288e+01
4.470966026719819908e+00 3.456373972456141974e+00 2.739302603175982842e+00 2.404943854284113502e+00 2.142018094578187704e+00 1.912098156751078193e+00 1.721215126551752794e+00
1.962533116442246872e-01 2.202516011039639954e-01 2.312949349394620713e-01 3.190444911608690259e-01 3.683037754996182911e-01 3.866202030214008767e-01 4.026254365193704388e-01
9.093390660341913456e-01 8.740263258100884336e-01 8.429204871524126341e-01 7.991356844482341293e-01 7.603762158216045286e-01 7.084739413416464293e-01 6.626082878517027819e-01
0.000000000000000000e+00 0.000000000000000000e+00 0.000000000000000000e+00 0.000000000000000000e+00 0.000000000000000000e+00 0.000000000000000000e+00 0.000000000000000000e+00
4.981836018996411930e+00 4.592574085057795408e+00 4.246660763000820182e+00 3.690853875299806131e+00 3.290121199979177735e+00 3.081031085534983838e+00 2.897251412161946593e+00
2.315546739987369484e+00 2.204811656653044682e+00 2.084591237628214522e+00 1.707123928410458458e+00 1.433633341226187463e+00 1.367110507965749733e+00 1.306709479433865173e+00
2.285345289343029496e+00 1.262158242148446741e+00 8.325814589939383170e-01 7.818528780675995105e-01 7.404371885121101560e-01 6.787897164402242334e-01 6.287292673199470494e-01
1.722981601559793186e+00 1.361400562151309002e+00 1.043720801448906776e+00 9.657211332113055935e-01 8.982032497087094614e-01 8.438315470685787689e-01 7.952015965399280573e-01
2.154265307269338958e+00 1.672833822492028499e+00 1.281820872922424526e+00 1.225187824169092554e+00 1.176301389179654544e+00 1.165115627658359854e+00 1.154357454130271021e+00
4.879322353831027748e+00 3.851286741835811878e+00 3.142378008738447193e+00 2.930254025712633048e+00 2.755189444875254523e+00 2.485725290359168227e+00 2.264623016005739675e+00
1.291622959868181431e+00 9.815446434646801777e-01 6.958789778188886332e-01 6.166290954553963477e-01 5.589141704519073883e-01 5.414728610459332847e-01 5.262859396030276082e-01
2.847496726130964273e+00 2.632534174507438429e+00 2.433399769564295489e+00 2.509035510827420712e+00 2.588127560137007066e+00 2.563899420952648001e+00 2.540319898526462783e+00
1.070109183367340400e+00 8.252491631875351619e-01 6.397809476374137772e-01 5.652303300250627327e-01 4.998275858819606898e-01 4.496009364592570834e-01 4.086307388082890402e-01
1.782343880619587040e+01 1.766203840709829365e+01 1.750446653399300700e+01 1.558123634410523550e+01 1.402790720967245264e+01 1.260200536883898259e+01 1.145013484752753108e+01
3.110763925272494124e+00 3.051829646697906018e+00 2.994787619807214529e+00 2.958179848724431515e+00 2.923445343144036368e+00 2.767785715503285005e+00 2.629142026400571819e+00
8.502286135026474456e-01 8.384678279585402461e-01 8.267174633071542322e-01 8.343447933785773651e-01 8.421294271665354936e-01 8.276832354282481763e-01 8.130819606407537758e-01
3.603740420445796566e+00 2.576956227493219398e+00 1.871773783387373324e+00 1.752856989301048385e+00 1.657999544909568357e+00 1.554079201719610559e+00 1.465363242662589105e+00
3.380624639666607312e+00 3.262897349696611382e+00 3.141574136987903998e+00 2.821505684574967532e+00 2.568991582758648473e+00 2.467340067526807790e+00 2.373123008885761109e+00
8.351943692770660732e+00 8.164550531959649859e+00 7.982175507205353071e+00 8.831402572295024456e+00 9.830508529073782142e+00 9.762335205171417840e+00 9.696381184497255390e+00
5.187708583624861980e+00 4.560479418656666617e+00 3.987747232880086479e+00 3.510876604191083494e+00 3.148783228734940653e+00 2.819105105520798293e+00 2.548027710730701223e+00
1.643428379258581984e+00 9.746190719471468089e-01 5.667544391461032394e-01 5.268656650005116848e-01 4.977268006824656643e-01 4.742478632551357376e-01 4.547081152005447713e-01
1.242668406377974710e+00 7.419817706493403442e-01 4.132486079282289282e-01 3.318411532301860922e-01 2.774068722693612266e-01 2.701780358340376553e-01 2.640824261919194615e-01
1.764020960369329671e+01 1.582989430708737721e+01 1.429629191647794606e+01 1.391092215811270805e+01 1.363501266974051163e+01 1.269934476274056934e+01 1.188573018032938755e+01
1.019731583383045148e+00 9.849844736537269885e-01 9.525502012496736004e-01 8.548215808023162943e-01 7.760796470572378647e-01 6.881490583220588597e-01 6.064193014192410525e-01
5.680583999337254220e+00 5.426999884883942471e+00 5.203518371108033058e+00 5.053289708971147931e+00 4.912069555546287880e+00 4.742076468586835958e+00 4.583509837975619838e+00
1.085549637774769849e+01 1.058950490954145174e+01 1.032320085602259319e+01 9.865999303799684483e+00 9.462781857573244082e+00 9.125616921748106236e+00 8.808376906097182157e+00
9.844298943283412706e-01 9.117726551069333940e-01 8.489553032421309764e-01 8.260058326773987991e-01 8.051970285243136294e-01 8.045628696217218545e-01 8.039784813680643794e-01
5.616920520581166087e+00 5.088275866386179125e+00 4.626064555264222555e+00 4.682572407090262345e+00 4.742444664914913233e+00 4.727127959963330461e+00 4.711915226716467231e+00
5.988722756865155539e+00 5.313950589298157112e+00 4.714566665543563850e+00 4.290270284083108621e+00 3.947204333400185394e+00 3.702380312195839185e+00 3.487933333006336234e+00
1.475955514738216845e+00 1.370082706963519081e+00 1.272732070645545832e+00 1.270741155127106614e+00 1.268855891564277139e+00 1.249608430291338168e+00 1.231091806948751088e+00
3.037945084882221369e+00 2.332691766847247994e+00 1.787892738385927993e+00 1.664337838699147643e+00 1.555785427365312223e+00 1.544804864811977207e+00 1.534657445332121339e+00
5.654912810273607704e+00 5.720448183103130191e+00 5.784290278666580853e+00 5.700783912305279699e+00 5.625742814892348953e+00 5.386409210805840786e+00 5.165805647047849725e+00
1.916023741522163926e+00 1.797970065562973341e+00 1.663068366358485761e+00 1.633155169145509511e+00 1.608568703322045046e+00 1.495086532938479262e+00 1.398671049855084725e+00
5.744023186230834632e+00 5.340158926624981817e+00 4.965949339780179272e+00 4.646665550764370600e+00 4.352627065870994905e+00 4.261487422279567561e+00 4.173966394313826989e+00
1.472588854875231501e+00 1.003275664332975214e+00 6.750196797224276013e-01 5.700785771390164403e-01 4.888895524376824508e-01 4.244625494958319534e-01 3.708782321847051144e-01
4.178257889843560946e+00 2.925298843336216592e+00 2.221605631621759169e+00 2.202700802193795049e+00 2.184245171672742458e+00 2.105784165050561541e+00 2.032489584533442528e+00
2.628297776053654999e+00 2.065614853459194489e+00 1.639201648288609148e+00 1.415613585638903382e+00 1.247792931544809081e+00 1.155201896480685608e+00 1.076473310611112177e+00
1.675612474634458593e+01 1.774595517739869166e+01 1.878394287342422331e+01 1.801917388934140263e+01 1.735503324627255850e+01 1.698979366047782946e+01 1.663198398153807034e+01
3.410221469415926965e+00 3.283651468474526158e+00 3.164986127433892626e+00 3.193954613280597155e+00 3.223678594932351871e+00 3.054764016350749234e+00 2.897452136671196943e+00
1.979220149076484692e+00 1.863078863975655697e+00 1.756302029928952013e+00 1.635360997868131827e+00 1.531934212831406406e+00 1.431897605194594414e+00 1.344722639354123395e+00
6.272382665058308326e+00 6.227664415019710908e+00 6.183515262843743976e+00 5.571878538354706478e+00 5.075418701246396047e+00 4.646848687777358045e+00 4.291554500868106636e+00
4.025903797697488073e+00 4.382681205982311035e+00 4.937870056605301095e+00 4.700113956343080268e+00 4.522474186228389925e+00 4.231875151864914031e+00 3.976772729446743426e+00
4.054416156774504287e+00 3.326979612282934262e+00 2.794062597554162419e+00 2.750498107087151922e+00 2.711112908484138107e+00 2.490981011978661730e+00 2.304881958528746555e+00
2.359993318588654354e+00 1.823041323354031462e+00 1.387218813093570313e+00 1.382115001659213860e+00 1.378062988462715133e+00 1.297836814783249970e+00 1.229239339055310243e+00
