9.236583672291205360e-01 7.771499051965130578e-01 6.305649717878573091e-01 5.833015671821534243e-01 5.363441426029874615e-01 5.060003994004833583e-01 4.773251649687246245e-01
1.858505425574137959e+01 1.696901111626178249e+01 1.571931995063019194e+01 1.477022301656614367e+01 1.388344721739518484e+01 1.317493121446793936e+01 1.251159597058605577e+01
2.776849178218644187e+00 2.256095293226944687e+00 1.862317998757796467e+00 1.720383768358962229e+00 1.595939268879982498e+00 1.562335964901570229e+00 1.529187830596911990e+00
1.094997693019006668e+01 1.320580791517150487e+01 1.543029002486141366e+01 1.683313534219963259e+01 1.815476640631660032e+01 1.802279714954199008e+01 1.789427114374084482e+01
4.444280535553972733e+00 3.420472590319644457e+00 2.565984536949935446e+00 2.366994123827200980e+00 2.189024885570133527e+00 2.032419658293886489e+00 1.885975613411380758e+00
1.633650448571452585e-01 3.045196681558135499e-01 3.580031763550562962e-01 3.451664771089772432e-01 3.346625631301957116e-01 2.830327682696743841e-01 2.335856086842271750e-01
9.492637514680544175e-01 8.961102558201238244e-01 8.489101656135936702e-01 7.909073973847406958e-01 7.403187899282952511e-01 7.158836946065889606e-01 6.921065712812116688e-01
0.000000000000000000e+00 0.000000000000000000e+00 0.000000000000000000e+00 0.000000000000000000e+00 0.000000000000000000e+00 0.000000000000000000e+00 0.000000000000000000e+00
9.236583672291205360e-01 7.771499051965130578e-01 6.305649717878573091e-01 5.833015671821534243e-01 5.363441426029874615e-01 5.060003994004833583e-01 4.773251649687246245e-01
2.351831752600214376e+00 2.037124738360934106e+00 1.725727203652015040e+00 1.439773282939901700e+00 1.216324551056283898e+00 1.156074015461498128e+00 1.100327369542835720e+00
2.211962674319416511e+00 1.146572887263600737e+00 5.902320003686160055e-01 5.667822858696823785e-01 5.452381462642291732e-01 5.328114918596795757e-01 5.207961183989263665e-01
1.068229695789288058e+00 7.245183582621149698e-01 3.964852425496758204e-01 3.576031600632575969e-01 3.196409681822620641e-01 3.142501071033184656e-01 3.086847233562249881e-01
1.384190286649046087e+00 9.400614792926239582e-01 4.744103488166661609e-01 4.376732480905884959e-01 4.009199614366175668e-01 3.589644357093375593e-01 3.224153721164113584e-01
4.845000766873258868e+00 4.120646030963714068e+00 3.529752741372925495e+00 3.188231862423409613e+00 2.888956440314465635e+00 2.775728482536564012e+00 2.669206044038559877e+00
1.258126863097391412e+00 8.461466302188450639e-01 4.660882073308709184e-01 4.089474555424331137e-01 3.518140028322890855e-01 3.034267941575075622e-01 2.636433144057339084e-01
2.906155943550055909e+00 2.612350231338345541e+00 2.315412531416746411e+00 2.324893311042278921e+00 2.334875837630022044e+00 2.247087171509277059e+00 2.162860893851697774e+00
1.171062687719850004e+00 8.543259959307087925e-01 6.093311884372293319e-01 5.860514275701123044e-01 5.610581950157071951e-01 5.097884079204789698e-01 4.577837868991519454e-01
1.809022964443566295e+01 1.752618696995008918e+01 1.698983337739930732e+01 1.581547122700175656e+01 1.481479795940811606e+01 1.416515781839928501e+01 1.356039365222576620e+01
3.343372282170470111e+00 3.101867415523054117e+00 2.879532972865653129e+00 2.798033449156910990e+00 2.719750406503597784e+00 2.643197697535880408e+00 2.567554962348934655e+00
8.080835474872347657e-01 7.698577003345034031e-01 7.384768321659938017e-01 7.296362505385215469e-01 7.229891633576716048e-01 7.184605299789335042e-01 7.141120588485141418e-01
3.669779556309806789e+00 2.937968573170817166e+00 2.287485580176770394e+00 2.158624198585723963e+00 2.034253836052237308e+00 1.979148442580384470e+00 1.926983654244240451e+00
3.320871749381072657e+00 3.038764071328994731e+00 2.768667256480741745e+00 2.543747032988318946e+00 2.339425074129497073e+00 2.230500610127275518e+00 2.129232362418007618e+00
1.271175183144273024e+00 8.476765054890599282e-01 5.418863943719451903e-01 5.115663752730353897e-01 4.780014072841701211e-01 4.726981251226932690e-01 4.672525469390698682e-01
5.337610900298404459e+00 4.882020459615141306e+00 4.420197121124128437e+00 4.167393503271390465e+00 3.939568664030709044e+00 3.906592066631140003e+00 3.873816036702947052e+00
1.444227805445734925e+00 9.028151065368159589e-01 4.346131839185048973e-01 3.957983795930867243e-01 3.600134919017201618e-01 3.416321410271678793e-01 3.232936861383808314e-01
1.218380637446600190e+00 8.685078641896295526e-01 5.345981700956231597e-01 4.789338881038819329e-01 4.255443340540467911e-01 4.171391385938528762e-01 4.084096079353796149e-01
1.774896307685699171e+01 1.523791650206169557e+01 1.325372685650096471e+01 1.460888992824565058e+01 1.591171718060619611e+01 1.587546315303739952e+01 1.583922285163794186e+01
1.004103953491053192e+00 7.635082422122280166e-01 5.875550993719217407e-01 5.414006747369304318e-01 5.024961515257692080e-01 4.646559064743023826e-01 4.308456935995744197e-01
5.808156466104099636e+00 5.526051059365371998e+00 5.276521074967361002e+00 4.996449972277695828e+00 4.748001603109828217e+00 4.644989650724014929e+00 4.546351545113360260e+00
1.715581885071997825e-01 1.542718965925461427e-01 1.367915398422824280e-01 1.349048525531111598e-01 1.329097154551940330e-01 1.291563334675165098e-01 1.250774872591733922e-01
9.467598153489886759e-02 9.345939820857572522e-02 9.221587704981704103e-02 8.121548495095727571e-02 7.227045492845057817e-02 6.876651140594920719e-02 6.555569770885372183e-02
5.769327673997768358e+00 5.060107636140550369e+00 4.462677392900471496e+00 4.422665460613698585e+00 4.382997005489730924e+00 4.246437616707199325e+00 4.113402518695519205e+00
5.892593641747897237e+00 5.079487757880287724e+00 4.284938364699106828e+00 4.045461651640148482e+00 3.828734073308389885e+00 3.649111651026016645e+00 3.470586627210647812e+00
1.543920114139534228e+00 1.326350939090012337e+00 1.129811048449640865e+00 1.094028816823998218e+00 1.060329953644828516e+00 1.032395571141498269e+00 1.005102037916541180e+00
1.252888825301228470e+00 8.327601001581268481e-01 3.989066306776067883e-01 3.834576175614504145e-01 3.663685244163531474e-01 2.976374033912369543e-01 2.483947082204600310e-01
5.808013551037938704e+00 6.011170817691925627e+00 6.219537177844027376e+00 6.184629724020016539e+00 6.152258610527105986e+00 6.050121766506417309e+00 5.950088314281870794e+00
1.950411562903238805e+00 1.848630271738807451e+00 1.718728530491313133e+00 1.647506966410326790e+00 1.579180651982728723e+00 1.477845465771833400e+00 1.386513662323650697e+00
5.822292158174096954e+00 5.330736337158188398e+00 4.874134784040746737e+00 4.614227237673483195e+00 4.369742735286557433e+00 4.245814017425832532e+00 4.125945377433441585e+00
1.298099259602960576e+00 9.070329256535309970e-01 5.456170280820846763e-01 5.019276741238396511e-01 4.604763635996464433e-01 4.652308258584983980e-01 4.702188544003726989e-01
4.132898979198913025e+00 2.810177457478221008e+00 2.025456508593442617e+00 1.985538456777046434e+00 1.942066147337842219e+00 1.931041688614135499e+00 1.919643540974549145e+00
8.926509644074156480e-01 8.759799776434726848e-01 8.598990747411812130e-01 8.447536303083693632e-01 8.301332037121407215e-01 6.269286319384113071e-01 4.286313104494995918e-01
1.670248108824197431e+01 1.508021509777151792e+01 1.382440694123421210e+01 1.202858741547440324e+01 1.071495650563538504e+01 9.938661534052600999e+00 9.233906828389944366e+00
3.376537780157232937e+00 2.591878274792974945e+00 2.111227828581410115e+00 2.120603728561330836e+00 2.130435732670379778e+00 2.178889621235275076e+00 2.231560860155774595e+00
9.646734971436659034e-01 7.700601624442228177e-01 5.981659117838327155e-01 5.585717796283342640e-01 5.191279727759144924e-01 4.925623455550375285e-01 4.671583974729331401e-01
6.376343580743078832e+00 6.206550368056491074e+00 6.042632905198210835e+00 5.681319523342429179e+00 5.371120360402688476e+00 5.165317317689358312e+00 4.971338488362873953e+00
4.257877777546346110e+00 4.193027685236205393e+00 4.103596169533455296e+00 3.775408504110833174e+00 3.503990347604540201e+00 3.291342127208488400e+00 3.095200184059550885e+00
4.106050514243623439e+00 3.562679987329190556e+00 3.114040710696878378e+00 2.920713537277734861e+00 2.737110004578643174e+00 2.644530954222029884e+00 2.555087805222064024e+00
2.355237473175076701e+00 1.728921029832840794e+00 1.220181696949027561e+00 1.161100709818255527e+00 1.117180200159262116e+00 1.044568193279862278e+00 9.756747264556902000e-01
