3.836844150484537419e+00 3.768428955535557900e+00 3.696805425063185879e+00 3.672990102316250560e+00 3.649091160151149094e+00 3.476924002173804595e+00 3.318735221048016104e+00
1.861396624539337452e+01 1.630521822204548243e+01 1.447024039117076022e+01 1.384364969680356161e+01 1.327872591668776359e+01 1.237536578461762815e+01 1.152928541505035653e+01
2.741041611397414979e+00 2.573466689571293653e+00 2.402404940209258211e+00 2.102104104104630000e+00 1.864635644245747459e+00 1.815695337366007411e+00 1.767242296108525901e+00
1.103162767970249369e+01 1.326449537392050182e+01 1.546182825712366515e+01 1.661735003261352972e+01 1.770929184999474160e+01 1.755676146625796363e+01 1.740781768139798658e+01
4.463697551012603348e+00 3.620064283988488452e+00 2.890053279859397417e+00 2.543271858791040341e+00 2.248238606314625354e+00 2.114563219326018650e+00 1.991800097850544793e+00
1.288716279036977719e-01 7.845502089782546706e-02 5.366401325793397625e-02 8.970987482112562084e-02 1.175669919768364269e-01 1.107934257156990981e-01 1.041795550368248974e-01
9.398079074642230468e-01 8.839313101520877014e-01 8.339021390422070024e-01 7.640147639649282896e-01 7.019356838639808638e-01 6.811807013295763102e-01 6.613624683071577248e-01
0.000000000000000000e+00 0.000000000000000000e+00 0.000000000000000000e+00 0.000000000000000000e+00 0.000000000000000000e+00 0.000000000000000000e+00 0.000000000000000000e+00
5.039988835313923055e+00 4.498473517298109847e+00 4.022724071968623250e+00 3.618684567796392137e+00 3.294871857198784948e+00 3.254258704659065415e+00 3.214560479523666636e+00
2.340697857804299620e+00 1.703672736933362852e+00 1.212867814831078750e+00 1.136475822108456324e+00 1.066697286390224875e+00 1.047518384071434605e+00 1.028337205799534360e+00
2.279176814572234644e+00 1.357188511344419979e+00 9.027049458736320364e-01 8.595078203632201541e-01 8.192921053136169585e-01 7.717667252293810565e-01 7.284260038162575501e-01
1.654761854584503755e+00 1.060873010460136712e+00 6.446209468789050323e-01 5.872015096293781156e-01 5.340988535844578555e-01 5.123145257330907754e-01 4.910327873895807271e-01
2.174836774338200662e+00 1.479770792667631563e+00 9.435231183949716049e-01 9.055243658853445732e-01 8.671564299107877849e-01 8.327120078854060026e-01 7.996892880472287191e-01
4.789410344658881158e+00 4.193314804894792580e+00 3.679517402470615650e+00 3.397359881234000234e+00 3.143938099032929312e+00 2.989470849104409300e+00 2.846830948449205589e+00
1.229155670277905177e+00 8.373081780714191069e-01 4.572763392745585742e-01 3.899587409954138328e-01 3.269750571765610569e-01 2.967249400843380291e-01 2.670908313755633312e-01
2.892862066763124407e+00 2.579821693464623422e+00 2.255441298711707176e+00 2.313607838051490617e+00 2.376679231835507000e+00 2.353056873047754571e+00 2.329342097823707380e+00
1.110067294800344939e+00 7.007684102810601834e-01 4.441164582764870472e-01 4.142072361073656506e-01 3.845237307579509323e-01 3.732925494220158957e-01 3.621851041528149628e-01
1.822549390234363997e+01 1.824966016136479396e+01 1.827426442950988417e+01 1.708500586895842588e+01 1.604581327714502237e+01 1.509690145354933577e+01 1.421597882156820170e+01
3.186329118057467991e+00 2.987560847378067486e+00 2.800255031197135480e+00 2.606012755666901271e+00 2.426931707984345099e+00 2.360738087405243490e+00 2.295662624807198071e+00
8.526570220376336051e-01 8.535701893164194809e-01 8.545311335718926982e-01 8.677967584867526396e-01 8.818999832858449572e-01 8.828014437271494153e-01 8.837393874204430011e-01
3.660998831644225238e+00 2.802283604926180338e+00 2.096269869955239784e+00 1.937695005381443902e+00 1.796582354424044015e+00 1.704184013015923149e+00 1.616782509942967794e+00
3.274523975143247334e+00 3.044785964178548632e+00 2.817793673446000291e+00 2.679466593654340478e+00 2.545909447880515764e+00 2.459886272016714504e+00 2.378388574802789979e+00
8.408262374249172666e+00 7.791408417083371951e+00 7.235909575464456900e+00 7.704622214565599592e+00 8.237706191408593170e+00 8.059046465894363465e+00 7.887429417555484434e+00
5.243006457997904768e+00 4.830466320589459350e+00 4.394098682236544207e+00 3.819223614981064774e+00 3.348733184247667083e+00 3.192458482913569817e+00 3.046333014844436526e+00
1.631299326964184448e+00 9.951918858875888896e-01 5.258258789004565115e-01 4.788566722254102292e-01 4.372957963738813847e-01 4.176644584235387203e-01 3.987258777029278334e-01
1.212461663606221318e+00 8.053634131194855605e-01 4.645550521762688567e-01 3.738464205949518782e-01 3.019836683692087020e-01 2.909146201288191902e-01 2.800627822095034247e-01
1.812107380794179790e+01 1.677937907882400737e+01 1.557113018162615070e+01 1.540635965503377491e+01 1.523790610366723897e+01 1.423882417949218926e+01 1.331615341879801306e+01
1.198386074991903749e+00 1.102082157841273169e+00 1.017439199177766707e+00 8.220541066453623813e-01 6.862210928513610142e-01 6.475974456855934092e-01 6.111796397667980107e-01
5.718290269196436348e+00 5.533319330468585484e+00 5.362890755544494681e+00 5.304283509492953463e+00 5.247967685317654229e+00 5.160303811069328006e+00 5.075638429203928936e+00
1.106749881198076935e+01 1.063501974441236264e+01 1.020532150003002236e+01 1.040513367680655676e+01 1.061101799606015916e+01 1.080148592562960275e+01 1.100081930944386066e+01
8.402867976052044163e-01 8.160595323935498913e-01 7.934141393055023084e-01 7.244984701599838095e-01 6.660876500199194306e-01 6.507772254902014497e-01 6.361152021419029801e-01
5.725383535762948561e+00 5.366046062772562131e+00 5.021585076265522751e+00 4.838623903217587063e+00 4.664854313579136047e+00 4.464736806870855723e+00 4.278060216407573613e+00
5.919900495666111873e+00 5.379247685804894097e+00 4.836063575207268705e+00 4.638695946309829843e+00 4.456182273266053429e+00 4.354763050853230233e+00 4.254142864048000128e+00
1.529617668334999347e+00 1.333360732237445223e+00 1.138497903769695396e+00 1.135384377867991512e+00 1.132063217977072656e+00 1.132284496942566054e+00 1.132512882126314402e+00
2.970204601447090642e+00 2.212895038404110615e+00 1.627420202927365667e+00 1.545957950537474535e+00 1.468900073211056423e+00 1.376854826221213912e+00 1.289304266949285349e+00
5.796786180912479658e+00 5.941103695265770313e+00 6.086448098720236288e+00 6.058664092395820155e+00 6.032958387647668452e+00 5.999315016997459615e+00 5.966033769525804331e+00
1.935743796637612535e+00 1.835999553585897504e+00 1.705982984782569378e+00 1.625787935614088298e+00 1.549452259322668279e+00 1.440791144262455248e+00 1.344924578719056685e+00
5.864322378463699081e+00 5.252392959770631364e+00 4.683909813506285325e+00 4.615796620883407364e+00 4.548696386710903816e+00 4.462727101930752838e+00 4.379623304135574990e+00
1.464941633568292989e+00 1.105016981340322779e+00 7.686376089317792371e-01 6.046451771110692430e-01 4.721745813888019727e-01 4.172338402593174234e-01 3.650359942333541996e-01
4.147631621602117846e+00 2.655973744592390773e+00 1.798092475515772781e+00 1.798959106622046278e+00 1.799899684615622331e+00 1.713574579364468109e+00 1.632845661850363506e+00
2.678822043543978015e+00 2.163340832279099679e+00 1.729838221729018244e+00 1.577614688739975790e+00 1.446290634219894677e+00 1.382921887071039357e+00 1.323000887776473178e+00
1.697923072912703191e+01 1.647738725434830798e+01 1.599346217672257353e+01 1.627700398352574496e+01 1.653925566099373867e+01 1.494461988532591157e+01 1.354308044145069445e+01
3.420051565293693141e+00 3.109691789452366351e+00 2.847435164425036191e+00 2.802073827003377815e+00 2.758674720877217545e+00 2.679031032044718152e+00 2.603070333778221279e+00
2.005257796443474572e+00 1.770409964418944604e+00 1.559616099186229121e+00 1.446781491607478376e+00 1.342573707142359574e+00 1.285410472393599957e+00 1.230733032505444635e+00
6.434738562992234456e+00 6.427183628007006710e+00 6.419493747138711903e+00 6.082858665709260038e+00 5.784764600296548487e+00 5.500524780423938331e+00 5.233413034698518373e+00
4.056150386311506040e+00 3.964224381788560070e+00 3.839218332300894598e+00 3.252113899450902235e+00 2.799915056036867078e+00 2.646618618965732583e+00 2.503109192489850532e+00
4.100847265956356402e+00 3.633359293523202638e+00 3.227928142970317715e+00 2.962408014199966022e+00 2.729367060717319493e+00 2.602714510924069913e+00 2.484408863270485490e+00
2.404569694618661213e+00 1.977297962392160047e+00 1.552783345318284880e+00 1.571865234628643915e+00 1.589281250903901377e+00 1.476660366838661753e+00 1.373212029759584452e+00
