3.981403217580752329e+00 3.921624598369595205e+00 3.861008452866306673e+00 3.932572656952121104e+00 4.006135609957329535e+00 3.909134661755720774e+00 3.816877102836762958e+00
1.857087509096631450e+01 1.616341729122401105e+01 1.440090900064608448e+01 1.297328687751960707e+01 1.167012495061613286e+01 1.067607713842718553e+01 9.734742216860707842e+00
2.832409110106327343e+00 2.530876567786855436e+00 2.264683641347684073e+00 2.029305419201691496e+00 1.836451635901796386e+00 1.836902097292959724e+00 1.837368029055260976e+00
1.099442272642230201e+01 1.428452149483221234e+01 1.738049138158162421e+01 1.752244473389561819e+01 1.765446504105974768e+01 1.792318565637416228e+01 1.819390559975145294e+01
4.627390497457626317e+00 4.027213760003614418e+00 3.508053714462461059e+00 3.173735668024740608e+00 2.884172181200985285e+00 2.678581932993856718e+00 2.479876732498781156e+00
1.407566145422000092e-01 1.097034370316914142e-01 8.880214386994175757e-02 8.285058685972779280e-02 7.792929120891983752e-02 7.611946857173874925e-02 7.433130092048530202e-02
9.774159479795409000e-01 9.143824905529136515e-01 8.610012333582974797e-01 8.124259010834824490e-01 7.689779023895840782e-01 7.484713571600222215e-01 7.285567540076698378e-01
0.000000000000000000e+00 0.000000000000000000e+00 0.000000000000000000e+00 0.000000000000000000e+00 0.000000000000000000e+00 0.000000000000000000e+00 0.000000000000000000e+00
9.365190501551128310e-01 8.166448797300456253e-01 6.979456474088500118e-01 6.284229775263048268e-01 5.620800520658288946e-01 5.352993856171152087e-01 5.099349426861824464e-01
2.411995055387930353e+00 2.306374295841612021e+00 2.186189152227400623e+00 1.709706877547387815e+00 1.372928571121582619e+00 1.234399387076398069e+00 1.114881771344223615e+00
2.297048507320319732e+00 1.711445587317367956e+00 1.332083328545736522e+00 1.325530112939765859e+00 1.319463446323915656e+00 1.037636345104264946e+00 8.509587202763322367e-01
5.526761730666141403e+00 4.272754705176034840e+00 3.407572969810983565e+00 3.305007885419428693e+00 3.208509979320988137e+00 3.162108533952484368e+00 3.116962938539308947e+00
2.182643452278699492e+00 1.630717908784621306e+00 1.154535665356722918e+00 1.131692297158287008e+00 1.106869189895318017e+00 1.108585275577410822e+00 1.110332299334790607e+00
4.440135909226304634e+00 4.027724847235667482e+00 3.657233730005129413e+00 3.582207267348501922e+00 3.512367138235623187e+00 3.453185675542752353e+00 3.395860759956570885e+00
1.381729426552211093e+00 1.009675696689465330e+00 7.529832818077510925e-01 7.004025864416201230e-01 6.509322717226144750e-01 6.327153076156634137e-01 6.149913836150759927e-01
2.714410775615891058e+00 2.083633932961430624e+00 1.644139025693318823e+00 1.590602458772590211e+00 1.538000098105032132e+00 1.538996663331541059e+00 1.540000233192182266e+00
1.133586955708511645e+00 7.301850071313854551e-01 4.824776093141132649e-01 4.384726190573068338e-01 3.961516379867502935e-01 3.930340358339295403e-01 3.899372881399940649e-01
1.817973876303254244e+01 1.836128670556828268e+01 1.854568663012364382e+01 1.799091304583177831e+01 1.748466011423381872e+01 1.752731726196546092e+01 1.756960051629556219e+01
3.388491583791658268e+00 3.287338263803702976e+00 3.188248448051195894e+00 3.190324742667393298e+00 3.192409785126084643e+00 3.127303272029927417e+00 3.065143620214447306e+00
8.783448439884030678e-01 8.678405883165656309e-01 8.574101757578952432e-01 8.696782609745570269e-01 8.821455716339262620e-01 8.805562589089883652e-01 8.789735887763869826e-01
1.976853618067810014e+00 1.509226108511642517e+00 1.043346364189232434e+00 1.021330127196832471e+00 9.980797184159826418e-01 1.000283823738618905e+00 1.002518899729916813e+00
3.807675575554136049e+00 3.785900232912186691e+00 3.762761017981094191e+00 3.705832984918373540e+00 3.653279261232023956e+00 3.585310159195266966e+00 3.519697835520453566e+00
1.175613487481493991e+01 1.196831529527245053e+01 1.219022553126612962e+01 1.328342365597474206e+01 1.453652813660598220e+01 1.427928964911797749e+01 1.403296656679622068e+01
3.972374616623418841e+00 3.049100076993572550e+00 2.412101836809772415e+00 2.328280898302751201e+00 2.249418338971599152e+00 2.213586074076177912e+00 2.178723605442721922e+00
1.522424577349231756e+00 1.037273563650750408e+00 6.032224957137994892e-01 6.099109355603395954e-01 6.158335747493851597e-01 5.875428091418444243e-01 5.587386644654098733e-01
1.223971733025659647e+00 7.639973425263236750e-01 4.329163442116277238e-01 3.901884675549119330e-01 3.534815352503752894e-01 3.460397238718246893e-01 3.386476491311046222e-01
1.737707338951128122e+01 1.655376820447578368e+01 1.577545382704269983e+01 1.672069195074939785e+01 1.749892855968614569e+01 1.401023086720801203e+01 1.170064152423660353e+01
1.402545374391994448e+00 1.285207991947662665e+00 1.186977255054090241e+00 9.844287710134401737e-01 8.395391749658138725e-01 8.228520800493640541e-01 8.063037048730281597e-01
5.811257379014461932e+00 5.506890975909215946e+00 5.239826075330292099e+00 5.099718580276657143e+00 4.968731318761155258e+00 4.856591933276591888e+00 4.749446836334644040e+00
1.144202524900277140e+01 1.141972318448609158e+01 1.139756842458070274e+01 1.145493261413747099e+01 1.151199214345419719e+01 1.137752470882857558e+01 1.124259126776601647e+01
9.722162300991484818e-01 8.904845160919159230e-01 8.160292516623606218e-01 8.096691440050657329e-01 8.034457945492693431e-01 7.631524400992659718e-01 7.265089165730079790e-01
5.800644931320716680e+00 5.555058785338075289e+00 5.315430399603255474e+00 5.301975658146083958e+00 5.288046167891071292e+00 5.151051947378934237e+00 5.017124740162854479e+00
5.841331234867232602e+00 5.540307716483553691e+00 5.243122790356673057e+00 5.030576951857573142e+00 4.834255632778468481e+00 4.679239091450129173e+00 4.529672841535317573e+00
1.542599494440126673e+00 1.385479392155695155e+00 1.246568020046033176e+00 1.191298887747906932e+00 1.143669670484298573e+00 1.138538586939501052e+00 1.133518944708622911e+00
3.154548714127267228e+00 2.678786908762462726e+00 2.243720299023304943e+00 1.998224247673842102e+00 1.791032358498411137e+00 1.739237646376859736e+00 1.690268406167324766e+00
5.768173569721931848e+00 5.830882587679354856e+00 5.893069621975993932e+00 5.899549259236547272e+00 5.905493188074242283e+00 5.969553105130278148e+00 6.034340324069783712e+00
2.039346768241580676e+00 1.903849794360758851e+00 1.723392996150916012e+00 1.707537667323413499e+00 1.691579205187953461e+00 1.663474394802389789e+00 1.636546499487170570e+00
5.926055958907830323e+00 5.875759138312513841e+00 5.822430031618322843e+00 5.348621693428629698e+00 4.918825604900867177e+00 4.620026926934288625e+00 4.344643370193450593e+00
1.505725155252017000e+00 1.155048475344944814e+00 8.574436969675902631e-01 7.073370317033892407e-01 5.778920419018782617e-01 5.116116600379351231e-01 4.470254088008068782e-01
4.151344968712275652e+00 2.901435145468767463e+00 2.151354394618918420e+00 2.187046118591841726e+00 2.228176596295110112e+00 2.241956400762488588e+00 2.256103752664699424e+00
6.319916040297474780e+00 5.801294143923964697e+00 5.343454737108527475e+00 4.802347350589372788e+00 4.358998744629505318e+00 4.402034356113134095e+00 4.446547956376363686e+00
8.520176767158330833e+00 7.194884413309078575e+00 6.220767489720870458e+00 6.546374140656458174e+00 6.772836715483038894e+00 6.236755826904934352e+00 5.742062757741328127e+00
3.734280677876233412e+00 3.796068853715460989e+00 3.861470731218068497e+00 3.830606588630978582e+00 3.800451691827545719e+00 3.836548826037128990e+00 3.873833325482582524e+00
1.979463086776236613e+00 1.870343589119463523e+00 1.762773987981947510e+00 1.707496922414294849e+00 1.653635233135704485e+00 1.608044123269416481e+00 1.564724626523166462e+00
6.397573739218989530e+00 6.437598330771487909e+00 6.478297653063274986e+00 6.329097841506285071e+00 6.192822078142773634e+00 6.206762749516176569e+00 6.220573055574324606e+00
4.976251513808925608e+00 6.629230605376253749e+00 1.485254015122666260e+01 1.514564704893353664e+01 1.544779157068590436e+01 1.541386955332282405e+01 1.538009623564636996e+01
4.106012323932795915e+00 3.467023596192771784e+00 2.975793387085959640e+00 2.851278314510545808e+00 2.736122189920680015e+00 2.688813565990348042e+00 2.642661641118190907e+00
2.438896794540574842e+00 1.975028500888806215e+00 1.587028444143708361e+00 1.607426373190044222e+00 1.623852293263829960e+00 1.528857598621931047e+00 1.436182767152086592e+00
