3.951560767044703049e+00 3.881670164054475070e+00 3.809927962280950098e+00 3.822910741647183919e+00 3.835891859499852341e+00 3.793480665991819656e+00 3.751515839864153712e+00
1.890556353534058687e+01 1.738309300268007718e+01 1.619432400803989580e+01 1.508925898551233047e+01 1.408545678644803090e+01 1.331491452704340261e+01 1.260417344336902090e+01
2.819393424091781508e+00 2.588615146587677884e+00 2.370014606192884621e+00 2.133196396391871641e+00 1.934087300727148628e+00 1.825533698484182565e+00 1.723055328063288982e+00
1.111832040573566971e+01 1.446130995650244877e+01 1.762990040826684179e+01 1.763533843116190880e+01 1.764035576037783670e+01 1.777594093665079811e+01 1.790978860271781770e+01
1.536220952922396776e+01 8.726128958952100945e+00 5.360890535924244915e+00 5.036415107642648437e+00 4.739468809754469270e+00 4.509789005172466503e+00 4.277902144410338892e+00
9.773465264341905934e-02 1.049710625536030978e-01 1.086933203171468604e-01 1.136238734857141358e-01 1.178164809126445167e-01 1.369731386091667391e-01 1.549997179749270648e-01
9.685451646332424724e-01 8.196966635948867985e-01 7.093122235463584779e-01 6.597172087398367468e-01 6.172658595602786846e-01 5.884449178926564050e-01 5.611656933076714093e-01
0.000000000000000000e+00 0.000000000000000000e+00 0.000000000000000000e+00 0.000000000000000000e+00 0.000000000000000000e+00 0.000000000000000000e+00 0.000000000000000000e+00
5.096827046229104319e+00 4.601872434098543962e+00 4.163124181323103024e+00 3.970775507664827231e+00 3.802197295104013275e+00 3.746493493152988741e+00 3.691963599985077060e+00
2.397719824585259563e+00 1.957700311975042684e+00 1.548888840626782448e+00 1.229204591076238362e+00 9.896882103079996940e-01 9.792345850685770792e-01 9.692151023937208842e-01
2.277020819103647398e+00 1.686362617652759521e+00 1.268978233394957966e+00 1.172091367216193003e+00 1.088023847374868458e+00 8.804662080360146081e-01 7.123023807382562467e-01
1.064985384500281906e+00 6.496092008804638107e-01 3.180872223994412606e-01 2.908107376327094262e-01 2.642756713499120336e-01 2.612451986313478192e-01 2.581460141874603043e-01
2.179994241150831069e+00 1.592956119337177068e+00 1.086804517170415485e+00 1.046572129413983365e+00 1.005904410956071304e+00 9.508254762941180660e-01 9.001805458047970054e-01
4.860524087022141337e+00 4.027674291248195537e+00 3.372375989959066178e+00 3.136169583935974448e+00 2.920804077903843776e+00 2.904090854717584769e+00 2.887304009457209553e+00
1.248747698289103925e+00 9.354474107944642514e-01 5.655330315513817929e-01 4.799863497448498828e-01 3.996645427658392924e-01 3.848617244643626201e-01 3.693116203737675241e-01
2.921385766370955928e+00 2.623543597567059127e+00 2.321149187906315081e+00 2.288431953787177786e+00 2.256455477791739828e+00 2.063620204665613134e+00 1.896555963533120392e+00
9.061777092662945954e-01 8.898126732358607738e-01 8.740068593659170437e-01 8.582448597184189065e-01 8.430418564828308092e-01 6.487389109224322992e-01 4.590647559610524508e-01
1.804448738049450185e+01 1.672554760949070740e+01 1.557892585143349784e+01 1.455330437985320735e+01 1.367277015675890262e+01 1.235580221531052381e+01 1.120889787201667431e+01
3.307431690850239470e+00 2.794089494492280057e+00 2.388150194940343418e+00 2.224602187535813069e+00 2.080685056428429380e+00 2.058652439400356915e+00 2.037171987713487731e+00
8.503548731209249478e-01 8.230786653043244971e-01 7.970556589544870452e-01 8.268738089143644610e-01 8.602054926424337333e-01 8.706562751398295719e-01 8.817966290098053772e-01
3.646389697285613352e+00 2.788186245967460231e+00 2.071537727463339973e+00 2.030143732953597624e+00 1.990077225318538812e+00 1.879257351188880376e+00 1.775867377149812132e+00
3.349821301062029910e+00 3.146417450524022996e+00 2.939999457089268464e+00 2.739896725047267889e+00 2.558569413562655104e+00 2.469782095306855219e+00 2.385251793885086791e+00
8.633257295523900865e+00 7.939461680772528673e+00 7.328623705490699969e+00 7.896964233617041806e+00 8.543010213184084378e+00 8.796928375295474112e+00 9.067554727620830590e+00
5.377393902385434465e+00 4.922230950424517637e+00 4.450954775186001910e+00 4.138802731012916958e+00 3.863694693108516987e+00 3.806057192307612524e+00 3.748429794322559516e+00
2.195527354167331247e+00 1.115248308465603078e+00 5.674254612757921867e-01 5.340997967081068110e-01 5.036015467467900297e-01 4.849919435585877125e-01 4.662035155938626385e-01
1.226568693726481030e+00 1.043418503982538770e+00 7.893435860696279560e-01 7.144151462972724298e-01 6.446581793365806501e-01 5.870962438977564979e-01 5.351806177506025497e-01
5.059041574106386463e+01 4.747207687781472885e+01 4.457569298379702616e+01 4.008748340871735394e+01 3.640577407167122459e+01 2.622512837352833515e+01 1.933501316999305075e+01
1.119224743935884003e+00 9.360872704732174920e-01 7.911635831761917315e-01 7.352457640466720790e-01 7.007880041856386910e-01 6.830476848919363464e-01 6.656518072695694066e-01
5.771571560056623085e+00 5.578817516424119383e+00 5.404322807676764207e+00 5.134917078546334501e+00 4.892774607736384951e+00 4.826265334757638747e+00 4.761524040570460414e+00
1.132807046432680131e+01 1.045985830823968854e+01 9.616472313560540996e+00 9.680828184354853150e+00 9.742758441123589463e+00 9.591791899771360264e+00 9.437190970223426234e+00
1.214457374744772888e+00 1.097028160058090007e+00 1.000306209058192897e+00 9.449362259086521165e-01 9.118980060629141571e-01 8.782702481016629870e-01 8.481929941890720137e-01
5.741630375097961370e+00 4.752762655490716526e+00 3.990126524350694037e+00 3.846362659155626140e+00 3.711168463144473684e+00 3.661809561867164220e+00 3.612934994718338011e+00
1.454954659763386360e+01 1.266599559232217054e+01 1.101491817600341072e+01 9.710569924491155192e+00 8.735122504137809329e+00 8.128734108387176249e+00 7.574942085551613857e+00
1.535235402308749331e+00 1.293660487580028828e+00 1.090024443004560917e+00 1.028802974087561939e+00 9.789354328037803699e-01 9.241508700017129208e-01 8.740644519329520135e-01
3.134397819327139789e+00 2.568477469675796598e+00 2.076260888132606564e+00 1.997528431689084893e+00 1.919380449527587018e+00 1.759264333819043458e+00 1.615001262064007959e+00
7.982932217159411259e+00 8.141992761640539200e+00 8.301331042819318995e+00 8.468120861446413628e+00 8.622047526876732704e+00 8.091759954355966400e+00 7.600805784176274393e+00
1.949341584540004169e+00 1.845838679255074721e+00 1.712396901009853423e+00 1.637459391387372509e+00 1.567475016590721859e+00 1.420503660863628337e+00 1.296477882426415151e+00
5.877390678499633481e+00 5.284425812078795914e+00 4.734998823302519533e+00 4.384432186113375707e+00 4.063990203695538206e+00 4.019791225784802080e+00 3.976724889296146426e+00
1.475387874876915362e+00 1.226410025413362748e+00 9.558469126837717544e-01 8.068862684172837252e-01 6.738762743130766175e-01 5.790898406162749978e-01 4.921375369126353427e-01
4.092553572447848786e+00 2.917967428209701453e+00 2.157255077015114431e+00 2.115907546571890396e+00 2.073399334133409599e+00 2.046831292331729113e+00 2.020456955580668623e+00
9.061777092662953725e-01 8.898126732358612179e-01 8.740068593659173768e-01 8.582448597184194616e-01 8.430418564828312533e-01 6.487389109224326322e-01 4.590647559610527839e-01
1.701949080010151860e+01 1.709113543702023108e+01 1.715811028432516494e+01 1.682683865422442437e+01 1.652762281129616895e+01 1.617351874977102710e+01 1.582420450100825882e+01
3.388897055546906234e+00 2.726730376263968303e+00 2.284498495598471735e+00 2.303623066700396294e+00 2.323186443448600258e+00 2.168065910622213543e+00 2.041010126482698972e+00
2.089423668371531928e+00 1.759096997589108646e+00 1.488864632658547071e+00 1.374367699732623516e+00 1.273426748479876025e+00 1.245168852920027547e+00 1.217848450496002100e+00
6.369423747404399982e+00 5.958158845899427014e+00 5.592708631297531596e+00 5.286622595036384986e+00 5.021145321369924197e+00 4.556635210198045627e+00 4.148800430804682193e+00
4.202110789062352580e+00 3.473989398540616058e+00 2.752085673553491763e+00 2.427915115547427227e+00 2.175339647180593694e+00 2.194421966558768755e+00 2.213367526495235271e+00
4.121905133868346560e+00 3.588436691983307281e+00 3.125641930143820968e+00 3.034983187646578706e+00 2.944568696787254414e+00 2.892052118222549595e+00 2.840202078994072732e+00
2.379031060632934569e+00 1.937162994122345383e+00 1.494163901187652854e+00 1.582385039036221297e+00 1.666761950556789218e+00 1.623240923941986047e+00 1.576130800922632691e+00
