4.099575111568714014e+00 4.063965721623781668e+00 4.027695319914863070e+00 3.997281628668381437e+00 3.968532113211947543e+00 3.894256881878354282e+00 3.823843954797412348e+00
1.909609820039349160e+01 1.873718976506477318e+01 1.842467982526415682e+01 1.676609978668378176e+01 1.532018061339436343e+01 1.435699524548151729e+01 1.347218308762214356e+01
2.861368195633617884e+00 2.833587433499576758e+00 2.803966786438972125e+00 2.494909749530745291e+00 2.247337033743764145e+00 2.161263959937275381e+00 2.079928813517056163e+00
1.165995977825059882e+01 1.394046962879059492e+01 1.612197600350238957e+01 1.779839673145249179e+01 1.939126501774967437e+01 1.948535524262843310e+01 1.957793395232795319e+01
4.599991323978438018e+00 3.845999361715310094e+00 3.204782148992516788e+00 2.870948889477611399e+00 2.593002462493832372e+00 2.377605198210090087e+00 2.179151576326061157e+00
1.253965317881990948e-01 7.265842412902977221e-02 5.113564554496782821e-02 7.511276288085363961e-02 9.342009526254588248e-02 1.090607636971772515e-01 1.232265045192151992e-01
9.884230876568739221e-01 9.101379112701581953e-01 8.447381536428671955e-01 7.904528301911960542e-01 7.427625973106569690e-01 7.197599512884482742e-01 6.979002403003644606e-01
0.000000000000000000e+00 0.000000000000000000e+00 0.000000000000000000e+00 0.000000000000000000e+00 0.000000000000000000e+00 0.000000000000000000e+00 0.000000000000000000e+00
5.214785776656067462e+00 4.780980590426492149e+00 4.393445732937800940e+00 4.148017671712130650e+00 3.942933625888904281e+00 3.789531465178052727e+00 3.648649701361935449e+00
2.429928328701826068e+00 1.924510899507993145e+00 1.493943638997793588e+00 1.207005179858952504e+00 9.890625172853756419e-01 1.009752012759350670e+00 1.030293057663456135e+00
2.295283078869213345e+00 1.587977051017421148e+00 1.165176051375407917e+00 1.023368095511633769e+00 9.199271543736194934e-01 8.672546983860085490e-01 8.169092450772347247e-01
1.704810181507168787e+00 1.219487124224986285e+00 8.366278211875753934e-01 7.774805319362890765e-01 7.224280352829219876e-01 7.235556916855451215e-01 7.246569456459426295e-01
2.206733195057552610e+00 1.563258602007869813e+00 1.042157076105888036e+00 1.007704060485038244e+00 9.740466046929840971e-01 9.564473065157039766e-01 9.394307934837875518e-01
4.897400915301948210e+00 4.085598942857770588e+00 3.461460826513187872e+00 3.204498270494050338e+00 2.981693322201309559e+00 2.880458206552065636e+00 2.786769512989033082e+00
1.289330826531697394e+00 9.783918589007092326e-01 6.378912326148945544e-01 4.783199919101494557e-01 3.691309400034141763e-01 3.671248941390051757e-01 3.651839400112441014e-01
3.008406184497522950e+00 2.735201018093460945e+00 2.451339517085699082e+00 2.494224841449192986e+00 2.539200634248941935e+00 2.517823754037975981e+00 2.497192685895209596e+00
1.152272362701075137e+00 7.043857082279223469e-01 4.513834160996247347e-01 4.199268295898839765e-01 3.896188707110564420e-01 3.795284410179255996e-01 3.697638569751067750e-01
1.822052919289752992e+01 1.820177436560910422e+01 1.818312537972497722e+01 1.793860129752471266e+01 1.770828582288093855e+01 1.610064402230148772e+01 1.477658959700374552e+01
3.473859474568190553e+00 3.132668756081694372e+00 2.837320114098905499e+00 2.863152415958194474e+00 2.889469972520688490e+00 2.875957427758042861e+00 2.862500177102681675e+00
8.738537939168032898e-01 8.661705748441914654e-01 8.583667691683066758e-01 8.743983930233992785e-01 8.913127033541310418e-01 8.728741505768399245e-01 8.547222940182594986e-01
3.732714161051090329e+00 3.038386838087302699e+00 2.458796136931038934e+00 2.371444649729486542e+00 2.295760852827294585e+00 2.215917414919287065e+00 2.141741816350070327e+00
3.353507738865381782e+00 3.105901936480237158e+00 2.866351534662953782e+00 2.666257968856231564e+00 2.491425280417200128e+00 2.425564031607120530e+00 2.362772337817569568e+00
9.021590884895244855e+00 7.862903785513167598e+00 6.944678615449338288e+00 7.432968854243685364e+00 7.963326090285850256e+00 8.108786090476248987e+00 8.256762718761823550e+00
5.490290467198950530e+00 4.968782498841114226e+00 4.471752079726342366e+00 4.062107925149732068e+00 3.709080979138921208e+00 3.599407721713409281e+00 3.498554156343836929e+00
1.632175930650231477e+00 9.967273275670867072e-01 5.479117200839487278e-01 5.419190167721008589e-01 5.368684399033950561e-01 5.145589157929003621e-01 4.937563027779879321e-01
1.217266870439470461e+00 8.028721006367751656e-01 4.827295386301802549e-01 4.407566021819558921e-01 4.048460834350119386e-01 3.755202325267186780e-01 3.497701244064687076e-01
1.893754942522102880e+01 1.848964650213546435e+01 1.805391028516094920e+01 1.871302349173721424e+01 1.924974955136622157e+01 1.590512364273340218e+01 1.351507968812968663e+01
1.403994300059909550e+00 1.224951099395711784e+00 1.086531401789098350e+00 8.760707055194570936e-01 7.341994252461570003e-01 6.982377534604043978e-01 6.637408199756457128e-01
6.033032882194190094e+00 5.704603915667171954e+00 5.416610899109636001e+00 5.322101968348817103e+00 5.232502622967757588e+00 5.185497765314108776e+00 5.139351236841273263e+00
1.084028089931730143e+01 1.059017663105257689e+01 1.034714211987284038e+01 1.044384727117665435e+01 1.054023427030699445e+01 1.044111981140139989e+01 1.034342110500639045e+01
9.229535425192771925e-01 8.583562369958910310e-01 8.002417408921241870e-01 7.437405576565183640e-01 6.945724574322160727e-01 6.495257864365957534e-01 6.098407705335371354e-01
5.989127653825827124e+00 5.634232802316449629e+00 5.294618576183674818e+00 5.332331528194564463e+00 5.371618711674592817e+00 5.310347174308819973e+00 5.250985629592431536e+00
5.816282944360342100e+00 5.475729023240042181e+00 5.136939885966330444e+00 4.866829081098030585e+00 4.627810156958577004e+00 4.463981211541162786e+00 4.311262448252444202e+00
1.585753279750053091e+00 1.480503062418151217e+00 1.366564732148816574e+00 1.319280684012660743e+00 1.272860883229342877e+00 1.266433052555506533e+00 1.260643929336941582e+00
3.225204831819708406e+00 2.817364803678359841e+00 2.434313661942966167e+00 2.110428160690620114e+00 1.850189769943730189e+00 1.768816881588243906e+00 1.692922115927940174e+00
5.991319790447998450e+00 6.021754975528140541e+00 6.051524149656693830e+00 6.103605549224612403e+00 6.152114357684462576e+00 6.150968856635637749e+00 6.149818017213977583e+00
1.992018195808068493e+00 1.875132043581353880e+00 1.729018580850930187e+00 1.661246013881417349e+00 1.597194149690666976e+00 1.491439315246455344e+00 1.398144525583789211e+00
6.028860761640407517e+00 5.672474004561709471e+00 5.319567504374927758e+00 4.859447107472338878e+00 4.445711526716706885e+00 4.459205444119476169e+00 4.472405443176692863e+00
1.501007935883765354e+00 1.187626326573637980e+00 9.077190521996645334e-01 7.606120864591714437e-01 6.359513903684903546e-01 5.567533327401509302e-01 4.864054898466336208e-01
4.126003048253654271e+00 2.797951661252767952e+00 1.994948934741673785e+00 1.973664135359226801e+00 1.952498118172200536e+00 1.929991028733912151e+00 1.908295279116137610e+00
2.827470317660243815e+00 2.348120295135724511e+00 1.944578179680185537e+00 1.773177845328945290e+00 1.630099024606515901e+00 1.555039075250380431e+00 1.486515861776456449e+00
1.738670108612952347e+01 1.817644615911152073e+01 1.897325043252012833e+01 1.814411068016045547e+01 1.742755304658091475e+01 1.704402748736671569e+01 1.666559027635921097e+01
3.409930527131739275e+00 3.307141347462358993e+00 3.207699107751259771e+00 2.960054891157995360e+00 2.748550948195852328e+00 2.662205540992668595e+00 2.581022377079792651e+00
2.167836658097735292e+00 1.964021127528066346e+00 1.782335819638935837e+00 1.698059749190130807e+00 1.620619781064539300e+00 1.573230970771235082e+00 1.528246953525020047e+00
6.427654156247319506e+00 6.408101039395146081e+00 6.388563976317982451e+00 6.334985958184016219e+00 6.284677427538742478e+00 5.803228296237761263e+00 5.393714303161273094e+00
4.371877626602709732e+00 4.208622017137221505e+00 3.992296763039183016e+00 4.052020084219137175e+00 4.111309265681555303e+00 4.077868966454474275e+00 4.044906034924285798e+00
4.171464799236578536e+00 3.689249257169241680e+00 3.286256300092314842e+00 3.167072525305668407e+00 3.056773054445945270e+00 2.973265425943484974e+00 2.893986202193245205e+00
2.440859173694249762e+00 1.957479058651016013e+00 1.523541726071716784e+00 1.564030273577796670e+00 1.598650772612106863e+00 1.575176791897726858e+00 1.552141911646680805e+00
