7.364416193357581797e+00 7.678019159058656840e+00 8.025366357504440273e+00 8.931316747229745445e+00 1.001267999953165244e+01 1.017029367603363710e+01 1.033045576670931531e+01
2.323972169208268568e+01 2.286280107893360380e+01 2.253454519883549168e+01 1.938558005482778412e+01 1.661855886003933591e+01 1.577690000937826653e+01 1.495640805493580494e+01
2.709286887462815319e+00 2.400966939505769115e+00 2.127524093342741285e+00 1.876473243933490131e+00 1.676618843568642436e+00 1.665042229843779031e+00 1.653283008120574271e+00
1.087724236050464199e+01 1.310010957631400252e+01 1.529518289530704500e+01 1.670271684063557771e+01 1.804516883076706790e+01 1.805264166993791264e+01 1.805987438569096071e+01
4.634030122095279758e+00 4.131811496021339458e+00 3.665983813275441427e+00 3.276068795316320337e+00 2.922845642352843498e+00 2.738812984925760308e+00 2.556799147101919800e+00
1.755061063332181703e-01 1.262073343375047507e-01 1.019927476983814030e-01 1.310820370535271395e-01 1.544518452233339945e-01 1.736864171058764839e-01 1.921847143695802618e-01
9.394288804615298361e-01 8.241626175254180842e-01 7.366955676785275076e-01 6.984156987436276331e-01 6.629449603298736005e-01 6.168154197127584393e-01 5.768301422874371198e-01
0.000000000000000000e+00 0.000000000000000000e+00 0.000000000000000000e+00 0.000000000000000000e+00 0.000000000000000000e+00 0.000000000000000000e+00 0.000000000000000000e+00
4.987319515048985963e+00 4.751677183281201700e+00 4.524328839610142872e+00 4.093777138809290506e+00 3.751523658748163292e+00 3.664507589796724307e+00 3.581114563230297421e+00
2.298477560489996296e+00 1.635219578782241223e+00 1.181464857742122065e+00 1.065724606259676133e+00 9.580169732136272209e-01 9.061397039612050230e-01 8.543120736426168538e-01
2.298491060961453503e+00 1.863077496887946216e+00 1.528532365228628009e+00 1.363802104970340823e+00 1.234796279740735025e+00 9.463703760915098684e-01 7.543033857771161976e-01
1.698451451925000244e+00 1.204810661615739242e+00 8.412156793914479236e-01 7.942932811913661073e-01 7.481237083724119330e-01 7.321144218465297504e-01 7.166634359192299852e-01
2.149584447421774236e+00 1.509066785620139184e+00 1.089060059912441591e+00 9.646060278464035909e-01 8.698042552852605080e-01 7.926914470992724171e-01 7.240456597525640747e-01
5.003419072634801346e+00 4.350510899791546926e+00 3.819380899541079177e+00 3.879412768318608595e+00 3.940471711408116917e+00 3.864604707495524316e+00 3.791323375014021391e+00
1.273702815877035599e+00 9.715255678738434764e-01 6.756815563403603120e-01 6.276891100197218298e-01 5.766413623725323845e-01 5.588274869050520177e-01 5.416367088705881239e-01
2.831472934408697739e+00 2.633393798384589424e+00 2.440379170796085351e+00 2.361141039572251188e+00 2.284410920627206742e+00 2.254927104820282580e+00 2.225465488497415212e+00
1.159330953004522158e+00 8.976753324750236240e-01 6.890719288658183617e-01 6.508792544713559725e-01 6.083240412662973551e-01 5.930171765471758949e-01 5.776666913384572721e-01
1.818034607680591463e+01 1.825339956539223607e+01 1.832803770284073153e+01 1.847145019932635535e+01 1.861266407218006336e+01 1.877894487756416098e+01 1.894248033334837444e+01
3.099578807032539629e+00 2.893930329953172453e+00 2.709689743396029193e+00 2.497211562564586984e+00 2.322445393385180967e+00 2.314918192340947201e+00 2.307248793663687625e+00
8.484662175151140850e-01 8.255669185718818026e-01 8.035876694404006093e-01 8.261249533121237665e-01 8.503291752817957461e-01 8.506392266884610365e-01 8.509537589991410522e-01
3.581329757926266399e+00 2.588721440235316695e+00 1.868543036062697116e+00 1.745633961030023551e+00 1.642331005012970913e+00 1.575462134538767600e+00 1.513412488150036594e+00
3.505857201505709675e+00 3.267925845655430983e+00 3.039748561383440961e+00 3.085856817094001503e+00 3.131877205022892685e+00 3.079951282395124945e+00 3.029105650285605744e+00
1.102420973155137496e+01 1.152466025649285974e+01 1.207896014141436325e+01 1.351140103528050140e+01 1.522119548019597701e+01 1.547689188888304379e+01 1.573672258570120874e+01
7.880033629619781266e+00 9.290902897948081218e+00 1.174670135865355647e+01 1.191851445987906999e+01 1.208919775070043023e+01 1.212537692224669605e+01 1.216159865867917134e+01
1.632984880008430562e+00 1.143386312204479616e+00 7.502249785678415384e-01 7.314721971449094085e-01 7.136636331081223084e-01 6.975262763116968356e-01 6.811919284770676652e-01
1.262944496028470587e+00 1.058311581607483953e+00 8.066333914558784235e-01 6.746237066556808326e-01 5.753581822766713483e-01 5.622134406833679821e-01 5.490382125771156030e-01
1.734210725072427550e+01 1.753543568345379811e+01 1.774484984810819554e+01 1.762354246073690334e+01 1.752054228269611613e+01 1.313061419665403484e+01 1.043893431996000132e+01
1.050420730183438067e+00 9.540881741573395969e-01 8.725085889129168271e-01 7.926991105316428810e-01 7.402410176514661044e-01 7.096122874671580982e-01 6.799083774941069302e-01
5.460583228817229795e+00 5.314709376690635700e+00 5.181107818449160796e+00 5.182015311520052236e+00 5.182919040739625949e+00 5.039726904490742676e+00 4.904213667911786700e+00
5.489803170999535809e+01 5.628841212896618629e+01 5.781750203588667603e+01 5.615701776034581627e+01 5.454185533296851673e+01 5.268951761939972300e+01 5.088727791810838852e+01
9.674445723894280480e-01 9.094708000484534871e-01 8.541968679030038647e-01 8.063527426116842145e-01 7.637034691757167426e-01 7.555713306460557499e-01 7.481202964944951850e-01
5.585562466149262661e+00 5.245141198610878241e+00 4.925188870976848321e+00 4.803709961582378618e+00 4.684442632491750302e+00 4.489301518364706922e+00 4.302362941684157782e+00
1.468814653927401892e+01 1.499625926691410349e+01 1.533511045871737188e+01 1.491847440189640217e+01 1.451321015773565293e+01 1.402337632945713608e+01 1.354679046398974762e+01
1.469977776861763674e+00 1.342806552167064238e+00 1.228815170152944392e+00 1.184286725742804025e+00 1.147098167295059756e+00 1.130958859747850598e+00 1.115126251153691239e+00
3.105186518827573128e+00 2.430072951392205916e+00 1.885746403201671972e+00 1.806451231998442042e+00 1.730617305746967149e+00 1.707090934174434471e+00 1.683934764618745694e+00
8.027250014610348927e+00 8.061764006471710431e+00 8.096605699171401938e+00 8.411018142022863131e+00 8.706478507586126625e+00 8.827295689622388863e+00 8.951775177822023366e+00
1.885327220150649019e+00 1.748871530101949290e+00 1.609834603279362453e+00 1.462930795653842875e+00 1.334699104076795262e+00 1.233657518377736961e+00 1.141211887191583951e+00
5.722711970203820719e+00 5.046632384213844524e+00 4.465102275720138181e+00 4.225942942407132641e+00 3.994030740932339008e+00 3.768466809756434888e+00 3.552159359020271356e+00
1.505962103124512064e+00 1.343716536823320595e+00 1.163438292183043288e+00 9.107092180576824569e-01 7.047479429451982691e-01 6.150579984298683023e-01 5.258586256973045714e-01
4.167485918700416292e+00 2.871209995639114165e+00 2.167373266117063935e+00 1.932653385122402367e+00 1.748540389913576076e+00 1.721478567597358289e+00 1.694957545019996736e+00
2.776844869797786330e+00 2.440649311146247946e+00 2.123751240281749553e+00 2.034293164455886149e+00 1.950348227511503385e+00 1.913996414804061796e+00 1.878587969227587529e+00
1.681905839803912883e+01 1.698339513310224191e+01 1.713918053032484679e+01 1.604579836898419032e+01 1.504501610195122119e+01 1.468752024982081217e+01 1.432333605671449206e+01
3.416160747593867786e+00 3.087086673534418235e+00 2.809737135556288123e+00 2.430783518176207636e+00 2.164130340739077951e+00 2.178912053637196422e+00 2.194128137197091100e+00
1.993589358768963926e+00 1.768188161535601433e+00 1.574838584916173456e+00 1.467078285658860892e+00 1.374749890557398713e+00 1.333517025122727961e+00 1.293546676156449804e+00
6.405654700389797007e+00 6.403896302932430729e+00 6.402103340131992226e+00 6.469814266820320903e+00 6.535959453121749085e+00 6.595573767603096549e+00 6.654669479227443674e+00
5.058352417768757547e+00 5.398448465571675570e+00 5.892230387401593994e+00 6.930080797331742204e+00 8.775420173736046436e+00 9.693287590588321123e+00 1.093063962111643228e+01
1.074768407440583218e+01 8.747501670071741842e+00 7.334573246176649519e+00 7.522023814775997685e+00 7.714274536394684745e+00 7.719208275199077818e+00 7.724174786854901775e+00
2.467173118622269623e+00 2.275547236981465549e+00 2.073153162886522960e+00 2.174497845009029096e+00 2.274876439475614465e+00 2.281217982763189323e+00 2.288042460058382410e+00
