4.143786842922690949e-01 3.771073630792557974e-01 3.382990127650423728e-01 3.054890071073668167e-01 2.735990921205704307e-01 2.520016697422259866e-01 2.313459896943103611e-01
3.306077568131308708e-01 1.659245104988547048e-01 5.843625267187604194e-02 6.191032890462783156e-02 6.509534625467036650e-02 6.350181756890901918e-02 6.206106177858593947e-02
4.457226942259083780e-01 3.131632873978261178e-01 2.099370263822778748e-01 2.032085837575087484e-01 1.969988015429038619e-01 1.786556382948777943e-01 1.615816906240340189e-01
1.588402170566228511e-01 1.423671502149310708e-01 1.260750476384721874e-01 1.234225059466392965e-01 1.209570736621415205e-01 1.178089118472184366e-01 1.146677096870408474e-01
3.117811142068719898e-01 1.255559110495130248e-01 2.619552911041422155e-02 3.689133755097483147e-02 4.583602254909942275e-02 4.915818265535074061e-02 5.223116572662164087e-02
2.127483750149125052e-01 2.392460506864237946e-01 2.491522319428923216e-01 2.373606569503940722e-01 2.274583668475564369e-01 2.132631458394059210e-01 1.986433923135301483e-01
2.725869736516431385e-01 2.472799302986029846e-01 2.258394496417545083e-01 2.050227030722416299e-01 1.866399378529265407e-01 1.674311057275459924e-01 1.483702087698896277e-01
0.000000000000000000e+00 0.000000000000000000e+00 0.000000000000000000e+00 0.000000000000000000e+00 0.000000000000000000e+00 0.000000000000000000e+00 0.000000000000000000e+00
4.092235505133736129e-01 3.147184017811461287e-01 2.243045596078337700e-01 1.779084374438505145e-01 1.418521680538586405e-01 1.329329011597532029e-01 1.243580395854847892e-01
3.689672894638099110e-01 2.066635806147603394e-01 7.501970801495841390e-02 5.875157636817542051e-02 4.416983739138179849e-02 4.170944305929029372e-02 3.920650171705821613e-02
1.467900462358506797e-01 5.221969973720049646e-02 1.635860729626779919e-02 3.400909612023838430e-02 4.951659818837354093e-02 5.032704043924620535e-02 5.102986393885719507e-02
3.578494495535261555e-01 1.718852999562102968e-01 4.445820203704326651e-02 3.586604422848308632e-02 2.723184391631629231e-02 2.644010988360444986e-02 2.567060246111475125e-02
7.000175473719338903e-01 3.778659243073846929e-01 1.705036051128239749e-01 1.527662521153867192e-01 1.357721627049738589e-01 1.316509220227247978e-01 1.280082246575255378e-01
5.064122379404328855e-01 3.795451069250626586e-01 2.594089881735716641e-01 2.244340072173028333e-01 1.905385463689422132e-01 1.846384313584937820e-01 1.790236838288406240e-01
5.094918223796810475e-01 3.071050525674955400e-01 1.441429520921385654e-01 1.161820719754032144e-01 8.820506576060500870e-02 8.571312476923090284e-02 8.325597836974343857e-02
4.758709469055306118e-01 3.552618630225221064e-01 2.396317968388737563e-01 2.227767754642514253e-01 2.054590367325996869e-01 2.025110187626569802e-01 1.996681182577632052e-01
3.418176577856486542e-01 2.188661405621970812e-01 1.209531705932410800e-01 9.064959452348006486e-02 6.499432790001553883e-02 6.239029012232117505e-02 5.981116266097833561e-02
5.209776108272951706e-02 3.297890208867881173e-02 1.301139789428725976e-02 1.276776572861681135e-02 1.257239424680614039e-02 1.424326400808081580e-02 1.576625381719985036e-02
3.031181605302246118e-01 1.875534744292983169e-01 1.044140192766770392e-01 7.408661947869440989e-02 5.028104129491734603e-02 4.148575345368754608e-02 3.320075359271886656e-02
3.102345568353344074e-01 2.940300792333684354e-01 2.788173818266769244e-01 2.663349886865251093e-01 2.553948182144592516e-01 2.466381908660711941e-01 2.388950364416376759e-01
5.327233355317039232e-01 3.289533460699685663e-01 1.648890584474992649e-01 1.366219764153140392e-01 1.119271417425611731e-01 1.064709617640046124e-01 1.015362414698847693e-01
3.477467585419878326e-01 2.487235063072931185e-01 1.445943250800300617e-01 1.295689550918227573e-01 1.167591680071619481e-01 1.052365955807554598e-01 9.427901256475602898e-02
4.647291834019562362e-01 2.942415862431791429e-01 1.578179901729867551e-01 1.156678814627985774e-01 7.910133490739551521e-02 7.559874065150240519e-02 7.202987409296221499e-02
5.678526989951663273e-01 4.060851261783259836e-01 2.290303390284925134e-01 1.760254784472808365e-01 1.311786614481003643e-01 1.223007933496740168e-01 1.140011193749549817e-01
3.117811142068723229e-01 1.255559110495131081e-01 2.619552911041423196e-02 3.689133755097485229e-02 4.583602254909944357e-02 4.915818265535076143e-02 5.223116572662166862e-02
4.358324977361623387e-01 2.510507516131210148e-01 9.295554800770890191e-02 8.743464282667974541e-02 8.201534031408549974e-02 7.763326826963604099e-02 7.337556530324182424e-02
5.343980390747977288e-02 2.290847569700972877e-02 1.295941394578127917e-02 3.297669512819493415e-02 5.087655630978688004e-02 5.073938161187788176e-02 5.062310633182068309e-02
2.503840255571236351e-01 2.483416086887114682e-01 2.465961790835835277e-01 2.370061715185262929e-01 2.312491192984496013e-01 2.101222503706525191e-01 1.918566767950312668e-01
1.518585556422215044e-01 1.364771079670956677e-01 1.224961167291048758e-01 1.118947565255642707e-01 1.022620970741920376e-01 9.012711640287564274e-02 7.845868112475934408e-02
1.181755002811375743e-01 9.207850738527680046e-02 6.575532187005148077e-02 6.596928117586051132e-02 6.617596925100674432e-02 6.537946673246554374e-02 6.465819016046500667e-02
1.291284142255755751e-03 1.099356130088961206e-03 9.570991804798202086e-04 2.180027924549232665e-02 3.956120146966081441e-02 4.442308177991025064e-02 4.877839260167769753e-02
3.031181605302246118e-01 1.875534744292983169e-01 1.044140192766770392e-01 7.408661947869440989e-02 5.028104129491734603e-02 4.148575345368754608e-02 3.320075359271886656e-02
1.530687520161639614e-01 1.011172779861596732e-01 5.326970038719516798e-02 6.169106939122379757e-02 6.793118132394453113e-02 6.648406951139947119e-02 6.520632511741825121e-02
4.471528583579298388e-01 3.712388243776640895e-01 3.056402739189316153e-01 3.037994160247565190e-01 3.022353617422414707e-01 2.975487820461252264e-01 2.933810838700566803e-01
3.770998455446807340e-01 2.192329586127352847e-01 7.321020328692313950e-02 5.937688746844727028e-02 4.733274014339244190e-02 4.435416879606836338e-02 4.148842488943133705e-02
1.289734285601589758e-01 1.193523707418527730e-01 1.095829169942569292e-01 1.102529801122308639e-01 1.108701073247750357e-01 1.112883334069937613e-01 1.116959012154441905e-01
4.733696493335689537e-01 3.859525880094388794e-01 2.773571170726369939e-01 2.610839825827234173e-01 2.459761999703551916e-01 2.242246208242617556e-01 2.052946679633308735e-01
3.689672894638099110e-01 2.066635806147603394e-01 7.501970801495841390e-02 5.875157636817542051e-02 4.416983739138179849e-02 4.170944305929029372e-02 3.920650171705821613e-02
4.883603932034384365e-01 2.522286113805470298e-01 7.040714486873919653e-02 6.694762065550408092e-02 6.331141575095310114e-02 6.252005355680186061e-02 6.174205573620168697e-02
8.301949870393489084e-01 4.507483187110953859e-01 2.510199142566734709e-01 2.272804762330500605e-01 2.024263612533205581e-01 1.914248663421635743e-01 1.806640870099259777e-01
2.149807505530087204e-01 1.373728418367637927e-01 6.699159189695888528e-02 5.935692867529734906e-02 5.328158859104036027e-02 5.012668558260624518e-02 4.717207022291951268e-02
4.374301831298486598e-01 3.620030174290199687e-01 2.904049481193443638e-01 2.861893458258518708e-01 2.825236408917430886e-01 2.750696376287731781e-01 2.679253916934539181e-01
5.804289238242567317e-02 8.778085653719862325e-02 1.100277098210949711e-01 8.465151163989531602e-02 6.336616257232106919e-02 5.751830849216998248e-02 5.230846519007801426e-02
3.196042084336315758e-01 1.665228809812335786e-01 8.999533771527448711e-02 6.820295860073237459e-02 4.934607810292566954e-02 4.236673565352233606e-02 3.564507193594382284e-02
5.782756050982968549e-02 4.033350545272373217e-02 2.213055597684670736e-02 2.139140937852175919e-02 2.078786576400792896e-02 2.202316912400395857e-02 2.315897831141331201e-02
3.031181605302246118e-01 1.875534744292983169e-01 1.044140192766770392e-01 7.408661947869440989e-02 5.028104129491734603e-02 4.148575345368754608e-02 3.320075359271886656e-02
1.879391148823869595e-01 1.447218727313124287e-01 1.043390972614877954e-01 8.632835412077553838e-02 7.071727075263979645e-02 6.946153354054013240e-02 6.821189623877907393e-02
6.593207389927345785e-01 4.317135360875860584e-01 2.360996157659951689e-01 2.345686028543884083e-01 2.333034143777799885e-01 2.295772856001846440e-01 2.261148886639514355e-01
