4.122417375061471767e-01 3.566093417836276869e-01 2.994799641847530891e-01 2.647715217374107532e-01 2.298709296865163454e-01 2.222640990287805263e-01 2.150145131260691733e-01
2.991799413224888182e-01 2.055673365718003742e-01 1.297081536580647620e-01 1.140901640975545001e-01 9.998715796291043900e-02 9.720682627252906494e-02 9.459705104081383986e-02
4.448808716474864089e-01 3.465492890680732518e-01 2.491127250772550705e-01 2.326785413422392257e-01 2.199615027962114888e-01 2.027571430753202508e-01 1.854912144223632153e-01
1.604221233324533702e-01 1.433466689842555764e-01 1.265881982443375076e-01 1.231214279219141616e-01 1.198770556837502055e-01 1.171390171753015352e-01 1.144753547296826074e-01
4.255281225117535926e-01 2.903261631922908204e-01 1.746118575399538131e-01 1.511838580411623556e-01 1.305322763168265676e-01 1.048471196309515574e-01 8.152232385212555832e-02
2.166723256960974286e-01 1.425269381435125826e-01 1.038807027285453266e-01 1.153155841999330827e-01 1.237884819003041287e-01 1.142288874024078582e-01 1.049992604397989859e-01
2.622595064764204342e-01 2.411594631598504013e-01 2.228909022429560738e-01 2.071384057436936876e-01 1.933195950106416927e-01 1.823337591490385434e-01 1.717741651996364249e-01
0.000000000000000000e+00 0.000000000000000000e+00 0.000000000000000000e+00 0.000000000000000000e+00 0.000000000000000000e+00 0.000000000000000000e+00 0.000000000000000000e+00
4.056867372400145277e-01 2.864299316663220241e-01 1.807780996231789228e-01 1.479675368658341372e-01 1.220930451312827181e-01 1.205268573520435760e-01 1.190192126700543862e-01
3.691177074050199236e-01 1.903439194238043808e-01 5.099563686490291015e-02 4.137424723543030314e-02 3.222916505915979918e-02 3.148640808312026806e-02 3.077980106840568289e-02
1.557880315504513169e-01 6.593936372018312231e-02 2.097213511455002857e-02 2.459969620481126246e-02 2.795520245532177525e-02 2.839548720769553489e-02 2.877857878492538768e-02
3.987037228861501359e-01 2.022933474964070388e-01 6.538524340636735210e-02 4.968488009302695491e-02 3.481973104599338231e-02 3.375176197163726882e-02 3.268915353022647935e-02
6.971462250025962648e-01 3.977362258796995897e-01 1.684444491588984461e-01 1.459554896926837930e-01 1.231404183460530627e-01 1.224549046065774721e-01 1.217677356445167752e-01
4.832529819413703964e-01 3.272642534670667236e-01 1.967664810227817140e-01 1.540551133033215003e-01 1.161405735711169562e-01 1.102117351126677552e-01 1.046278226618373997e-01
4.863458300082204588e-01 3.152396536586531406e-01 1.482100854585553240e-01 1.164202362752709552e-01 8.707229410807969250e-02 8.330621578840149977e-02 7.967744397455396588e-02
4.666965308651380151e-01 3.416048366236373868e-01 2.107098475868047771e-01 1.801405992987873128e-01 1.475378895583406569e-01 1.462204017758192143e-01 1.449196570313902310e-01
3.344353113182639836e-01 1.935454406071333844e-01 9.946568575936638734e-02 8.048823423650455777e-02 6.162128936199187668e-02 5.793779558723793216e-02 5.440769209869408124e-02
5.048354583708596077e-02 3.120113440030998844e-02 1.161463827331675296e-02 1.140072415139927256e-02 1.120720015387055221e-02 1.043753042004407286e-02 9.718596422803290127e-03
3.580920770563216227e-01 2.877131175770598626e-01 2.224283804277620014e-01 2.050907526930825786e-01 1.883973418279233092e-01 1.801759142967994665e-01 1.717826295836382966e-01
2.969769106031221462e-01 2.873419743394088344e-01 2.776067181193961342e-01 2.650668511769266322e-01 2.515577639269220289e-01 2.369856809347350990e-01 2.220423847303201470e-01
5.264897871574580890e-01 3.254456173603312297e-01 1.576777295583176863e-01 1.304115829509181756e-01 1.059489362205092849e-01 1.014287773116494817e-01 9.715868428739381224e-02
3.593595155507675609e-01 2.555994225177161128e-01 1.578299847780050280e-01 1.305812580133972056e-01 1.048436697124666139e-01 9.704352318246663167e-02 8.961089428403153090e-02
4.162498564715633176e-01 3.248352929789087296e-01 2.422143136286983023e-01 2.091674096315332132e-01 1.711867290644788764e-01 1.613483317225007652e-01 1.516107775470710572e-01
5.572340986432505749e-01 3.858830896189953119e-01 2.043374536657993901e-01 1.482131348775318769e-01 1.023135055067893040e-01 9.517931085792324941e-02 8.865208313145145347e-02
5.115775475277465345e-01 2.715767711774210169e-01 9.596831993454096876e-02 8.645344375554771255e-02 7.791713673504910287e-02 7.867298019650383056e-02 7.938727651283870868e-02
4.207475514378514192e-01 2.447458171130022786e-01 9.019045240053770451e-02 6.935280526931467127e-02 5.340952516922520266e-02 5.093467381954554229e-02 4.856499952352988370e-02
1.892662166451662409e-01 1.447678577725529658e-01 1.042603239281601202e-01 1.012763876983505257e-01 9.841034352437232069e-02 9.796441356306145876e-02 9.759510239189891911e-02
2.106455652967536840e-01 1.989426204000878939e-01 1.889553415612807707e-01 1.675110972292603306e-01 1.517200361815364551e-01 1.269127309341429866e-01 1.043960570594662240e-01
1.429931122718294534e-01 1.301296577013680844e-01 1.180709763965035047e-01 1.127180283232507435e-01 1.077098252741134354e-01 9.968417747048853583e-02 9.196024506927300002e-02
9.797304757686858823e-02 8.237048078559075504e-02 6.696895830541810257e-02 6.501103826587942280e-02 6.302948050613617348e-02 6.578685561231291390e-02 6.866236669352805688e-02
8.717137456541232399e-02 8.353926306153140746e-02 8.010946758298510828e-02 7.211482294203037935e-02 6.510546778744281948e-02 5.884466862789883290e-02 5.308018832655191088e-02
4.459257446978639461e-01 3.030571446277799397e-01 1.651506763241297193e-01 1.435036530154090717e-01 1.221963370724191839e-01 1.130480330126078237e-01 1.043037068951078866e-01
4.432233838899254375e-01 2.852650130600967726e-01 1.275897374332767564e-01 1.056297034144169783e-01 8.474710706774257751e-02 8.169736734761162689e-02 7.878560714086944861e-02
4.433434024302304599e-01 3.676348833224510892e-01 2.905828853626836739e-01 2.745787260219710313e-01 2.576826658504762779e-01 2.472539296753611671e-01 2.375962698315318977e-01
3.434478140129818557e-01 1.806369507957084064e-01 5.506972440470958574e-02 5.062392135917000852e-02 4.636164362913396814e-02 4.297895053975128721e-02 3.974353012549173420e-02
1.249658357507524020e-01 1.181281599513279434e-01 1.113310701617979126e-01 1.132793645993398907e-01 1.150812702874881993e-01 1.149268813006432827e-01 1.147765594735853517e-01
4.630712743810504461e-01 3.769133346731492473e-01 2.677547747633045039e-01 2.486629698382765707e-01 2.308492002320779168e-01 2.087852881106581071e-01 1.889246195370848924e-01
4.391869796324274766e-01 2.773738261391288096e-01 1.260649680708270104e-01 1.084972169997528574e-01 9.098456484820977019e-02 8.456231237954693614e-02 7.850738004611595988e-02
4.557497836174213002e-01 3.155080790677124991e-01 1.813910230936329471e-01 1.460260141926821853e-01 1.171030036286315329e-01 9.526655714310135192e-02 7.512994473402427598e-02
8.333379319339390134e-01 4.348461883383588078e-01 2.104097486711934417e-01 1.695439878536268707e-01 1.252743090160862161e-01 1.260843651311935876e-01 1.268951897375965032e-01
3.897352949421962753e-01 2.413153986558444763e-01 1.169679808806772248e-01 1.072476424182063348e-01 9.887612616343835481e-02 9.277675394107545714e-02 8.698752025951922429e-02
4.358578717517451184e-01 3.710029756157433023e-01 3.075997473342999555e-01 2.928543295202627461e-01 2.795127553804163667e-01 2.713884688652168919e-01 2.635957541481094291e-01
5.942550036442283135e-02 3.972996111821686105e-02 2.129709518503007312e-02 2.758199222337379131e-02 3.293582314163077257e-02 3.052149033332170885e-02 2.806447371676487265e-02
3.941475185543207305e-01 3.121606360640576949e-01 2.383714231488520963e-01 2.160814472334557090e-01 1.951154887682839401e-01 1.892562141660929509e-01 1.835488683800650112e-01
5.522607621056015853e-02 3.760793698194277168e-02 1.971248494276996166e-02 1.934665480433143958e-02 1.901473579388561486e-02 1.768852715263699235e-02 1.643541747731046970e-02
6.356480820164949197e-01 4.394829697327300444e-01 1.686195632160882862e-01 1.548816481790049604e-01 1.429959370522143336e-01 1.393745486325239091e-01 1.357466417901399269e-01
2.472502277872591081e-01 1.721145340693168990e-01 1.065019706462750348e-01 9.789192601135858485e-02 9.038782051333249523e-02 8.445657802612918652e-02 7.877998277968369101e-02
6.798304132447131609e-01 4.846130165080480001e-01 2.932800578230507216e-01 2.802976207794114494e-01 2.687108416567096647e-01 2.676141469182987120e-01 2.665499599932202313e-01
