3.911209569656160401e+00 3.890830274370731257e+00 3.869605120161566880e+00 3.805378161159449935e+00 3.744280655094347043e+00 3.545428223768468445e+00 3.363479277782557730e+00
1.875949943200205894e+01 1.711346166431746241e+01 1.585222991768622158e+01 1.462107302407059706e+01 1.351473905531333131e+01 1.269231126942820964e+01 1.193746735404335446e+01
2.801860220821715597e+00 2.433316299036688335e+00 2.119798996173833494e+00 2.024672060763645920e+00 1.933843018191488294e+00 1.891672685041029922e+00 1.849911860065073466e+00
1.089904936457325135e+01 1.307321512902522898e+01 1.520035312920233750e+01 1.622886567623960374e+01 1.715010294056778761e+01 1.695277905168730470e+01 1.676594346101963140e+01
1.621031363419549365e+01 1.012107617523022540e+01 6.743743643450257785e+00 6.219229836730315597e+00 5.764585386497902419e+00 5.802881927250512106e+00 5.841550999755171780e+00
1.024433027402670560e-01 1.042211597592069133e-01 1.051273022496152926e-01 1.157193093537097622e-01 1.247184817626685177e-01 1.250847695303183016e-01 1.254242017884405480e-01
9.651577308811494227e-01 8.667680115253274531e-01 7.868339700723395724e-01 7.068664177023686879e-01 6.418611057649614704e-01 5.689480274588507580e-01 5.076892125592431526e-01
0.000000000000000000e+00 0.000000000000000000e+00 0.000000000000000000e+00 0.000000000000000000e+00 0.000000000000000000e+00 0.000000000000000000e+00 0.000000000000000000e+00
5.091144039764039064e+00 4.453046777398596667e+00 3.921867458561398401e+00 3.621892020497361919e+00 3.368255456873035403e+00 3.201376547626789915e+00 3.042409855415947550e+00
2.374655521474060560e+00 1.872131456736711108e+00 1.443363435639116954e+00 1.260943830216686212e+00 1.109456453508438134e+00 1.092049033300432459e+00 1.074379563217387812e+00
2.271276977045251666e+00 1.274992675172631484e+00 8.063482418480603098e-01 7.514262799924567027e-01 7.020005400809710139e-01 6.232209369095346174e-01 5.581819787115980258e-01
1.074626090563272074e+00 7.006235375178320179e-01 3.618143689607302149e-01 3.325572091200640346e-01 3.043556688848858549e-01 2.834380081290628905e-01 2.640497575184178047e-01
2.184194623186713535e+00 1.454967558127277183e+00 9.091152125443285881e-01 8.960454203894181457e-01 8.824724085223644154e-01 8.308954870706343199e-01 7.831909525841759256e-01
4.898086641492953142e+00 4.777270604379915575e+00 4.648801167403096457e+00 4.456057240840738842e+00 4.271559497817140283e+00 4.239278115296358784e+00 4.206892215352286968e+00
1.240271693956065402e+00 8.374909123833813585e-01 4.669583722874040554e-01 4.219271750390588549e-01 3.753233747837998457e-01 3.397011646276051899e-01 3.082433626801406312e-01
2.888250597552324717e+00 2.486074753035700802e+00 2.106296701449331454e+00 2.068297801315743367e+00 2.032390510131399264e+00 1.874553261115560643e+00 1.735323077620777088e+00
8.907299549343858924e-01 8.742273890993798036e-01 8.583021200121047078e-01 8.435261001894446276e-01 8.292507616439152018e-01 6.522702119589168790e-01 4.786836788857135594e-01
1.803064503187479772e+01 1.762081506733658642e+01 1.720965795332343973e+01 1.443601833461232253e+01 1.238061709607169014e+01 1.100033346876541174e+01 9.904312373866236641e+00
3.254083713398217448e+00 2.912284524034489230e+00 2.618510441034505920e+00 2.254919269146399508e+00 1.967376409712189078e+00 1.871536647862298119e+00 1.786023032141157874e+00
8.443128165813899022e-01 8.213163494790368668e-01 7.992341635266293487e-01 8.315267636358051329e-01 8.680759913784243942e-01 8.643347532446220560e-01 8.603377009943469211e-01
3.689171270037917783e+00 2.964443133779179007e+00 2.339720725927097789e+00 2.211531576994610226e+00 2.089191352240214794e+00 1.993137097848568962e+00 1.905832008390602406e+00
3.346087851811767155e+00 3.210093013890544800e+00 3.065579542967272531e+00 2.898688674988738612e+00 2.743869436287319719e+00 2.697826840269369253e+00 2.652403273875365564e+00
8.512123137089057323e+00 8.026248925898990194e+00 7.577653290413031151e+00 7.923195709851492907e+00 8.289109162620579951e+00 8.314707195842032661e+00 8.340484295395137693e+00
5.441372721081473962e+00 5.206317264817793777e+00 4.946536438633764909e+00 4.674035752026816759e+00 4.423148900355363899e+00 4.283868636694471377e+00 4.150846316947281345e+00
2.278860764203024303e+00 1.284041973306233153e+00 7.322760275103417094e-01 7.011595084077137940e-01 6.741879539141744093e-01 6.871228795306796311e-01 7.001836303629297431e-01
1.192294129516938472e+00 7.427422457636968511e-01 4.058104489841818929e-01 3.662136517349534048e-01 3.305370148032520938e-01 3.090208673831039698e-01 2.887235781411842672e-01
4.927661270609764443e+01 2.769153211012646310e+01 1.832666373354054912e+01 1.689453314474659251e+01 1.558399583653382336e+01 1.307250733301001411e+01 1.115884693550833262e+01
1.109614817513623786e+00 9.908920326977422866e-01 8.954773194841297856e-01 7.985560355406250421e-01 7.364069571657693158e-01 6.643205683201243161e-01 6.101978226516323600e-01
5.757510060491311421e+00 5.505821517544140953e+00 5.281634287485862167e+00 5.074881777597305188e+00 4.885717106321767034e+00 4.750052926918460372e+00 4.621417256821021446e+00
1.091358474065149586e+01 9.947303045752345696e+00 9.012544332962461269e+00 8.911646081135497610e+00 8.814756437174889214e+00 8.003577175976888114e+00 7.234075759923360494e+00
1.208814466798568743e+00 9.890184116084570487e-01 8.368555823853338627e-01 7.971597350122394676e-01 7.733747444990239917e-01 6.958408524409351870e-01 6.297983763967516246e-01
5.743224796502585328e+00 5.562748353441604898e+00 5.379820968367234002e+00 4.859328235705805632e+00 4.417267332115314638e+00 4.206210337124753451e+00 4.015847598165958487e+00
1.355662224743220534e+01 1.149562255480252837e+01 9.742008946632449096e+00 8.242487217310033643e+00 7.166754424153041647e+00 6.025748114328083993e+00 5.090150195711967029e+00
1.525476082579902748e+00 1.215112033555302062e+00 9.804873920851563396e-01 9.222437638650802239e-01 8.774266838646178623e-01 8.228243802495053272e-01 7.768368779455576689e-01
3.144217166906482674e+00 2.691780682551048631e+00 2.258353256356977479e+00 2.040349798268241699e+00 1.853173160584717927e+00 1.725529317817290575e+00 1.605436224361037612e+00
7.934721538998087631e+00 7.987900224084840239e+00 8.041876397446712232e+00 8.326178700935660260e+00 8.591690416886994086e+00 7.907995345937862020e+00 7.295827711490120215e+00
1.937480757096145201e+00 1.753651204769444139e+00 1.541295237212066294e+00 1.498908222819722358e+00 1.458522597275302424e+00 1.311853911300543629e+00 1.187982383226241279e+00
5.879227635815329478e+00 5.627092782736762722e+00 5.367525800787923629e+00 5.129462926030996073e+00 4.906238147929737003e+00 4.764063726741301963e+00 4.627690697454773350e+00
1.419206324465721591e+00 1.023932172045658673e+00 6.925833601590687394e-01 5.881528686400863126e-01 4.985627471448863535e-01 4.340687225736083454e-01 3.756465396874511531e-01
4.107853903746057078e+00 2.511006020348840462e+00 1.670620890253270208e+00 1.637485660943744703e+00 1.605063151633312923e+00 1.517616187451898524e+00 1.436332789916141772e+00
8.907299549343863365e-01 8.742273890993804697e-01 8.583021200121051519e-01 8.435261001894451827e-01 8.292507616439156459e-01 6.522702119589173231e-01 4.786836788857137814e-01
1.701576860095706678e+01 1.625388515794699629e+01 1.560245390116924113e+01 1.524619964434728736e+01 1.492324886695478803e+01 1.429604216675645745e+01 1.369568844265467611e+01
3.365847294435587944e+00 3.130065773351280889e+00 2.925121009830422558e+00 2.345227008147255265e+00 1.988159473065627347e+00 1.753780372812297816e+00 1.562397174228295826e+00
2.068040813121780008e+00 1.827733532502786584e+00 1.620088788321606188e+00 1.435470082512283252e+00 1.280570466671740570e+00 1.180600684399168543e+00 1.094030750036184774e+00
6.347691569262181588e+00 6.200603397529275362e+00 6.052755303795444242e+00 5.239489055379707771e+00 4.615695305340235421e+00 4.119859939789389358e+00 3.720045719260256512e+00
4.129841710225393925e+00 3.991974297447324016e+00 3.805243106509243134e+00 2.797589719732297642e+00 2.172355060125435777e+00 2.099819887019382936e+00 2.035367323899699432e+00
4.100549591976875519e+00 3.634889846982661155e+00 3.233959030854115291e+00 3.140238277689324509e+00 3.046894729364850729e+00 2.964377113960987575e+00 2.884071253951716596e+00
2.375351584029930851e+00 1.873732922139467627e+00 1.402985512178753780e+00 1.468172581326560699e+00 1.530937046538383584e+00 1.488655762756988743e+00 1.445398205030873351e+00
