3.828957447294436545e+00 3.829427181648451750e+00 3.829911571188662212e+00 3.824214957275802185e+00 3.818676798332479638e+00 3.770953736578003035e+00 3.725019416608232881e+00
1.858038699768504287e+01 1.781806603560219315e+01 1.718079094156063391e+01 1.589217631627876059e+01 1.471438419058910085e+01 1.367655670706826143e+01 1.271861734662568644e+01
2.738401177811506493e+00 2.609889479120567568e+00 2.477751304047160374e+00 2.158709573664133075e+00 1.914922546658003988e+00 1.860621080309999176e+00 1.808183615725190929e+00
1.106389310717134755e+01 1.331335461641943496e+01 1.550610150514067520e+01 1.696588502567549384e+01 1.833632249191512287e+01 1.845916825954024887e+01 1.857913619965600560e+01
4.475447686871633302e+00 3.750397275274526265e+00 3.131465429046319304e+00 2.941089350786674217e+00 2.769953659428184611e+00 2.525081234206018266e+00 2.297429032359218137e+00
1.291119480844035994e-01 8.683916324393926855e-02 6.394272381206969613e-02 1.028660914895780792e-01 1.319510364492553212e-01 1.394637382410716941e-01 1.467199320608466306e-01
9.203479008133889083e-01 8.681645645141237155e-01 8.239455673222896293e-01 7.767980618751529898e-01 7.348638063844995516e-01 7.087292300657832556e-01 6.837163732695087370e-01
0.000000000000000000e+00 0.000000000000000000e+00 0.000000000000000000e+00 0.000000000000000000e+00 0.000000000000000000e+00 0.000000000000000000e+00 0.000000000000000000e+00
5.035814948824433479e+00 4.670245567269885711e+00 4.339415557890636599e+00 3.890085194871366170e+00 3.537015912920159710e+00 3.453452152151772481e+00 3.373954405496549569e+00
2.345572395990658698e+00 1.950047176297291296e+00 1.602616020398150321e+00 1.481760538061282384e+00 1.370764039014247038e+00 1.337319182061909473e+00 1.305568038812268572e+00
2.289442760726032144e+00 1.505860267966110611e+00 1.072667252741654975e+00 1.058159027029699661e+00 1.044967860574420593e+00 9.815005361645269266e-01 9.227714323773450467e-01
1.660729958310498411e+00 1.097363296178727632e+00 7.096799953194329325e-01 6.544170603343243409e-01 6.023865803195991298e-01 5.972714685799428436e-01 5.921803213630844054e-01
2.176325143268373896e+00 1.533474532858814188e+00 1.035840779093831099e+00 1.003833864645097051e+00 9.713926437436322114e-01 9.730676711572696647e-01 9.747567554974307935e-01
4.798136067857057263e+00 4.120658722322106726e+00 3.574302444268126600e+00 3.335177047907776693e+00 3.122384561423821037e+00 3.007162671139219867e+00 2.899686965683845319e+00
1.236254843202523324e+00 8.950371355405036811e-01 5.589470187079286223e-01 4.747476806834948770e-01 3.990728049398684085e-01 3.947819502892220278e-01 3.906390583845948394e-01
2.892694589681095607e+00 2.633904661894733490e+00 2.384838240483442284e+00 2.410236660414920351e+00 2.438051961911691823e+00 2.432766460785157125e+00 2.427537337473754775e+00
1.108621602441831833e+00 7.643947414547813679e-01 5.374602905714943590e-01 4.890336235007669563e-01 4.405648045813123082e-01 4.295428959581132911e-01 4.185806225378989609e-01
1.824222847345392395e+01 1.828699126955289245e+01 1.833130901874289975e+01 1.777420805530808323e+01 1.726237535245676469e+01 1.636370882932489579e+01 1.556497127827541860e+01
3.168951537669303598e+00 3.083431185484029946e+00 3.000685956699504331e+00 3.023781535391208308e+00 3.047347251289437953e+00 3.042882987570329156e+00 3.038376777794783656e+00
8.548919665355315667e-01 8.434313373968217453e-01 8.319882786931057650e-01 8.555090172805064341e-01 8.810415404424505326e-01 8.608637433781426429e-01 8.410857454891272900e-01
3.664707867304736855e+00 2.982485050755987022e+00 2.409199604304897324e+00 2.270846739836001493e+00 2.147087248090653766e+00 2.094616539075365935e+00 2.043802047253541865e+00
3.283602569797887671e+00 2.998282779443767421e+00 2.733161755329701403e+00 2.651362382087776304e+00 2.573245754618207037e+00 2.456791373191618888e+00 2.349000888769921858e+00
8.385733257364181625e+00 7.724690656858459903e+00 7.148145841634119257e+00 7.748565232154244420e+00 8.424357706442554772e+00 8.621057185181852489e+00 8.823506042201239907e+00
5.239727087265038996e+00 4.918220574791740241e+00 4.585239838898497844e+00 3.916557975809635384e+00 3.376726816949036092e+00 3.261777497919823965e+00 3.153519204201529202e+00
1.639355619240270068e+00 1.038620986455774498e+00 6.068907045264056999e-01 5.950602610495736577e-01 5.846208741955308819e-01 5.696491276273288884e-01 5.552355447984476111e-01
1.219090903012171934e+00 9.089732324621949688e-01 6.046289846549729452e-01 5.011909778901370016e-01 4.240669097783337782e-01 4.082409987605811197e-01 3.931333431477938567e-01
1.817481289913862241e+01 1.738517439207817716e+01 1.663481833867906801e+01 1.855453784356698321e+01 2.032709163619546189e+01 1.718633955150404091e+01 1.485515375236508540e+01
1.214865620610856345e+00 1.108469807596021095e+00 1.019213311733681016e+00 8.814624217413250529e-01 7.760325631517633882e-01 7.290142342609841064e-01 6.854149574268448841e-01
5.734383975534904643e+00 5.554839121938859314e+00 5.390622136485627713e+00 5.274210208881611628e+00 5.164260179404051243e+00 5.052801170564888977e+00 4.946021347598575701e+00
1.112144943736850422e+01 1.090110618833170797e+01 1.068417021300249026e+01 1.108784259731135258e+01 1.149160329560351279e+01 1.150788712623943333e+01 1.152458405052221124e+01
9.405645212975565217e-01 8.753131192975779351e-01 8.160092386267981945e-01 7.584438228144454452e-01 7.081903955610574508e-01 6.841177918298650962e-01 6.615706088544153207e-01
5.704698729695964587e+00 5.530876907103964513e+00 5.357442566945835871e+00 5.411224909739361877e+00 5.466393400268626301e+00 5.388918611440829842e+00 5.313841798618694767e+00
5.935699220364885953e+00 5.597275272612716179e+00 5.265063626574657540e+00 5.173708591394693634e+00 5.089157675351994925e+00 4.939856816829909292e+00 4.796057808255302035e+00
1.530012688691004819e+00 1.395728274407378011e+00 1.266107251137787548e+00 1.241949866495712040e+00 1.218435133625095812e+00 1.209111744887445772e+00 1.200188443055962173e+00
2.975642093694094825e+00 2.243679972290551383e+00 1.683493325581453703e+00 1.649281113944070842e+00 1.615822405511607052e+00 1.583130527082722505e+00 1.551834243540557434e+00
5.796981270790938723e+00 5.898516490180003125e+00 5.998645130140895176e+00 6.007049419724585171e+00 6.014836411228413837e+00 5.983562916465293036e+00 5.952643319563992286e+00
1.934679293984946868e+00 1.827754518229729230e+00 1.694723882721440589e+00 1.628985421515507737e+00 1.567124643366128112e+00 1.468579319582112852e+00 1.380529975880612881e+00
5.859455221331087316e+00 5.562709089847792221e+00 5.272189506308477824e+00 5.138468740719750016e+00 5.008261941953368712e+00 4.898662260493835241e+00 4.794229776545991584e+00
1.473900482949330959e+00 1.237226971484526095e+00 9.961453956756146644e-01 8.401496799892225198e-01 7.108857829817198937e-01 6.211232844056282509e-01 5.375616139389703951e-01
4.150434247170461610e+00 2.671112436184552408e+00 1.877946025482824410e+00 1.883091792399938180e+00 1.888588922592177477e+00 1.881442480521189786e+00 1.874432681024314151e+00
2.679441418242459072e+00 2.182798560444274116e+00 1.766700757941630950e+00 1.641855974372551374e+00 1.534109750173591191e+00 1.484601087879103165e+00 1.437768796119107240e+00
1.690710463953819698e+01 1.757272419514129425e+01 1.823924595060946885e+01 1.759875093988129535e+01 1.703164615290728889e+01 1.653142862018563974e+01 1.603838988650851860e+01
3.390978353110891241e+00 3.256173919476503809e+00 3.128269566964341664e+00 2.852148552845966467e+00 2.634495746589226250e+00 2.688905122206821652e+00 2.746714752809280125e+00
1.997731163661415899e+00 1.887779578052207086e+00 1.784220133789929053e+00 1.699368881101332995e+00 1.619899950759030371e+00 1.571446627590566747e+00 1.525141053293240567e+00
6.439660475702540410e+00 6.445126276852406910e+00 6.450560068589887841e+00 6.296952372079664961e+00 6.155747029910748402e+00 5.884526315908691352e+00 5.638956880407824279e+00
4.045599192490772822e+00 4.278353023973368252e+00 4.647146748727314147e+00 4.728131379383857080e+00 4.810025151298157553e+00 4.827489563562763486e+00 4.845120622315397974e+00
4.101317608181031638e+00 3.678173289073071395e+00 3.310418605249167534e+00 3.124799061434567982e+00 2.960422339738037589e+00 2.840808761979844999e+00 2.727947603714520941e+00
2.408180315386629466e+00 2.000296511224291862e+00 1.610413269310708717e+00 1.678577558611672238e+00 1.736808197101853857e+00 1.736042752639632258e+00 1.735260212074350550e+00
