3.926501374266951228e+00 3.876169505710273189e+00 3.823988349716859858e+00 3.837270846977803185e+00 3.850666034351334144e+00 3.709487283117854250e+00 3.577055567354354260e+00
1.893122335854994276e+01 1.718550299705745843e+01 1.585445466996550579e+01 1.490710068379730835e+01 1.405335220826243692e+01 1.338582390741504469e+01 1.275499695901839559e+01
2.811194596272005519e+00 2.406348592632396421e+00 2.068816915799782663e+00 1.865637801621874647e+00 1.690911428486520318e+00 1.646574270925538208e+00 1.602810781407671969e+00
1.118604213141671799e+01 1.461839919673999866e+01 1.789534099542450818e+01 1.802045345862556402e+01 1.813763211373223072e+01 1.823721276371879796e+01 1.833529255200774699e+01
1.528233771847784794e+01 8.989518011383651697e+00 5.722546404854371715e+00 5.401880209090617946e+00 5.107834707222091986e+00 4.909211298215653052e+00 4.706439747757033665e+00
9.581964356089445189e-02 1.023402245917319209e-01 1.056707843429852689e-01 1.043551935612259257e-01 1.032182892939767921e-01 1.008499664574724064e-01 9.845379913640807390e-02
9.468304837840466615e-01 8.331137058213047286e-01 7.441060140383592980e-01 6.903564814885539969e-01 6.449309494586586977e-01 6.166858124763866522e-01 5.903059036837465801e-01
0.000000000000000000e+00 0.000000000000000000e+00 0.000000000000000000e+00 0.000000000000000000e+00 0.000000000000000000e+00 0.000000000000000000e+00 0.000000000000000000e+00
5.095739727651238837e+00 4.603232598073919490e+00 4.164524463079470884e+00 4.030167232458854443e+00 3.909403403684145850e+00 3.838992628762007087e+00 3.770451712126140720e+00
2.377488057483577499e+00 1.987519945871637717e+00 1.609836047805984105e+00 1.237586442615895121e+00 9.695308733179600624e-01 9.859254988350945048e-01 1.002094438643305274e+00
2.289119769498165535e+00 1.481961497372344283e+00 1.025148262725846804e+00 9.377901589695989415e-01 8.612218417837486095e-01 8.058383992206036295e-01 7.516271011934461121e-01
1.054202124982486888e+00 7.047140325651037873e-01 3.773362063138384070e-01 3.402845740069386782e-01 3.038550050649690970e-01 2.903343612413268326e-01 2.770538934565409672e-01
2.181403382815150671e+00 1.602029691230673070e+00 1.096778045821581893e+00 1.053770283066546742e+00 1.010288404716021438e+00 9.728121106436292687e-01 9.365662428883996249e-01
4.828357087888131893e+00 3.966734535211343449e+00 3.298935091632796635e+00 3.080356935230316395e+00 2.877286181134802057e+00 2.829320110428600099e+00 2.782115331622194709e+00
1.250786394880219587e+00 9.142326201093390337e-01 5.433169101552038915e-01 4.630646076696108282e-01 3.852045845663055745e-01 3.690854113123340219e-01 3.518842707892417265e-01
2.914738611062412055e+00 2.568617981667611350e+00 2.227084982965178206e+00 2.206506452548052444e+00 2.186197702199129456e+00 2.128601860700352955e+00 2.072387964403377136e+00
8.988803898255076641e-01 8.829570624289673209e-01 8.675672974468006116e-01 8.518637230348574674e-01 8.367190853205445089e-01 6.420305137570669896e-01 4.517322534027580772e-01
1.809094788516604169e+01 1.719850886645210508e+01 1.638303212906820150e+01 1.548498706713748163e+01 1.468741078920234777e+01 1.331806846996976468e+01 1.216422240439624858e+01
3.220491633300639922e+00 2.788822142935273973e+00 2.434661541411455410e+00 2.249356301632302380e+00 2.088081614031775946e+00 2.025448320353047116e+00 1.964795267891148223e+00
8.464607418550406104e-01 8.244298035131223390e-01 8.029680608484531801e-01 8.242901038234314859e-01 8.473405874166198837e-01 8.531472172265955889e-01 8.591572418632033026e-01
3.639895144383555881e+00 2.706217595510425511e+00 1.945585855776417405e+00 1.820230561005843573e+00 1.699715143121185656e+00 1.651918475708118228e+00 1.606248111842155879e+00
3.327377994382893167e+00 3.250474639456784498e+00 3.165621284972748306e+00 2.922322185093149560e+00 2.705023085303154051e+00 2.583005160772248399e+00 2.468692850263230376e+00
8.563581777383534543e+00 8.198158294695440773e+00 7.850114194361442088e+00 8.539519136965678214e+00 9.340806169844993789e+00 9.191166077656763633e+00 9.046472058594718035e+00
5.357332979577953402e+00 4.736506561718456965e+00 4.128094196990979015e+00 3.839668562192882106e+00 3.578815707563991921e+00 3.530846345001666720e+00 3.482855578067812097e+00
2.222394534930109522e+00 1.157124035538035001e+00 6.040796712026371695e-01 5.706357813632354503e-01 5.399682975368214066e-01 5.204094935224305996e-01 5.004422145649654041e-01
1.226860694685399489e+00 1.063840941686089669e+00 8.235669722924530145e-01 7.163651149875585045e-01 6.234844857706496324e-01 5.604464673439587541e-01 5.035535102623206472e-01
5.058493120009563171e+01 3.687827532209796288e+01 2.866754040741577469e+01 2.579354359208466008e+01 2.335078147701167595e+01 2.165361273668317565e+01 2.003602046672846271e+01
1.112027271079832680e+00 9.682097800921271036e-01 8.520998623876857581e-01 7.484586298524471548e-01 6.831537244084937566e-01 6.683311954953834455e-01 6.538116563617993870e-01
5.681767472491334736e+00 5.483496068044066085e+00 5.303427541034276160e+00 5.057352156068326110e+00 4.836169659593241299e+00 4.768648644271827663e+00 4.702984118028305183e+00
1.137775496719709878e+01 1.068259940564549737e+01 1.000837002830882838e+01 9.908375699212699672e+00 9.809931388821587106e+00 9.776586200177131758e+00 9.741959502722208342e+00
1.213879022012943398e+00 1.068156690103909234e+00 9.536718605290972484e-01 9.135661727019106504e-01 8.886297002136651635e-01 8.652282794792657272e-01 8.434810171827031855e-01
5.675399562580918378e+00 4.786625813446227617e+00 4.080058624594858685e+00 3.902969478099236778e+00 3.738200451193611329e+00 3.612442560606550224e+00 3.491208395655553964e+00
1.434037214471837984e+01 1.263728282123130420e+01 1.115823562940332181e+01 9.743120501530773581e+00 8.646517711782989224e+00 8.257263996215087332e+00 7.886931826958403668e+00
1.525440322429539863e+00 1.191759264935072338e+00 9.393683428133858815e-01 9.039113306154309413e-01 8.733724926181991588e-01 8.642430363889685996e-01 8.550231322296034664e-01
3.136339706866071442e+00 2.678844980806457610e+00 2.244839038634637074e+00 2.111416448376063126e+00 1.984059064106510784e+00 1.834762052813165401e+00 1.699826264916850960e+00
7.933161241791861329e+00 8.004277449677815071e+00 8.076826325658029049e+00 7.896126223212228901e+00 7.744576943186475049e+00 7.793752990303816297e+00 7.845352144652439463e+00
1.929939033007063376e+00 1.811998217548380641e+00 1.662780095832426364e+00 1.595736501347790215e+00 1.532733414440394126e+00 1.427120068023600918e+00 1.331866262571254067e+00
5.832732673478848717e+00 5.278619405979702250e+00 4.762205268528591162e+00 4.372034873754567563e+00 4.017486249100204354e+00 4.007140745913551072e+00 3.996908586320278900e+00
1.494194106193033278e+00 1.279582315563360551e+00 1.031941184159629987e+00 8.611317205930058005e-01 7.150883621556819447e-01 6.204971454254749608e-01 5.339406687180879851e-01
4.103550433708766043e+00 2.926448078616046722e+00 2.155747978785472085e+00 2.132003297659214702e+00 2.106925568822235917e+00 2.053820203458389670e+00 2.001146943661578081e+00
8.988803898255081082e-01 8.829570624289678760e-01 8.675672974468011667e-01 8.518637230348580225e-01 8.367190853205448420e-01 6.420305137570673226e-01 4.517322534027583547e-01
1.709711462305195440e+01 1.660027960211925802e+01 1.616322546320272124e+01 1.599062578376770993e+01 1.583523538731127722e+01 1.552023497010285702e+01 1.520600023737384632e+01
3.385720900795092803e+00 2.726426715265769296e+00 2.283599646607847866e+00 2.289247563447311506e+00 2.294921331081585247e+00 2.239439905122291297e+00 2.187781178090351997e+00
2.053998556578572554e+00 1.764270297131862231e+00 1.520626135406726087e+00 1.397571942781011378e+00 1.288648526750224343e+00 1.233092250938362167e+00 1.180202054844905479e+00
6.377181964270093317e+00 6.091904550866582113e+00 5.826660866829999286e+00 5.524515181671452169e+00 5.258532435528556093e+00 4.838007347079465781e+00 4.472281599545475217e+00
4.116923554048378620e+00 3.607266268875481963e+00 3.046002535007948708e+00 2.580315629939441191e+00 2.240128316742389991e+00 2.147301886226733014e+00 2.060970717593355594e+00
4.095285076139547620e+00 3.405053826011609441e+00 2.858633166066909315e+00 2.778138257323698568e+00 2.697329222810959326e+00 2.644247636118527645e+00 2.591362105015600825e+00
2.401454437549972010e+00 1.910921852050484482e+00 1.424257669671018078e+00 1.519992377787169335e+00 1.611636639497253887e+00 1.582493997415667542e+00 1.551769618151556340e+00
