4.124403903788003145e-01 3.705877993919053370e-01 3.270353003686838900e-01 3.088096387926683728e-01 2.902810039241742190e-01 2.757654350770716301e-01 2.616716373944346086e-01
3.050626991414084332e-01 2.055080284298274607e-01 1.315875450347759323e-01 1.240788137593036300e-01 1.173873293677624996e-01 1.141016457633723946e-01 1.111147284488084030e-01
4.408393670860455416e-01 3.346072558223602833e-01 2.434215853382470651e-01 2.384827297243681810e-01 2.342919289491609824e-01 2.250697302684109280e-01 2.160922844449296443e-01
1.823825526939914232e-01 1.630844836800010300e-01 1.446675048513808848e-01 1.512167290060595359e-01 1.571986288043442925e-01 1.494261845964852953e-01 1.419567198765350757e-01
4.345583886616125602e-01 3.206356955072844905e-01 2.192897903099818024e-01 1.687774761366402643e-01 1.280466687700854977e-01 1.099814575409615719e-01 9.401113392345075703e-02
2.525202642315968471e-01 1.937230533986193659e-01 1.564591065185337859e-01 1.429715962441987231e-01 1.326786541681476417e-01 1.227744113329327230e-01 1.131225009486580696e-01
2.694080524904166607e-01 2.592256105381285924e-01 2.499715736474494299e-01 2.354442762890585072e-01 2.226915392337220911e-01 2.097280397832256005e-01 1.970138451744187502e-01
0.000000000000000000e+00 0.000000000000000000e+00 0.000000000000000000e+00 0.000000000000000000e+00 0.000000000000000000e+00 0.000000000000000000e+00 0.000000000000000000e+00
4.240810427379314573e-01 3.672334473882224448e-01 3.083459719257411469e-01 2.907555507762452085e-01 2.741538186133782307e-01 2.552803099187168634e-01 2.377429364002636436e-01
3.704836754581333769e-01 2.102666638629280826e-01 7.166956294878840117e-02 6.071131599521303879e-02 5.028578557718590275e-02 4.508839854939101360e-02 4.071933290337159672e-02
1.500399023811183064e-01 6.031257789006983644e-02 1.783571529339706904e-02 2.052851558784655681e-02 2.277977765526629020e-02 3.468737257088882336e-02 4.472384134365176012e-02
7.120318948753422417e-01 4.390841027402957453e-01 2.700407845968885168e-01 2.511823847554466860e-01 2.345364501360023279e-01 2.093750245779544550e-01 1.892840143758152960e-01
6.973303842656750628e-01 4.351521632532432404e-01 2.219158958896624290e-01 1.969016542703271033e-01 1.714088235536294913e-01 1.770230611095886530e-01 1.825090440628406585e-01
5.047206681260161254e-01 3.693273537816171848e-01 2.543401333998709934e-01 2.331941884585086444e-01 2.157204496462591936e-01 2.061140204258481157e-01 1.978356593999822111e-01
7.120318948753422417e-01 4.390841027402957453e-01 2.700407845968885168e-01 2.511823847554466860e-01 2.345364501360023279e-01 2.093750245779544550e-01 1.892840143758152960e-01
6.596641131131466551e-01 4.342970804423139097e-01 2.907296306414984266e-01 2.753889948955074440e-01 2.607412490887950351e-01 2.631868603251764638e-01 2.654947001768394044e-01
3.351719604156253030e-01 2.017876544259703531e-01 1.048882782994904894e-01 7.909533443214582238e-02 5.813934811618601262e-02 5.918817189588394811e-02 6.016573038005153945e-02
5.065335112307942089e-02 3.154712487514040736e-02 1.197968317290057719e-02 1.048155859579200447e-02 9.143861802359843152e-03 1.019826487815560061e-02 1.118815951196929469e-02
3.813622511594199627e-01 3.405734974454777131e-01 3.005955924888441544e-01 3.023967502942815910e-01 3.040675449305449418e-01 3.068264723725327991e-01 3.092461225427314830e-01
2.925432602386393022e-01 2.817090216018649507e-01 2.708311040210473752e-01 2.648457145341379659e-01 2.588194431175296351e-01 2.544071555729820466e-01 2.500258039862339743e-01
6.562717570827666380e-01 4.121873341751786102e-01 1.833300498624972352e-01 1.645850947745088333e-01 1.461560103159092738e-01 1.545871398915758255e-01 1.628754663301088534e-01
3.999115307425781252e-01 3.221956407467500005e-01 2.409396253416570544e-01 2.188069821862319575e-01 2.014627675802679596e-01 2.034520086691628260e-01 2.052757369852061253e-01
3.974755804935263814e-01 3.749221680739060480e-01 3.513140371446029087e-01 3.344344010212065843e-01 3.153622821452151115e-01 3.095476704523583145e-01 3.034780038777505906e-01
7.120318948753425747e-01 4.390841027402959673e-01 2.700407845968886278e-01 2.511823847554467415e-01 2.345364501360023557e-01 2.093750245779545105e-01 1.892840143758153515e-01
7.041831457863708676e-01 4.425649460886270092e-01 2.013336532559455161e-01 2.013316203393598902e-01 2.013297957842064556e-01 1.929137981381898459e-01 1.853233349059179025e-01
4.290703082430447624e-01 2.237439185720294377e-01 7.640322653222571259e-02 7.213018349909947058e-02 6.847360719685030572e-02 6.515929730786579333e-02 6.228305320192541877e-02
2.216247061550459252e-01 1.792216025573901417e-01 1.438384809341119452e-01 1.624349013466592773e-01 1.764725584389239543e-01 1.895758344803318285e-01 1.976502958618902017e-01
1.932940784031503267e-01 1.918035858906275426e-01 1.904711911508014943e-01 1.882832257124462949e-01 1.866965077368513692e-01 1.608705454131928447e-01 1.362062743247834384e-01
1.479955404220615334e-01 1.366660676402028929e-01 1.264787403509897434e-01 1.202868768961496693e-01 1.144004096242603463e-01 1.028549025280515034e-01 9.173839463354331591e-02
1.090402413464855863e-01 8.587501669010877414e-02 6.241390191695252165e-02 6.439545679604599671e-02 6.632214159697907840e-02 6.523259940968717530e-02 6.425407091225718292e-02
1.502053839582245531e-01 1.115659709742715527e-01 7.573604409329455500e-02 7.017809148953332854e-02 6.502013189634503476e-02 6.048849338560537137e-02 5.629755375126926920e-02
4.480021238273564910e-01 3.391670986531116205e-01 2.286867335918378596e-01 2.157317098470759309e-01 2.031572117468750105e-01 1.843223437239757123e-01 1.665155659824942291e-01
4.424571687790620489e-01 2.860448489583791165e-01 1.316986770567334097e-01 1.258459789793790473e-01 1.205905302562485515e-01 1.263928643105130256e-01 1.316501992426577783e-01
4.464552366116146809e-01 3.580890414995855364e-01 2.874251726116473504e-01 2.926283630592478868e-01 2.970214444752623528e-01 3.014869966927304912e-01 3.055553131217816909e-01
3.721100521677679351e-01 2.105853228630049367e-01 6.627342336110290943e-02 5.254208408439254435e-02 4.129715757335165882e-02 4.081015191118989027e-02 4.033267452476645837e-02
1.374738325846998621e-01 1.302570766854384277e-01 1.229375614227617985e-01 1.240274283155098078e-01 1.250225066989740785e-01 1.221298780420851521e-01 1.192129865970588259e-01
5.470631450755623071e-01 4.515787642896371135e-01 3.242179397368749605e-01 3.264571377539499664e-01 3.285242432619900343e-01 3.294934643276367092e-01 3.303517290525165850e-01
4.412804716018569051e-01 3.078897420366401572e-01 1.778305763857101762e-01 1.648453483866330060e-01 1.523862576264357893e-01 1.383367975598984723e-01 1.253730699435541274e-01
4.668234586200254999e-01 3.219750794290296980e-01 1.950449902394297552e-01 1.506616556386818351e-01 1.144050914718586082e-01 9.583083898017555335e-02 7.967694657962330618e-02
8.291671465195450397e-01 4.905069571866310096e-01 2.973017844708311652e-01 2.635437040034003808e-01 2.264901590546677113e-01 2.254902016527977893e-01 2.245257283305389373e-01
4.408393670860455416e-01 3.346072558223603388e-01 2.434215853382470651e-01 2.384827297243681810e-01 2.342919289491609824e-01 2.250697302684109280e-01 2.160922844449296443e-01
6.190824972120821945e-01 5.632166903773945243e-01 5.202889942917695576e-01 4.293908225215430918e-01 3.785911021910937091e-01 3.382918249412696921e-01 3.083960067812452355e-01
6.394033534718848721e-02 3.995649948234956950e-02 1.498042581138552508e-02 1.488033515994463367e-02 1.478339613435446231e-02 1.779220618678036339e-02 2.086488049831346919e-02
4.064982307767743275e-01 3.560819823439360099e-01 3.050516128912647562e-01 2.957291511472008305e-01 2.869953864372293273e-01 2.777927799116168828e-01 2.694546305363386685e-01
5.691403317059515882e-02 3.905615209275354466e-02 2.067412332042998374e-02 1.832574867613584110e-02 1.622205389142575976e-02 1.805147657685880064e-02 1.977222984454371849e-02
8.978042275046940190e-01 8.548895477673966736e-01 6.124380366926023278e-01 6.105849070052858929e-01 6.089693364474462189e-01 6.071033216327117454e-01 6.052444781730140777e-01
2.515236636551178573e-01 1.791914191857079397e-01 1.152718622948983168e-01 1.098519648576383456e-01 1.049617210723331473e-01 1.052549727741408508e-01 1.055197988835952366e-01
6.775359883997864596e-01 4.829587575261804488e-01 3.141168845972389656e-01 2.969310031174696163e-01 2.842283017332096207e-01 2.648007250432645177e-01 2.488848162645651008e-01
