4.141696577742552954e-01 3.681563405551583346e-01 3.214327376530908831e-01 2.903756817137398971e-01 2.602388446350110129e-01 2.419677095838033698e-01 2.254145819628765590e-01
3.048115491012823863e-01 2.130956850756302312e-01 1.397440594097661970e-01 1.306985882201146532e-01 1.226468836656352673e-01 1.190829095450702535e-01 1.157595427611789324e-01
4.361495499458887259e-01 3.341276049746552679e-01 2.394015152718317885e-01 2.098342556903859402e-01 1.802482232844476173e-01 1.694919068174592092e-01 1.584783022068469160e-01
1.762174739078453956e-01 1.518848131312785787e-01 1.289405626751265743e-01 1.345317095074499425e-01 1.396467207894667162e-01 1.315521096611075025e-01 1.237315864135777183e-01
3.234924728251826753e-01 1.378951150258836689e-01 3.566895432245791725e-02 4.081346367586454610e-02 4.532699525128434243e-02 4.658639504739817833e-02 4.787977057033241529e-02
1.977583470661659348e-01 1.741310119867783834e-01 1.618023036304963580e-01 1.546905743816841539e-01 1.487006579858130839e-01 1.279270847204217465e-01 1.077489778102351248e-01
2.718526712835573345e-01 2.393584634164764025e-01 2.145446443034550454e-01 1.996640127139742427e-01 1.866898040705398110e-01 1.736523336813945162e-01 1.619116379310002740e-01
0.000000000000000000e+00 0.000000000000000000e+00 0.000000000000000000e+00 0.000000000000000000e+00 0.000000000000000000e+00 0.000000000000000000e+00 0.000000000000000000e+00
4.082197697233694855e-01 3.065185148984327368e-01 2.094101134757835880e-01 1.754875547496085320e-01 1.480462182083706335e-01 1.421451324623581591e-01 1.365143873337724134e-01
3.693283552049063667e-01 1.992257946737293062e-01 6.076978181290174086e-02 4.052902838087708848e-02 2.537122947778191334e-02 2.600340979944439773e-02 2.663585696624657176e-02
1.534284714348541634e-01 6.127985419715645254e-02 2.013760462061264800e-02 2.265568560607038318e-02 2.504870353805313185e-02 2.185885401804464265e-02 1.929743048464748270e-02
3.671212517941950249e-01 2.071724503576375942e-01 6.269512996028853147e-02 4.990698776274388876e-02 3.699680063381829281e-02 3.542458412589955669e-02 3.393752707549772818e-02
7.101784918257868506e-01 4.411624479014893963e-01 2.233703176153259418e-01 1.958971617441184476e-01 1.661879013654678217e-01 1.648008995317504499e-01 1.634532715991576235e-01
4.923126173987564802e-01 3.577692440465568002e-01 2.332675628279168023e-01 1.979371174515724141e-01 1.638135766403835403e-01 1.599003696137956954e-01 1.559950967971427960e-01
4.839665734919140760e-01 3.693630129707179410e-01 2.230526449004711642e-01 1.778317038622827806e-01 1.355427764713284522e-01 1.310100091382805088e-01 1.264859497516732378e-01
4.782605300424814798e-01 3.695806469732155208e-01 2.605401487237163916e-01 2.412154876794067870e-01 2.232145552928386234e-01 2.242149977622195645e-01 2.251415498880027510e-01
2.900762803748399912e-02 2.784593810781916395e-02 2.672540387708729342e-02 2.607347077045964884e-02 2.544271774893722138e-02 2.451067590560031609e-02 2.360680726130591489e-02
5.332492506993543463e-02 3.197467725111727277e-02 1.101109130725334839e-02 1.460717878939844956e-02 1.754637385798996432e-02 2.469320394815548506e-02 3.036362366072963004e-02
3.610690172077284932e-01 2.919971249262062196e-01 2.344460407447227224e-01 2.058367828077891093e-01 1.813772258742350763e-01 1.704264571292197217e-01 1.601372939319423983e-01
3.028660928580848566e-01 2.996374399031100366e-01 2.966111218304869901e-01 2.790044845589043643e-01 2.587285923886078476e-01 2.424740963212377309e-01 2.242664514804022513e-01
5.365939080977200071e-01 3.406671397351701547e-01 1.688856734752413324e-01 1.495178225754056067e-01 1.310161580106901924e-01 1.274577391582626118e-01 1.240163874504964792e-01
3.656816273491397262e-01 2.626309072150879165e-01 1.625334462985163764e-01 1.491633451289740009e-01 1.361514694263055436e-01 1.302709069661225350e-01 1.245065362457237756e-01
4.177519668360351046e-01 3.189306563386102300e-01 2.355236798641728579e-01 2.002907331491986243e-01 1.650430719524977885e-01 1.503321002614346480e-01 1.364483480977030372e-01
5.585993444204614411e-01 4.065693803895388814e-01 2.359718697689447420e-01 1.887073896093667269e-01 1.475463527685942633e-01 1.400977590371006165e-01 1.329044902495933045e-01
3.234924728251830084e-01 1.378951150258837521e-01 3.566895432245793807e-02 4.081346367586456692e-02 4.532699525128437018e-02 4.658639504739820608e-02 4.787977057033243611e-02
4.069770236669977281e-01 2.427568763895034398e-01 9.651504203258533254e-02 8.421582941327067362e-02 7.305300487935000031e-02 6.755861650636946214e-02 6.249041926430976696e-02
5.406713995044677007e-02 2.514236348217349995e-02 1.351477479838369446e-02 1.443309648790848908e-02 1.533790474975385565e-02 1.201979111913436919e-02 9.607338431259600936e-03
2.239635525841582042e-01 2.429931900144539081e-01 2.576253992857801545e-01 2.398799133950468565e-01 2.286158774318920450e-01 2.302845563538665763e-01 2.317538613862993591e-01
1.481729117141305507e-01 1.311264896173214012e-01 1.160663321290573147e-01 1.003570879992281700e-01 8.579974465446035814e-02 6.958719496667123416e-02 5.389773541903539189e-02
1.072542416151224670e-01 8.625447161126324758e-02 6.565506799949592798e-02 6.713661914067084457e-02 6.858697084637484231e-02 7.027760953475745143e-02 7.195144513127574304e-02
1.296199629868251355e-03 1.176884491557638997e-03 1.077683735025460488e-03 1.214402732207090357e-01 1.900286775481247470e-01 1.681553663551769440e-01 1.496397690418451165e-01
4.472487994823969304e-01 3.157754875303788178e-01 1.974591860792526687e-01 1.556429619061865943e-01 1.156159965311556737e-01 1.127074622333390369e-01 1.098553599457611774e-01
1.415451048257646283e-01 9.553527635687582287e-02 5.709523196284445323e-02 6.198607795288332833e-02 6.571000314080990834e-02 6.903423522672172408e-02 7.199009001645542694e-02
4.494066349066195842e-01 3.897700022170875189e-01 3.378343689923640203e-01 3.443984533110890922e-01 3.487753765328984179e-01 3.464861518716258471e-01 3.445665280434853650e-01
3.432876126405897121e-01 1.923979309781088665e-01 6.447382760889058817e-02 5.354520293660514074e-02 4.348499597039960640e-02 4.054464637651408743e-02 3.779702417348222016e-02
8.450436512536679823e-02 6.885169264240029174e-02 5.311613748167901689e-02 5.807040761361938197e-02 6.228503267802516785e-02 5.425181289873533264e-02 4.654488967329882543e-02
4.689489146781646856e-01 3.937630657383799915e-01 3.107944276612037426e-01 2.794975850717413834e-01 2.482042605028294269e-01 2.166097278329210396e-01 1.890152653601508970e-01
4.406152479772751374e-01 2.912477525295812386e-01 1.533726457678262767e-01 1.214210078592068420e-01 9.212101670308750490e-02 9.126513114559979545e-02 9.042555864318041481e-02
4.502814229795454315e-01 3.035572749970676942e-01 1.713665902559694809e-01 1.451789962243548726e-01 1.224827170983869562e-01 9.821582537113500433e-02 7.626622956236420170e-02
8.319756782727026900e-01 4.816888654066057152e-01 2.902648300170294071e-01 2.486905784758317306e-01 2.036789633521007281e-01 1.945184626107413495e-01 1.859518577652546356e-01
2.900762803748401647e-02 2.784593810781918130e-02 2.672540387708730730e-02 2.607347077045966618e-02 2.544271774893723873e-02 2.451067590560032997e-02 2.360680726130592530e-02
4.440137596948485754e-01 3.672154110937482785e-01 2.956421388883005985e-01 2.921249548835554988e-01 2.890273711622547426e-01 2.662223067421459755e-01 2.430844008946105306e-01
5.804815526962580491e-02 9.008159191581548153e-02 1.150161736449042543e-01 1.182724753533228035e-01 1.207808019026937879e-01 1.378101369521051722e-01 1.507495287061769995e-01
3.956730104802079762e-01 3.178439805648681227e-01 2.516473050299549707e-01 2.252237519992289771e-01 2.021192866940798860e-01 1.911807262286344400e-01 1.811254573422183545e-01
5.844819513110323383e-02 3.797454602771162258e-02 1.779448161588671751e-02 2.148213268222374378e-02 2.451533657903016625e-02 2.891689505598363935e-02 3.250588022338601890e-02
6.395745487121056172e-01 4.718847941359219367e-01 2.814625847169862083e-01 1.786840805460316040e-01 9.331337704574009517e-02 9.051003308564073424e-02 8.766996646735369936e-02
2.493904096651538560e-01 1.699667264606314898e-01 1.033828203673048951e-01 8.964865303400172680e-02 7.593611363818808524e-02 7.401259201415426314e-02 7.210392318181167715e-02
6.741341082346392621e-01 4.957636004398445762e-01 3.062581967505655922e-01 3.074446771912873189e-01 3.085547342651122071e-01 2.957751616301291797e-01 2.813884049751189109e-01
