4.149406819508597577e-01 3.888526834944491251e-01 3.626953638403763169e-01 3.521302663045213777e-01 3.424895891300879791e-01 3.293005874494235874e-01 3.172965541119815436e-01
3.049085165044680412e-01 2.478251107419235100e-01 1.962627988127006173e-01 1.740051213277765130e-01 1.561931405562349551e-01 1.525811961766748992e-01 1.491388819097597684e-01
4.577622249533241372e-01 3.195498154985660921e-01 2.108911418509759605e-01 2.086979973200998595e-01 2.069176978762951591e-01 1.988647304657118475e-01 1.909160687963697978e-01
1.864247199622612317e-01 1.660742167126920410e-01 1.466675155757694304e-01 1.451858462035949260e-01 1.437711762560606732e-01 1.307523473891337995e-01 1.183191085196959036e-01
4.313815935053847417e-01 2.802168324468862215e-01 1.733798808429313776e-01 1.634278978937414306e-01 1.556020740259101975e-01 1.332282677872320686e-01 1.146531934709589390e-01
2.751745704813964855e-01 2.282586344299219472e-01 2.066692480325906245e-01 2.321629605342036273e-01 2.464741671891829133e-01 2.479839875227893564e-01 2.493032964846824684e-01
2.778053839167707872e-01 2.565195018874686927e-01 2.377694641422286870e-01 2.292007635790945796e-01 2.216155225791143490e-01 2.082790077173067023e-01 1.964936288385573382e-01
0.000000000000000000e+00 0.000000000000000000e+00 0.000000000000000000e+00 0.000000000000000000e+00 0.000000000000000000e+00 0.000000000000000000e+00 0.000000000000000000e+00
4.082404685233475550e-01 3.222232145126036618e-01 2.457849309434552432e-01 2.337839610958388492e-01 2.251313501622649038e-01 2.106028916287060737e-01 1.978331087482066153e-01
3.712459844140071352e-01 2.755899797244060756e-01 1.717402816905375662e-01 1.356382883869056144e-01 1.094809097053070501e-01 1.078582623832417542e-01 1.063849401810207235e-01
1.605823098413807493e-01 6.783523230493691825e-02 2.889612403110983219e-02 4.475660293084086222e-02 5.770537181650065711e-02 6.011004078720023208e-02 6.206273737982682948e-02
4.139339797229873441e-01 2.648688312824685198e-01 1.339023935424784040e-01 1.187223494964876891e-01 1.055822366137075252e-01 1.049517174305147765e-01 1.043877822363390440e-01
7.030964222353338622e-01 4.865054876763190705e-01 3.105928960618935530e-01 3.080997966583321479e-01 3.059477185944218247e-01 3.061918188619954795e-01 3.064265881293189997e-01
5.092686221547605419e-01 3.367828579468020167e-01 2.178408065672010063e-01 2.161698685880190096e-01 2.147908540477576622e-01 2.053640102804913381e-01 1.976290423376861616e-01
5.153953629445153783e-01 3.735195514945475193e-01 2.428137072840419464e-01 2.272465921551003742e-01 2.159096052045501868e-01 2.160310710024830605e-01 2.161368366585051382e-01
4.666693661939155247e-01 3.960394836173085076e-01 3.306102284662568169e-01 3.278031147967587211e-01 3.248677251376134723e-01 3.253388047844162356e-01 3.257972730560313446e-01
3.250833824464397503e-01 2.262064168411823950e-01 1.513124657733375955e-01 1.253049063379438888e-01 1.024886533005207045e-01 9.708859322173120365e-02 9.268372984147348059e-02
5.608044306044382421e-02 3.424868494434461785e-02 1.293479081044138571e-02 1.586395866439035268e-02 1.822975023271446171e-02 3.579442688863966604e-02 4.998350546118821708e-02
3.656741039614519462e-01 3.149463678827198465e-01 2.658473892323799381e-01 2.664992332675373277e-01 2.671177216268946775e-01 2.537897105273001497e-01 2.419186515041193974e-01
3.037058009814890824e-01 2.934148388300598653e-01 2.831329952032542452e-01 2.659917325636774743e-01 2.484969537796487271e-01 2.220199678324240866e-01 1.952587456111068709e-01
5.235080586327941488e-01 3.077284708198645413e-01 1.595337691810345959e-01 1.804470085613206765e-01 1.971290630751778572e-01 1.911063014915915237e-01 1.859647184900519723e-01
3.881535950583010486e-01 3.041324386858271778e-01 2.175448970104257862e-01 1.973845187991446204e-01 1.814792342954064108e-01 1.734875953780932734e-01 1.660804385758234136e-01
4.162830449854573178e-01 3.635916785161042442e-01 3.123113157611499546e-01 2.898385750732725419e-01 2.633996519520084290e-01 2.524540021153086622e-01 2.418646751718883658e-01
5.682483242997963258e-01 3.857465027265104540e-01 2.191014023138479760e-01 2.136936660399280652e-01 2.095875094364412217e-01 1.989328198931328284e-01 1.901720157016419110e-01
5.178987939901946724e-01 2.652536029511584070e-01 1.111812284408218721e-01 1.243128135052800898e-01 1.339054741891486100e-01 1.356377890397237607e-01 1.370794639807738635e-01
4.535350071972283348e-01 2.296159757444514449e-01 8.259864763902365070e-02 7.577800742804477463e-02 7.121728695159375289e-02 7.709341780126578725e-02 8.204837842128795411e-02
2.176279153483801354e-01 1.697849798027934731e-01 1.292550011498778406e-01 1.721241456611390663e-01 2.028167557383569464e-01 2.089214144002830287e-01 2.142297500510281505e-01
2.187786822080306504e-01 2.190402016192557200e-01 2.192843137738694492e-01 1.960447831322590373e-01 1.773202214463185378e-01 1.439723161679180852e-01 1.129760925462347521e-01
1.563150381661334576e-01 1.381268321680630962e-01 1.220977215982636394e-01 1.083472518641928339e-01 9.542133334845719073e-02 8.311265494733048598e-02 7.163133122850624812e-02
1.368156805831784451e-01 1.016154965720868358e-01 6.637394634501372903e-02 6.870142964179179468e-02 7.075409518174599621e-02 7.263260726332437800e-02 7.440010779152120279e-02
1.669357310835747066e-01 1.505684100359592770e-01 1.364176966817239323e-01 1.410532716276042542e-01 1.452564523028923860e-01 1.571644607084388690e-01 1.681378937205969260e-01
4.511660241980572361e-01 3.179176566065717302e-01 2.014142507732002985e-01 1.930083089138991959e-01 1.841018879122923724e-01 1.760782978546759636e-01 1.681091729277066904e-01
4.539198878436498941e-01 2.896443141326206505e-01 1.437222641716951466e-01 1.476371182197463994e-01 1.508024837153386644e-01 1.543109144793165799e-01 1.573840295083463736e-01
4.450743531150654353e-01 3.949073510847168622e-01 3.487785133550857508e-01 3.457049846810947846e-01 3.427945590177657320e-01 3.339902978780738829e-01 3.255203399432755607e-01
3.873841456825381502e-01 2.140441311711214489e-01 8.014122127427278364e-02 8.159645097091634824e-02 8.287498134903749369e-02 8.718772015676509723e-02 9.117323270008872993e-02
1.411912385779321155e-01 1.375402982275534813e-01 1.339836894423765412e-01 1.324583188325937910e-01 1.310875792170742016e-01 1.127822361080850627e-01 9.590945327815644794e-02
4.809345919043296336e-01 4.012063842549418169e-01 3.100997702588756399e-01 3.298064021193027329e-01 3.460038158321313562e-01 3.165863942245871754e-01 2.915930855332509175e-01
4.421767336272375837e-01 3.158428098381502180e-01 1.987852482907758178e-01 1.777481648651597634e-01 1.583744529829777536e-01 1.530675159794135931e-01 1.479712860228478422e-01
4.734266287275201157e-01 2.844992589477106093e-01 1.523560738919127189e-01 1.370444738097316151e-01 1.251984587909637514e-01 1.123506104063413946e-01 1.016649793328578133e-01
8.248484426563181815e-01 5.405494784614488513e-01 3.808800529051613593e-01 3.705644642732160987e-01 3.604939850274871405e-01 3.477655047668119503e-01 3.358751574275404272e-01
4.023926854352399829e-01 2.656733368640435966e-01 1.620644777853472440e-01 1.509956200421530004e-01 1.426875604591706925e-01 1.321263154297417086e-01 1.231462680027617662e-01
4.404160726631991540e-01 4.175531500160598597e-01 3.935778996515688632e-01 3.609181158942830758e-01 3.325557081103602819e-01 3.291267751905624372e-01 3.257675955319030980e-01
5.887555012552803807e-02 5.824889138684668372e-02 5.766136928533271977e-02 5.836333134584401755e-02 5.908360052101867266e-02 4.841992189782063499e-02 3.848872861302363863e-02
4.002799121698048523e-01 3.463676560383447400e-01 2.968023354804167901e-01 2.939003811073849226e-01 2.914186773711789358e-01 2.763721898699969537e-01 2.632602195131378831e-01
6.304795082555179897e-02 4.226469518639266315e-02 2.174593349215674098e-02 2.436211041513005812e-02 2.648563687621837553e-02 4.096256271359900031e-02 5.296426006219168148e-02
6.416454335634884654e-01 5.261274699774974861e-01 3.463675301933751838e-01 4.411542488908906101e-01 5.119742652891320356e-01 4.768651260837712957e-01 4.460445609710128601e-01
2.558812309853201739e-01 1.703994344588783405e-01 1.077758225940615711e-01 1.149896581023683723e-01 1.215114454832922214e-01 1.206731417240713283e-01 1.199644414467780917e-01
6.778206530131385410e-01 4.637964387155212309e-01 2.900815234912038632e-01 2.874876007595220662e-01 2.854282360524483808e-01 2.774001214565258722e-01 2.705356734730633983e-01
