4.142010382277465652e-01 3.707663761220564291e-01 3.269128025773800905e-01 3.030398981587543727e-01 2.818347814239949845e-01 2.712136712134040062e-01 2.614116381413773005e-01
3.028848940759688579e-01 2.255290040114930061e-01 1.596985418524519695e-01 1.461101387856041933e-01 1.348765793693522674e-01 1.298762245465364673e-01 1.252913846094067807e-01
4.557742830214959739e-01 3.138548684342890582e-01 1.999049077559278964e-01 1.930370726190305808e-01 1.868690736780781181e-01 1.630998673577236380e-01 1.409617145218951539e-01
1.835300243146177623e-01 1.596486058971069433e-01 1.364193680212810456e-01 1.373341523577381040e-01 1.381915621601139399e-01 1.284162218750163342e-01 1.189224646775072641e-01
4.284667953910551996e-01 2.587858125498739281e-01 1.382056865897130782e-01 1.323033220202068927e-01 1.276861973032363817e-01 1.071246688025245530e-01 8.994665630699294478e-02
2.640171768068800273e-01 2.165766590451026485e-01 1.950733178475639873e-01 2.226454799839628351e-01 2.382942097846243446e-01 2.470262728782948169e-01 2.546384387522327430e-01
2.744559167415884793e-01 2.555457018875525455e-01 2.388482996933715685e-01 2.257771406786243107e-01 2.138670484817453421e-01 2.002128335351153199e-01 1.881952431246727842e-01
0.000000000000000000e+00 0.000000000000000000e+00 0.000000000000000000e+00 0.000000000000000000e+00 0.000000000000000000e+00 0.000000000000000000e+00 0.000000000000000000e+00
4.075300280053059110e-01 2.927467151192682526e-01 1.961112782369261454e-01 1.736338278493882448e-01 1.575064035065801282e-01 1.536433219917565929e-01 1.501108301789978450e-01
3.702651470934789080e-01 2.283068566115462605e-01 9.192606769602663930e-02 7.688631866692657857e-02 6.394367751619921270e-02 6.199403708074560648e-02 6.019117815094916085e-02
1.574325827447372872e-01 6.218775445366039184e-02 2.364160511477486279e-02 3.557630077576675459e-02 4.538854413340906446e-02 4.755506206694835175e-02 4.938509923295050785e-02
4.132258225120505335e-01 2.451422219705757799e-01 1.090000053716001227e-01 9.116212226144917996e-02 7.614517420113060819e-02 7.162831696789258296e-02 6.757778198904897116e-02
7.022567321098869275e-01 4.610050653619165995e-01 2.555670381042831063e-01 2.342238453019284405e-01 2.146790530585784840e-01 2.287452930402674445e-01 2.417459230261041758e-01
5.087521545045239346e-01 3.204034518410366350e-01 1.895498585137555814e-01 1.883527532631972534e-01 1.873706969482090146e-01 1.741463461725505368e-01 1.633397344955744290e-01
5.143349778867651878e-01 3.503781103669896257e-01 1.951437666597202747e-01 1.796297942573766016e-01 1.686159917032743483e-01 1.632227768343855467e-01 1.585829596993127422e-01
4.661140135732674272e-01 3.696347477545331994e-01 2.741989785997368534e-01 2.507144106370536307e-01 2.264394181236796810e-01 2.241073244992680957e-01 2.220025639680916485e-01
3.245176995200254599e-01 1.983451792123309687e-01 1.094591994981058553e-01 9.256719321185527538e-02 7.905883214801306957e-02 7.590066533987681330e-02 7.316613550466211091e-02
5.502691808085690556e-02 3.275828227558762185e-02 1.149250165383513579e-02 1.192307577973956111e-02 1.227010829595607568e-02 2.567430137181456185e-02 3.644503998841312764e-02
3.646759758305865851e-01 3.113671606759471633e-01 2.600275922821842500e-01 2.528630200284711083e-01 2.461029732919320923e-01 2.365830451654941380e-01 2.279506828874352797e-01
3.026582484513701266e-01 2.924823460195798419e-01 2.823061624604441544e-01 2.665007824901149958e-01 2.500727832198407219e-01 2.250006253073117413e-01 1.994003537385088398e-01
5.229330792343876988e-01 2.951240960643167766e-01 1.361072002067636733e-01 1.417661945751839958e-01 1.463629987934766119e-01 1.447297695608811552e-01 1.433497466488274086e-01
3.876358752490725035e-01 2.919494100600262820e-01 1.923146521857464208e-01 1.759025048766338084e-01 1.629406327830340562e-01 1.557561332326957149e-01 1.490546534113804389e-01
4.162291430521677382e-01 3.427653334792300499e-01 2.728711498847613548e-01 2.401481025869289521e-01 2.067763659498945139e-01 2.018160381100602696e-01 1.968318643102068555e-01
5.671721451602245168e-01 3.712060460215689806e-01 1.922181995189165549e-01 1.810113207288648607e-01 1.725003900505415744e-01 1.572041675289382878e-01 1.448442230970220235e-01
5.147741209547498364e-01 2.559471394973544811e-01 9.534771693157415018e-02 1.032577977417479670e-01 1.091223866988828423e-01 1.090751046379955236e-01 1.090361313657804698e-01
4.516587102202970772e-01 2.199626208781385872e-01 6.990429636545249237e-02 6.684276990646255412e-02 6.477803503054312129e-02 6.545363785796212697e-02 6.603278837956845504e-02
2.154874220422702824e-01 1.553723286271848358e-01 1.027159572273384641e-01 1.321791680531553270e-01 1.552692672100768057e-01 1.779957684193119172e-01 1.962989915343109071e-01
2.216268815134427583e-01 2.220029280764977131e-01 2.223517315813444695e-01 1.910684712380011641e-01 1.664333614659520011e-01 1.371572697708509925e-01 1.109943807664201809e-01
1.573644044286699184e-01 1.394933417539568898e-01 1.235943404974791521e-01 1.106992271628679247e-01 9.866118729475281679e-02 8.580018426416993749e-02 7.401755055498578095e-02
1.341921959651155571e-01 9.714411500675505795e-02 6.023981379361347671e-02 6.178628783609135117e-02 6.312431006434711389e-02 6.425149526107817866e-02 6.530012599046054744e-02
1.607276302910058963e-01 1.418726713397280570e-01 1.257157478751378121e-01 1.355063219849999001e-01 1.445442011816625294e-01 1.510452503377077982e-01 1.569570410521632375e-01
4.506413177355774180e-01 3.092651263009150164e-01 1.832254551732722114e-01 1.697916822526668590e-01 1.558825878014210298e-01 1.504525574029453860e-01 1.450451120404129546e-01
4.528223839061662481e-01 2.774698177487407436e-01 1.193607890036807589e-01 1.221083796974349045e-01 1.243758395841914194e-01 1.250759101781249993e-01 1.256802461217494671e-01
4.444870463390336313e-01 3.898325903815137439e-01 3.396269991209980854e-01 3.106233490525789342e-01 2.855188167947007583e-01 2.814163080893973268e-01 2.774899480475996327e-01
3.855478760347484379e-01 2.058511242837126887e-01 6.654277852937531823e-02 6.641998704108442730e-02 6.631117477876541377e-02 6.717501418259091972e-02 6.798763466463599026e-02
1.388251251414724663e-01 1.322473463862182952e-01 1.257886331725819595e-01 1.263176220038907949e-01 1.267892124553127720e-01 1.145925645781283725e-01 1.028770899633934394e-01
4.792103398117572022e-01 3.906602296524647744e-01 2.870656043702622395e-01 2.857250682012803522e-01 2.845406818959320683e-01 2.588345883092275646e-01 2.375156881692660760e-01
4.416232920900502457e-01 2.906192759306026607e-01 1.538044016470827002e-01 1.391298512360397144e-01 1.248489588864297450e-01 1.211864882526927228e-01 1.176552505024082429e-01
4.710819560770205250e-01 2.651990805632282733e-01 1.213455146344167013e-01 1.133490334058534083e-01 1.072294158985149376e-01 9.207189510177177239e-02 7.921244864912195538e-02
8.245785274698831380e-01 5.031703805745636471e-01 3.173855088675774927e-01 2.882665956596261458e-01 2.590017942171191634e-01 2.744586295764308015e-01 2.889631751384474367e-01
4.009402464384094755e-01 2.553679942583476636e-01 1.448880739470553569e-01 1.289850762358260849e-01 1.169356421873411211e-01 1.064883044005896229e-01 9.765315653241631033e-02
4.380220021680241160e-01 3.910868743634182687e-01 3.431840156136841680e-01 3.235136912934123421e-01 3.062702587048547476e-01 2.918231385157698532e-01 2.785208222048203286e-01
5.855422733112401745e-02 5.540867370275501247e-02 5.248513100451151353e-02 5.508860011468564438e-02 5.772446332629420362e-02 5.808300085392176237e-02 5.846757562622480892e-02
3.989856186600251320e-01 3.312862122772143314e-01 2.693146893192019942e-01 2.565855680831100050e-01 2.456816391202823469e-01 2.342683989869491501e-01 2.241554591806907970e-01
6.184410274071473756e-02 4.038301496717182359e-02 1.961493306863927241e-02 1.935793266112583594e-02 1.914881640079506633e-02 2.980543302495392358e-02 3.862053431164560319e-02
6.407765524725390627e-01 5.062898937555004863e-01 2.778015384406283261e-01 3.044097193618742758e-01 3.269492444979215651e-01 2.967153390501407473e-01 2.703925268668712634e-01
2.550786459292869734e-01 1.651109906581871289e-01 9.822953707106608923e-02 1.033360082028791094e-01 1.078112731015394288e-01 1.043666528579473007e-01 1.013695123273632981e-01
6.745502389098907425e-01 4.495030911064957224e-01 2.596140523194179761e-01 2.602291703052571625e-01 2.607074431472280462e-01 2.419011251178130595e-01 2.262071324443251652e-01
