4.113727647542259613e-01 3.563570458750875414e-01 2.993199460962583380e-01 2.545836806647783779e-01 2.094678680224740519e-01 1.902001710642989285e-01 1.721262460246702486e-01
3.035469300457744879e-01 1.968562191049412213e-01 1.155084297071952149e-01 1.062389033591872173e-01 9.788527408851555034e-02 9.227708549514408720e-02 8.697724054190628107e-02
4.292757589549408004e-01 3.097685489229329292e-01 2.101319744401596579e-01 1.709114837733187175e-01 1.371833414170841314e-01 1.196888226670179689e-01 1.024206613762183027e-01
1.722786063329166673e-01 1.506134921933702797e-01 1.299293626736276464e-01 1.312310508382184548e-01 1.324501945157743610e-01 1.260076178123685775e-01 1.196621424696130975e-01
3.161131836822730357e-01 1.196974945620162267e-01 1.772659609350306364e-02 1.687283201894460363e-02 1.608994473897134084e-02 1.623777997982146781e-02 1.638870267896128455e-02
1.939686512959629128e-01 1.561763569128126750e-01 1.368729399343610043e-01 1.270509387270513657e-01 1.185629839311206218e-01 1.143382328410913057e-01 1.100638111509720379e-01
2.674389890739309328e-01 2.290795515014129591e-01 1.990550902249909881e-01 1.903054076671263639e-01 1.829107575849995559e-01 1.755249295972713952e-01 1.686268405989178876e-01
0.000000000000000000e+00 0.000000000000000000e+00 0.000000000000000000e+00 0.000000000000000000e+00 0.000000000000000000e+00 0.000000000000000000e+00 0.000000000000000000e+00
4.048021757410855126e-01 2.819227186993142342e-01 1.724659937292797596e-01 1.527621079622752953e-01 1.350517348325853684e-01 1.271654104134104513e-01 1.194885185573587583e-01
3.679019198659655432e-01 2.088925427672435886e-01 5.489204994900424850e-02 4.112963011944711228e-02 3.121936230211715471e-02 3.074737123756668411e-02 3.028187752410831449e-02
1.537817866068401373e-01 7.242070401624536857e-02 2.637419666315366298e-02 2.330403620145354501e-02 2.061307783657376561e-02 1.739657518969357775e-02 1.424814714829197512e-02
3.545834380042784395e-01 2.015177299515097387e-01 5.813568099723246535e-02 4.739292157119926602e-02 3.683052335089758572e-02 3.595193139132294574e-02 3.508894643533289753e-02
7.051379599752741756e-01 4.316559816793745230e-01 1.931618603017746516e-01 1.667364825541001738e-01 1.400197926594012321e-01 1.308736767681102919e-01 1.220278472837603850e-01
4.855423903008344033e-01 2.887573845808284467e-01 1.362394207506538724e-01 1.023818362271168847e-01 7.092633612496113127e-02 5.989622718375602062e-02 4.904118225065469405e-02
4.941786340090281726e-01 3.224497562304282638e-01 1.331874647459845573e-01 1.043982738683574552e-01 7.646727379194331875e-02 7.029872562172509443e-02 6.371612599160798862e-02
4.775579724547506233e-01 3.363150902019319544e-01 1.969443014525669167e-01 1.827435024874040637e-01 1.687288729150838995e-01 1.597541047018583571e-01 1.509946756094234510e-01
2.954149010612060200e-02 2.844107625799885755e-02 2.737753532311893931e-02 2.682082226680462464e-02 2.628392427609647919e-02 2.545346048797805100e-02 2.464172401625269737e-02
5.365325414377173502e-02 3.246431344159085575e-02 1.310266758108615676e-02 1.211226647420404930e-02 1.123266648309491182e-02 8.989560352995383530e-03 7.099456507866520188e-03
3.608593709755217316e-01 2.691155857468805479e-01 1.938449565088813109e-01 1.677387991978245840e-01 1.450181121314001453e-01 1.315474678740090331e-01 1.185027173132283812e-01
3.033955933625003265e-01 2.966206437310965893e-01 2.900207330373871240e-01 2.777422355048874691e-01 2.644683993038246528e-01 2.560917953395591140e-01 2.474217754065073105e-01
5.283738020004603575e-01 3.063762638980495612e-01 1.255232768820276901e-01 1.080162699859350678e-01 9.118519591081382381e-02 8.510102070598661583e-02 7.928750879254398143e-02
3.608658195329374485e-01 2.567225788973167000e-01 1.418133746986013632e-01 1.129878327481528555e-01 8.724271359279653359e-02 7.075648962577295309e-02 5.531139530471462090e-02
4.180252840860876340e-01 3.261735709931776750e-01 2.386902855392836198e-01 2.070813809561747876e-01 1.703427331735108685e-01 1.505188093229597179e-01 1.313501281655862774e-01
5.617127918565307798e-01 3.543373771532885574e-01 1.511086439415917360e-01 1.136957268789352687e-01 7.985939252322001025e-02 7.164505963000795952e-02 6.342706142577793360e-02
3.161131836822733687e-01 1.196974945620162961e-01 1.772659609350307058e-02 1.687283201894461404e-02 1.608994473897134778e-02 1.623777997982147822e-02 1.638870267896129149e-02
4.134337108068346645e-01 2.979569554607812143e-01 1.277563640035511705e-01 1.038442194132044999e-01 8.312652765567840607e-02 7.189966423717727984e-02 6.176721600083245195e-02
5.432573599873390807e-02 4.066857131573842210e-02 3.248748324463287401e-02 2.767082890524803426e-02 2.357689926730039895e-02 1.813007683345681242e-02 1.293864379828561437e-02
2.159376400048619582e-01 2.266955052785693259e-01 2.353807830081913188e-01 2.240563143670597501e-01 2.169207049602470683e-01 1.958417093291691113e-01 1.751935929546834525e-01
1.477032162542043225e-01 1.281916930229320684e-01 1.104714813879411339e-01 1.058537657295145346e-01 1.017031763583581272e-01 9.102329754563191766e-02 8.063706180498678155e-02
9.209167167931424369e-02 7.696940139745346576e-02 6.230235499808584043e-02 6.454801740696362866e-02 6.675886965440161469e-02 6.703117811838084361e-02 6.731395183116935244e-02
1.296299255117182476e-03 1.140680359862115403e-03 1.018420425722313437e-03 1.036170515050336277e-01 1.674096973827243207e-01 1.651199347300556231e-01 1.629920267893526231e-01
4.458018055403842883e-01 2.627759789930229628e-01 1.172720823301515308e-01 9.245766884527779894e-02 6.936959798353496687e-02 6.410935762143336880e-02 5.903833706945120496e-02
1.541550997127165146e-01 9.863061672560827220e-02 5.041040331270535413e-02 5.744205171959285150e-02 6.289102552224792864e-02 6.276666565757922644e-02 6.264835090139499185e-02
4.497509525651102735e-01 3.261607758780408761e-01 2.326791773316542744e-01 2.385521974151660896e-01 2.436105821398439619e-01 2.373630984831282265e-01 2.310537193584774329e-01
3.421929998219527813e-01 2.019093820326840760e-01 6.882823324154012379e-02 6.188730297940782388e-02 5.526189778475978920e-02 5.065614223132267752e-02 4.649342491315913706e-02
9.058864854148387935e-02 8.587536493235764512e-02 8.106713009837396289e-02 6.794933871842255557e-02 5.694772990773575710e-02 5.009279828010675811e-02 4.290009581951053502e-02
4.677043211034151438e-01 3.788011742690856609e-01 2.663213636652349003e-01 2.490656915171037822e-01 2.328499647149949447e-01 2.050717323986095686e-01 1.800182479040179084e-01
4.396188068042215513e-01 2.672718437255929835e-01 1.066505168220543698e-01 8.492369735394322827e-02 6.518049268308681587e-02 6.171786345938908014e-02 5.829317021924676490e-02
4.587187457425890846e-01 3.446715360714929233e-01 2.130721493205403883e-01 1.765766327286177884e-01 1.453726953138121669e-01 1.195755151377087960e-01 9.596959164696995670e-02
8.340114701865553037e-01 4.853446052260234622e-01 2.570572464673806512e-01 2.152184404659814032e-01 1.710307663427936553e-01 1.581489257589893671e-01 1.453719016093018845e-01
2.954149010612061935e-02 2.844107625799887143e-02 2.737753532311895666e-02 2.682082226680464546e-02 2.628392427609648960e-02 2.545346048797806834e-02 2.464172401625271125e-02
4.434795841261870986e-01 3.446016563654378806e-01 2.576210576664987872e-01 2.499628037822714532e-01 2.430681263927799984e-01 2.291805417052222571e-01 2.153267141413722219e-01
5.821175035413775345e-02 6.497927858359268949e-02 6.952481342021983590e-02 6.659534774818638703e-02 6.365247376683416669e-02 7.393503382297057780e-02 8.350912017610787053e-02
3.929955231661312332e-01 3.018564476416037423e-01 2.252139285480822262e-01 1.904211576154568597e-01 1.596237716646571603e-01 1.471343449445264295e-01 1.352442709849337454e-01
5.975307866965192533e-02 4.088015122524406297e-02 2.333258324856300053e-02 2.073867561169269458e-02 1.845522524193560568e-02 1.488903445628996652e-02 1.178756006925828388e-02
6.413753582838128686e-01 3.985669973259217680e-01 1.311725515872520231e-01 1.034566110113657039e-01 8.320993614329560972e-02 7.854833359335681997e-02 7.421291324373274767e-02
2.485869068609952159e-01 1.569334969243153244e-01 8.437619567998619341e-02 7.309386648737598025e-02 6.176750879165882058e-02 5.879460871357516938e-02 5.583268897186927093e-02
6.657259387285796581e-01 4.504611986253440059e-01 2.368940639755727773e-01 2.399485031267646895e-01 2.428724355903152665e-01 2.318396794379921078e-01 2.202081127666020155e-01
