3.799306816662082475e+00 3.615297857679503846e+00 3.438326659351898851e+00 3.294049238573235616e+00 3.164727445790308291e+00 3.141043131047112968e+00 3.117363515736292889e+00
1.814971422009588053e+01 1.646643859487118178e+01 1.514634960639026140e+01 1.407918305695311112e+01 1.311861852221039726e+01 1.151975474089143070e+01 1.005847054800213591e+01
2.693488187805886724e+00 2.173126599353169208e+00 1.769398564192265821e+00 1.652784485318466334e+00 1.549691626382210252e+00 1.491141022535766858e+00 1.434671288092523644e+00
1.071851516208364963e+01 1.399223471462955359e+01 1.714928305303713074e+01 1.742271795345346419e+01 1.768567027017061477e+01 1.769892248696064740e+01 1.771197366322536837e+01
4.471602512253399553e+00 3.219145717481488589e+00 2.383633414665823125e+00 2.293034385716836709e+00 2.208592558082000057e+00 1.997857144745592173e+00 1.813088199913801102e+00
1.163878780904488569e-01 2.342520997592171528e-01 2.831979169917996919e-01 2.826778225525450883e-01 2.822151171786196344e-01 2.973315962139331248e-01 3.112545120518460662e-01
9.485699900744321011e-01 8.602164364023613397e-01 7.883555250462482844e-01 7.436449785320187189e-01 7.032955039373576245e-01 6.688712629777635588e-01 6.353021715192019858e-01
0.000000000000000000e+00 0.000000000000000000e+00 0.000000000000000000e+00 0.000000000000000000e+00 0.000000000000000000e+00 0.000000000000000000e+00 0.000000000000000000e+00
4.963743629144347302e+00 4.063908926688410084e+00 3.394020186142513662e+00 3.093382151661844492e+00 2.855082638943106765e+00 2.856268973080425155e+00 2.857486608692120900e+00
2.358653194697292843e+00 2.169658974833729825e+00 1.950062655461826333e+00 1.776750059161088302e+00 1.626105782113606679e+00 1.485753777116902707e+00 1.360840200556308055e+00
2.278883455798918600e+00 1.020024238340050182e+00 5.989092902689912012e-01 5.925975041199351701e-01 5.865893160808172135e-01 5.730237711723832339e-01 5.601773562023993902e-01
1.701900213079925006e+00 1.270852052858230330e+00 8.911017026744607605e-01 8.371956440504069175e-01 7.857610918511670484e-01 7.353563656486297173e-01 6.896378669622297286e-01
2.158944890482408230e+00 1.483643164016232197e+00 9.705642251499323470e-01 9.164105676570841741e-01 8.639728738539774744e-01 8.445451655241356104e-01 8.250637269403804375e-01
4.679208367460726770e+00 3.475899026470106179e+00 2.699049334563097258e+00 2.532381397990633332e+00 2.382690313934678006e+00 2.327724030676788125e+00 2.274751667324763194e+00
1.246199088131243027e+00 8.183786197241382787e-01 4.952854657667253302e-01 4.393218178031325638e-01 3.829564129033913855e-01 3.488451767124431391e-01 3.185803917210565661e-01
2.882455769226483167e+00 2.578341752135949072e+00 2.276557445594900919e+00 2.303552152655165219e+00 2.332519422957963329e+00 2.304078912832315584e+00 2.275499347610347556e+00
1.032950785776717950e+00 6.984261748023838923e-01 4.741556890088606813e-01 4.430186285507383137e-01 4.127238866517807803e-01 3.866679568315754545e-01 3.624120308271406299e-01
1.764672417814585970e+01 1.720077568583081984e+01 1.676188558117744876e+01 1.612099061755506568e+01 1.552923155283171930e+01 1.426280361578441358e+01 1.315557240899522640e+01
3.225677505814774193e+00 2.930166593648636741e+00 2.672865706718634105e+00 2.581647213507580751e+00 2.494356391925044214e+00 2.443050000495345042e+00 2.393037792211383685e+00
8.458846993809725490e-01 8.375585944126332505e-01 8.290846402108825730e-01 8.415282638845298369e-01 8.549080293528303898e-01 8.471865919920674726e-01 8.393404559854581448e-01
3.584786622339820372e+00 2.446000536590677843e+00 1.699753867401465612e+00 1.543478452098980158e+00 1.414255605692669171e+00 1.390753899793987003e+00 1.366346275869219973e+00
3.184682023284408636e+00 2.921936027156812443e+00 2.668546102201612591e+00 2.465088381907772241e+00 2.286113113958132104e+00 2.170655268038456320e+00 2.063514398849435771e+00
8.401856498691483210e+00 8.197027372209934271e+00 7.994935165532514709e+00 8.467126199661977992e+00 8.980700213849466707e+00 8.811447464208159275e+00 8.648252099409935667e+00
5.129087466820473118e+00 4.171706913146332241e+00 3.393946304358307131e+00 3.126232255407462191e+00 2.897841455966919000e+00 2.783271649918698909e+00 2.673361053360485240e+00
1.643098451083418787e+00 8.905291537954576064e-01 4.739977224752126572e-01 4.590422680772773822e-01 4.452468712023170405e-01 4.206396911876814637e-01 3.981782958943755335e-01
1.216427136275606502e+00 6.625758862097602675e-01 3.355386091294771944e-01 3.002121614585109843e-01 2.690807766292928616e-01 2.309288817448151288e-01 2.000555585853852902e-01
1.716820517509866661e+01 1.383744980430626370e+01 1.138737077433547640e+01 1.290123142931030387e+01 1.435241308902394408e+01 1.354426160011358782e+01 1.280469181871952067e+01
1.089212970759284138e+00 9.626683489160179352e-01 8.544509472228313252e-01 8.009328109549797015e-01 7.569912719523951283e-01 6.896478541125811157e-01 6.288129119700828218e-01
5.642681036986115117e+00 5.430976035488519038e+00 5.239532528753271023e+00 5.206166959626358448e+00 5.173673679550534033e+00 5.014174660191165422e+00 4.864028891516174902e+00
1.048103855256251471e+01 9.644673398076626825e+00 8.831199147437782671e+00 8.824932538638037727e+00 8.818639994959866613e+00 8.223721861588879634e+00 7.679376716292100724e+00
8.465838602296299475e-01 7.662695458386131753e-01 7.023068310770695932e-01 6.638126691963666115e-01 6.287553441130088183e-01 6.059187918537057849e-01 5.847001102264290928e-01
5.709651817492745529e+00 4.944739762971225083e+00 4.314335643859805280e+00 4.172845797405425827e+00 4.038287927395217025e+00 3.969183109115516306e+00 3.900089800131729234e+00
5.787130427990886616e+00 4.720096336165142681e+00 3.836436738778098210e+00 3.686257067961363099e+00 3.544843353131784003e+00 3.365003409977532556e+00 3.190485715638301745e+00
1.510651431802717104e+00 1.422964546570665290e+00 1.334766503380291791e+00 1.300968531121496463e+00 1.265014461678874103e+00 1.219145591667861961e+00 1.176159325943082923e+00
3.015357845453101149e+00 2.262819222605926051e+00 1.683654879298463358e+00 1.624828229990558093e+00 1.568216679688257065e+00 1.485611364475121876e+00 1.404139617654873939e+00
5.639464789175344883e+00 5.678017872744655747e+00 5.715382450042830520e+00 5.654577505341818799e+00 5.599196021074577700e+00 5.510726647749621954e+00 5.424571140718440709e+00
1.933725781389660670e+00 1.788966730003048511e+00 1.615124747182209886e+00 1.567166390010127586e+00 1.520603104214360402e+00 1.411416181894767696e+00 1.316409672226175775e+00
5.842082333356161783e+00 5.403492519001711791e+00 4.975639224787165027e+00 4.831285912334132959e+00 4.693922911595525882e+00 4.521805991265275715e+00 4.356264130718082939e+00
1.480561628336714008e+00 9.432291300408184309e-01 5.815970783792342447e-01 5.214472720674265815e-01 4.671346414939043235e-01 3.863679058960386437e-01 3.180880121196358323e-01
4.133973558949834093e+00 2.503705654794968538e+00 1.678747698679051714e+00 1.613131005176349220e+00 1.549629806064448445e+00 1.531099084892171280e+00 1.512180043191782675e+00
2.544669146592192011e+00 1.877935991486504808e+00 1.414374192223493809e+00 1.311063075393450017e+00 1.215743249918778135e+00 1.140005831335908271e+00 1.071746188047913106e+00
1.638703525649350468e+01 1.616183445017145459e+01 1.595009827902337918e+01 1.570128932845474345e+01 1.547785997253454937e+01 1.407922037954417505e+01 1.276550560352130859e+01
3.394722598989343698e+00 3.129290935228274950e+00 2.904896572395045951e+00 2.952162339456549933e+00 3.001530010275440752e+00 3.030819614641194093e+00 3.061059170066096957e+00
2.015209021755888674e+00 1.720862837358488662e+00 1.480168917934327366e+00 1.364961360678933699e+00 1.264479780659856889e+00 1.239404659167812062e+00 1.214408496240171331e+00
6.229582667906806037e+00 6.086181482450286673e+00 5.944046553252522180e+00 5.731197540340591701e+00 5.536832165355964896e+00 5.148724489533097248e+00 4.802881885629246561e+00
4.132493736662826045e+00 3.967053220191310015e+00 3.750854173905921130e+00 3.434220846835523311e+00 3.167123300332418179e+00 3.124845642374480370e+00 3.083179564911654236e+00
4.018139579836145003e+00 2.981895415110651371e+00 2.303281548363137254e+00 2.196989556507321861e+00 2.096919673793718353e+00 2.067763546845402534e+00 2.039112645443631688e+00
2.304771842685374494e+00 1.627057323367983255e+00 1.120452293474714089e+00 1.188655149683041312e+00 1.251543366372444011e+00 1.182516953760183842e+00 1.118169300560013069e+00
