4.259121753545955791e-01 3.931758328326627194e-01 3.569397858149689906e-01 2.989054239423344916e-01 2.452567603124992668e-01 2.252506449708576164e-01 2.058510225713479080e-01
3.054551563893224131e-01 2.015528209624904143e-01 1.226152897317048518e-01 1.131928203858943438e-01 1.046341735206244711e-01 1.007911661659108143e-01 9.714345325425413624e-02
4.431444701695458344e-01 3.227980883634374853e-01 2.148191616882167976e-01 2.051568099803048328e-01 1.968478450562140825e-01 1.827432332516881752e-01 1.692758823257869694e-01
1.756371039167374803e-01 1.518082184842974858e-01 1.285632205160212871e-01 1.262386982464032970e-01 1.240133230646489476e-01 1.258895476196754126e-01 1.276285249218296058e-01
4.400065915984804343e-01 2.787543104927917015e-01 1.472186636252432179e-01 1.238258835700826593e-01 1.042993997790724603e-01 8.613417040884803477e-02 7.022925679574541780e-02
2.298445609313211069e-01 2.566097023674687172e-01 2.666584416159302751e-01 2.359647985080360333e-01 2.128429249365704212e-01 1.605325325515448709e-01 1.220810697601590472e-01
2.656092644340030673e-01 2.515677455663744011e-01 2.386547538655231504e-01 2.056986112361120222e-01 1.737961086913454301e-01 1.209068114174702002e-01 5.765728222592102215e-02
0.000000000000000000e+00 0.000000000000000000e+00 0.000000000000000000e+00 0.000000000000000000e+00 0.000000000000000000e+00 0.000000000000000000e+00 0.000000000000000000e+00
4.259121753545955791e-01 3.931758328326627194e-01 3.569397858149689906e-01 2.989054239423344916e-01 2.452567603124992668e-01 2.252506449708576164e-01 2.058510225713479080e-01
3.693133382037674939e-01 1.766392608223112393e-01 4.323926709621006559e-02 3.564161108186832128e-02 2.819516116639713202e-02 2.710831645708895038e-02 2.606236483488105771e-02
3.329354575455233389e-01 1.309943389876083997e-01 1.930399617650704197e-02 2.859212393805814906e-02 3.676928378335447140e-02 3.878585240008070034e-02 4.063970258812500680e-02
3.608244179618539382e-01 1.985856957397349742e-01 6.168111874428690300e-02 4.774021695176222657e-02 3.396368100321370959e-02 3.381332710373394224e-02 3.365972124705094576e-02
6.661160344623575646e-01 4.241425808042342260e-01 1.978770054739422413e-01 1.628069553714865947e-01 1.284728088449463290e-01 1.162858173638359749e-01 1.044816842780774691e-01
5.007137187031446279e-01 3.671681742404441784e-01 2.447623177277632733e-01 1.875673576076288540e-01 1.396009772479245015e-01 1.235159594659109988e-01 1.092313026720669183e-01
5.126605213360974078e-01 3.545681064389958892e-01 1.824430188551253440e-01 1.376900785209772826e-01 9.895359521074835463e-02 8.717346160776522079e-02 7.707097160046987028e-02
4.749168406454572500e-01 3.593171749949626292e-01 2.398106839193960560e-01 2.134448915420550374e-01 1.865942490957129274e-01 1.745023430276134990e-01 1.643301336869473495e-01
3.487599909214872951e-01 1.818511659402268776e-01 7.785153278603346161e-02 6.479374044679091227e-02 5.132220299873367642e-02 4.839613397902202407e-02 4.541502569318836557e-02
5.270166113510670741e-02 3.152977578313890389e-02 1.118618304665785004e-02 1.146916153658277676e-02 1.169767414919335030e-02 1.521512305232706162e-02 1.828918754811725833e-02
3.573361118728207719e-01 2.871655844345414321e-01 2.242330004113080311e-01 1.944921323700251892e-01 1.687584649046584839e-01 1.697312887147876814e-01 1.706200886949580386e-01
3.120820291094377197e-01 2.958759510264319381e-01 2.827829146609299182e-01 3.012811240089494635e-01 3.133935987403049794e-01 3.083526117790814647e-01 3.045395158878019815e-01
5.299360317367105555e-01 3.500787333939948676e-01 1.869038525308345522e-01 1.496594546966675265e-01 1.138216673539735463e-01 1.021207013493644067e-01 9.103805784767858567e-02
3.750585176400368925e-01 2.765560032444864258e-01 1.816175013966312424e-01 1.440575792141472744e-01 1.129205925075924266e-01 9.907561447926527265e-02 8.667636411140819397e-02
4.635022104009035027e-01 2.218322809543261387e-01 8.824409280453496263e-02 7.298113136916303811e-02 5.701564132295188631e-02 5.377276152032144096e-02 5.043721000845909769e-02
5.626958303851148369e-01 4.037113735549502369e-01 2.285252823874666661e-01 1.706859199098651469e-01 1.219546846507452709e-01 1.102975879746392884e-01 9.990228849919774445e-02
5.620064290041534294e-01 3.247191281965625675e-01 1.220118360308554278e-01 1.127140176485572076e-01 1.045287849659690405e-01 9.842128332864677476e-02 9.297420012681543999e-02
4.239139010766087012e-01 2.313115625585354662e-01 8.029157036544785908e-02 6.780484463822970820e-02 5.532404973732068382e-02 5.102249674570132759e-02 4.671081113972573584e-02
2.103563011725354537e-01 1.504020077019082302e-01 9.979213933949697413e-02 9.235059427754878369e-02 8.524420038540483913e-02 7.962770644879485493e-02 7.530016871775591092e-02
2.660314976548024402e-01 2.541517552411128866e-01 2.444524250432301149e-01 2.019852338237171363e-01 1.692255791363634077e-01 1.468756517747402124e-01 1.258658978074015944e-01
1.446925870837238726e-01 1.299872186869753532e-01 1.169897521728462675e-01 9.963505397783346818e-02 8.336671591606696630e-02 6.439065717282334289e-02 4.429776801120626634e-02
1.062262784199290572e-01 8.445102838071959217e-02 6.176674185370698705e-02 6.312631803089033267e-02 6.455908968017641525e-02 6.344069915788808078e-02 6.232115381165650309e-02
1.650888921216130956e-01 1.561218439891360332e-01 1.469547153922199922e-01 1.312376352262659973e-01 1.171293095270307949e-01 9.485526471091815237e-02 7.449663418630826650e-02
4.449366638127364992e-01 3.100849461575559962e-01 1.795348374663949809e-01 1.407066296489496993e-01 1.059956985904153826e-01 9.458231312731632534e-02 8.389156413766397924e-02
4.363277139684226258e-01 2.626375134936542177e-01 1.039201452117973629e-01 8.917400328540631138e-02 7.641525356249109779e-02 6.964975000435784380e-02 6.373882577336070776e-02
4.470255486019316660e-01 3.946055404937225952e-01 3.436845419590782713e-01 3.242015514809334364e-01 3.074035568328329915e-01 3.059853550578328085e-01 3.048178281823078484e-01
4.257175901680368968e-01 2.732260790963406127e-01 8.048586853158234966e-02 6.656043549306978058e-02 5.406767975280835081e-02 4.858627453951298164e-02 4.408802482566195197e-02
1.321574618899184206e-01 1.191691029823147840e-01 1.059379962906886463e-01 1.052021583641935404e-01 1.045454600514961196e-01 1.042199376484223144e-01 1.039113903756569424e-01
4.644073395772059243e-01 3.767876911646602101e-01 2.699278378763505515e-01 2.496042880853012458e-01 2.299704307483252663e-01 2.127918905161282626e-01 1.979559002302758719e-01
4.390191275932868176e-01 2.736221165965993518e-01 1.283437761193415017e-01 1.083853514913824395e-01 8.847141971348565503e-02 8.021862432310399027e-02 7.234985372834373818e-02
4.767146437542711945e-01 2.396240355902894414e-01 6.556103944554980689e-02 5.596746345904351355e-02 4.590640547192142984e-02 4.451180519313106820e-02 4.310323037525016360e-02
8.316010869742066491e-01 4.784638012912314498e-01 2.798124480434053818e-01 2.331204268861884199e-01 1.833068524436422264e-01 1.761595265137821387e-01 1.691857240986530120e-01
2.927547071637263965e-02 2.829172928921906000e-02 2.734255521591415217e-02 2.652586344627289386e-02 2.573593469999101158e-02 2.484508121772721623e-02 2.397461649481811771e-02
4.400139192008524769e-01 3.520030094087855943e-01 2.847378240902492252e-01 2.774925769837469081e-01 2.727325915483175822e-01 2.497556249152812213e-01 2.306044708119579789e-01
6.393786950521895829e-02 8.928716037683175066e-02 1.073693341498270365e-01 9.486848817794708844e-02 8.087347934587549303e-02 1.169195834484507285e-01 1.499973101745911142e-01
4.267756717184261195e-01 3.710292681990457475e-01 3.164404309222614287e-01 2.673202155674870850e-01 2.213340362523401883e-01 2.023623993391775178e-01 1.841931676534128426e-01
5.814788674071081492e-02 3.792636930293544900e-02 1.832215071100616599e-02 1.808285576927252253e-02 1.788751981621707760e-02 2.074173425745608201e-02 2.325160057380284973e-02
6.355184274233992570e-01 4.444806712889874944e-01 1.705630589159153332e-01 1.266121241390524843e-01 9.588711146636527682e-02 9.102214543319191165e-02 8.649873148927418598e-02
2.492748664805385928e-01 1.790429056040341027e-01 1.160956127153974643e-01 9.948039690300307381e-02 8.331607841590420171e-02 7.495230731525591439e-02 6.693195162167346612e-02
6.838502750837568422e-01 4.687798039342705447e-01 2.856158315232150136e-01 2.756219625452998034e-01 2.690553824474152256e-01 2.456633785166340012e-01 2.266632020850253282e-01
