4.025177268996223967e-01 3.829682610594375980e-01 3.613152381821848613e-01 3.458961444602776103e-01 3.274915590395184317e-01 3.222555457333847184e-01 3.169348727021615852e-01
2.981835242662796981e-01 2.367848291098276492e-01 1.833134029995115433e-01 1.633571457605066390e-01 1.458214207766794501e-01 1.440291092146492036e-01 1.422818725339621004e-01
4.522508731044164176e-01 3.439647258518559458e-01 2.479278897633458156e-01 2.354517989124526312e-01 2.255199398417907508e-01 2.114824050227289975e-01 1.972234439562449704e-01
1.733939240071870336e-01 1.579136119631336099e-01 1.426268599268830373e-01 1.353304692852106972e-01 1.283714512308337385e-01 1.290747258144184229e-01 1.297554022003443719e-01
4.287298685148074884e-01 3.389376997422628435e-01 2.556519040022123823e-01 2.140682335931983482e-01 1.763976784795558139e-01 1.448229569110615622e-01 1.135946068385864094e-01
2.766468012789680131e-01 1.877051117978102146e-01 1.440187042345799640e-01 1.493743877280108157e-01 1.536770468384349164e-01 1.580503564521599236e-01 1.622562614109452350e-01
2.816013333739560975e-01 2.460868422165975178e-01 2.191375190649534344e-01 2.023965563969440939e-01 1.868841128041709709e-01 1.825754044053092551e-01 1.788405980671473328e-01
0.000000000000000000e+00 0.000000000000000000e+00 0.000000000000000000e+00 0.000000000000000000e+00 0.000000000000000000e+00 0.000000000000000000e+00 0.000000000000000000e+00
4.092594907498049994e-01 3.183351349027973010e-01 2.306110763853912726e-01 1.977340743886488172e-01 1.715995397289744318e-01 1.598613857635137747e-01 1.486119671529264885e-01
3.714165993495145424e-01 1.915797790374800247e-01 6.854800485012511879e-02 5.372864816746408811e-02 3.993778620621588060e-02 3.202113245449667023e-02 2.411205377867165281e-02
1.449592077241060317e-01 8.814588373781878650e-02 4.449400304035109471e-02 4.263465757309572307e-02 4.117854139860470386e-02 2.859479498731729019e-02 2.021509583576355101e-02
4.123102541653050901e-01 2.356978985934982396e-01 1.056126877573130285e-01 8.546730084664939942e-02 6.564512756446035102e-02 6.201368521650690163e-02 5.850888414224806461e-02
6.940243707747267843e-01 4.433694528236408749e-01 2.790074724294595021e-01 2.674593280370937687e-01 2.586626298505104171e-01 2.301501856792061707e-01 2.047684206344480007e-01
5.165900894105571739e-01 3.665604005558875111e-01 2.445137299927841179e-01 2.346731588529749057e-01 2.246642271733608476e-01 2.154370124635508477e-01 2.065242763048008856e-01
5.017852440731740415e-01 3.541668366989549344e-01 2.096423163971764259e-01 1.858089067991171572e-01 1.604582115958466670e-01 1.509467671626482099e-01 1.417680160067449902e-01
4.724653868976450011e-01 3.957390709601327217e-01 3.209745016361110204e-01 2.923735260393829916e-01 2.646778165926019222e-01 2.579113396000341507e-01 2.511499573448335854e-01
3.522046114106491266e-01 2.360312555465142459e-01 1.434127312705188728e-01 1.090524369714914732e-01 7.076735552938975826e-02 6.873636045040899811e-02 6.669957757612593463e-02
4.899278063060038407e-02 3.194100182558441692e-02 1.451934223315738508e-02 1.244451577233244080e-02 1.040149799346109724e-02 9.607029833071928718e-03 8.825678597641184800e-03
3.663492057093041265e-01 3.185250732460401801e-01 2.756794060096239840e-01 2.631983265012619033e-01 2.529324702878636422e-01 2.396604472842837619e-01 2.261377002405878522e-01
3.010122872184176623e-01 2.955463798755836868e-01 2.903000821825599820e-01 2.783446490423078790e-01 2.655049493199604371e-01 2.589385871513606996e-01 2.522773270465729634e-01
5.236722779490385893e-01 3.199772812585736093e-01 1.721881331727116160e-01 1.640681519551998591e-01 1.572434479018260944e-01 1.415329634496301781e-01 1.269547299914999261e-01
3.955735457089966656e-01 2.996880281925758394e-01 2.077333679514984099e-01 2.079517717920001674e-01 2.081697594237194304e-01 2.002226504948115271e-01 1.924408768356289934e-01
4.025177268996223967e-01 3.829682610594375980e-01 3.613152381821848613e-01 3.458961444602776103e-01 3.274915590395184317e-01 3.222555457333847184e-01 3.169348727021615852e-01
5.415632256901917740e-01 3.826006012745815088e-01 1.059058166386453864e-01 1.002862329116808726e-01 9.470360250269049818e-02 9.420278034963477931e-02 9.370136897805785015e-02
5.036362004055751074e-01 3.069686325722324471e-01 1.490390789804970084e-01 1.442896776289067373e-01 1.397794123941843158e-01 1.346345361588598688e-01 1.294268556784654023e-01
4.469283832034247061e-01 3.130152925069045744e-01 1.483154718574682118e-01 1.210346579333529266e-01 1.005206759193648797e-01 9.507202415379124860e-02 8.961073536592036037e-02
2.030023052945127970e-01 1.763443124923200767e-01 1.474682635055453161e-01 1.268440397178262069e-01 1.093323385088451200e-01 1.358220119735538967e-01 1.520641279279948410e-01
2.038264915119737675e-01 2.123558473505232080e-01 2.195789642324467716e-01 2.238341168993125685e-01 2.266309926381991358e-01 2.026789847466960170e-01 1.794501965533310262e-01
1.711019766501092054e-01 1.551083723732414599e-01 1.404603019882031678e-01 1.249011486570386076e-01 1.094065273225047208e-01 9.947546344926155859e-02 9.007696822885086219e-02
1.501743433531572969e-01 1.132947568148252454e-01 7.273592645607671048e-02 8.080443007631119001e-02 8.865270909016428891e-02 8.774599006000002865e-02 8.686379399925575617e-02
1.427146271139673739e-01 1.119182784285311094e-01 8.255611656066670634e-02 7.487095204256809244e-02 6.802023252502990835e-02 7.672465645855544580e-02 8.470004445296784590e-02
4.504885564264784481e-01 3.381574919526185163e-01 2.325806993981774373e-01 2.087815694529155386e-01 1.854157137879202943e-01 1.670417579360658766e-01 1.494401306710870792e-01
1.501743433531572969e-01 1.132947568148252454e-01 7.273592645607671048e-02 8.080443007631119001e-02 8.865270909016428891e-02 8.774599006000002865e-02 8.686379399925575617e-02
4.425818326234591815e-01 3.930224712770269968e-01 3.485993708061512208e-01 3.453294796511013343e-01 3.425985839293176904e-01 3.345417770307831939e-01 3.266380754766678995e-01
3.674332681915503107e-01 2.010179748296943847e-01 6.684164277064950921e-02 5.473882182382235756e-02 4.316429064885073802e-02 4.066334074986832636e-02 3.820174484535013293e-02
8.201729332149335083e-02 7.955195240357641751e-02 7.706320375325884098e-02 7.004847483942905351e-02 6.345657806075592766e-02 5.693941206199450156e-02 5.022469256295519768e-02
4.724745067164751178e-01 4.080440483192099288e-01 3.423948040397727377e-01 3.068916423690385975e-01 2.759010877267996653e-01 2.437255150425407801e-01 2.142872287667150488e-01
4.421058107795833858e-01 2.927979192020265242e-01 1.643706804755037665e-01 1.489622046842805081e-01 1.340206446263384477e-01 1.198494727847988495e-01 1.062598441637358782e-01
4.712295798028716121e-01 3.749002919364815556e-01 2.678645477870081892e-01 2.080681335878033777e-01 1.593371129949232301e-01 1.333958487428286710e-01 1.075964738889283595e-01
8.238457277326307615e-01 5.398728162539985220e-01 3.856845283037309002e-01 3.523410288609747920e-01 3.261865696514061885e-01 3.173561704194541311e-01 3.087022366724512246e-01
3.902859221584604743e-01 2.653026905369291755e-01 1.474934453757635877e-01 1.351939096136076934e-01 1.236523719215925216e-01 1.167055470460358624e-01 1.099389994596733089e-01
4.402953780622528290e-01 3.877331150001785964e-01 3.379059535508536216e-01 3.182731383849233264e-01 3.003030507388002590e-01 2.946027586991241676e-01 2.887958206757354485e-01
5.855816186506224846e-02 4.552275593699465356e-02 3.453628177660914012e-02 8.897659098121618593e-02 1.272838686117353790e-01 1.192896693514810674e-01 1.110605551225093413e-01
3.996739763912479648e-01 3.244469825016769171e-01 2.599171237545553348e-01 2.487472911527067732e-01 2.391770438094052709e-01 2.257727494758540454e-01 2.127788836236826631e-01
5.444605618987198581e-02 3.984209609806443897e-02 2.495106160867354567e-02 2.224446016312603414e-02 1.960044588632382095e-02 1.765769886085007123e-02 1.573185237623824298e-02
8.955643344432931974e-01 8.235076762841069264e-01 7.188893622038955433e-01 6.503696361604700549e-01 5.285388334565629398e-01 4.655617835550207584e-01 3.806641402335285140e-01
4.817926462131016385e-01 2.648925991757496434e-01 1.116744522011561269e-01 1.095694438503166668e-01 1.074105313568197440e-01 1.062674795996396415e-01 1.051168350073098112e-01
6.851910146586730477e-01 5.696994899461995665e-01 4.477180539843838569e-01 4.338868612308125483e-01 4.201875169798567344e-01 4.147158889777944890e-01 4.088275745132424754e-01
