4.104769454275983276e-01 3.728813676296508506e-01 3.371030855543251104e-01 3.396515472798192770e-01 3.419327858717380875e-01 3.348594413145830617e-01 3.275544886800314526e-01
3.088757553151729174e-01 2.353023849953062852e-01 1.737838803230773443e-01 1.608674233873843840e-01 1.494888833764824732e-01 1.447812774946798942e-01 1.403298735814119680e-01
4.556491607224466556e-01 3.146227628210993554e-01 1.996336468486624993e-01 2.064351243977596562e-01 2.122005554149716255e-01 2.067274726472253799e-01 2.015216166988950119e-01
1.839720999938349866e-01 1.624650825716492941e-01 1.418385942459254589e-01 1.397491433347663736e-01 1.377303016562625992e-01 1.269993426735397113e-01 1.161800760376661135e-01
4.497714878244187253e-01 2.967174590853947080e-01 1.954524585608261311e-01 1.857569677805835928e-01 1.766361139154870863e-01 1.567608039364516426e-01 1.390568515100679414e-01
2.170029903418829453e-01 2.321735853912118286e-01 2.379536241412606723e-01 2.233875658220671745e-01 2.109262653098304685e-01 2.176622484483202447e-01 2.239262319740812912e-01
2.746246112013625007e-01 2.472714842436308236e-01 2.251292071052710952e-01 2.126147057132770912e-01 2.013082109829077704e-01 1.987109625155986659e-01 1.963660939169795672e-01
0.000000000000000000e+00 0.000000000000000000e+00 0.000000000000000000e+00 0.000000000000000000e+00 0.000000000000000000e+00 0.000000000000000000e+00 0.000000000000000000e+00
4.089126748536352496e-01 2.891401356176461768e-01 1.982648966201715490e-01 1.997789841395893884e-01 2.009511521147511748e-01 1.941859087544953733e-01 1.872795813736996828e-01
3.713948446043371932e-01 2.878627016133140648e-01 1.852272985881996403e-01 1.936695253746983370e-01 2.019574128872170526e-01 1.864236675418811939e-01 1.719673343633920659e-01
1.695632462328086620e-01 8.520852759785245423e-02 5.729575167161923832e-02 6.124939861768416427e-02 6.503601403307801565e-02 6.156072270932017726e-02 5.849674653613957248e-02
4.201931859938377589e-01 2.584245784745462515e-01 1.183745699787159128e-01 1.015499164933939269e-01 8.506202390447081818e-02 8.456817287987154763e-02 8.409831484332576379e-02
7.061674740547302376e-01 4.390668734588532574e-01 2.421687447748538946e-01 2.370960031112017696e-01 2.320182020611604168e-01 2.390933314024309975e-01 2.460551229809854745e-01
4.861274938969107340e-01 2.989318246664416368e-01 1.812889624801670430e-01 1.725547109392835676e-01 1.643229629465606523e-01 1.640477923385645076e-01 1.637988490288070920e-01
4.987360219864677702e-01 3.293858089731614425e-01 2.069677559744604600e-01 1.979348135392873242e-01 1.887326990015513739e-01 1.874787055012984427e-01 1.863553400888545153e-01
4.649625213168083748e-01 3.820406907428774423e-01 3.013775427883148561e-01 2.896575360480399541e-01 2.779323641407999701e-01 2.785651847808177650e-01 2.791830050066072544e-01
3.144996267483697872e-01 2.006062792474644918e-01 1.265075379069083017e-01 1.105909959287439126e-01 9.451230090862493272e-02 9.331100416764269434e-02 9.218591162925646176e-02
6.709628216574911597e-02 4.436027698288970422e-02 2.131682581418371802e-02 2.598631916160298178e-02 3.016704880417185597e-02 3.838168397898994444e-02 4.530247052833656640e-02
3.641781187655122598e-01 3.073585657591181297e-01 2.561429977521834656e-01 2.487768834421774655e-01 2.411316672085672408e-01 2.351211753904963175e-01 2.294133070186120671e-01
3.064978525355636640e-01 2.944710910206214116e-01 2.822099512197469018e-01 2.638533842637367233e-01 2.444492191386614111e-01 2.227379585684775010e-01 2.016313374283040250e-01
5.300408831853611336e-01 3.036780569618667269e-01 1.568364060053891451e-01 1.697971101202764843e-01 1.806937293549679135e-01 1.756120540017211129e-01 1.703909287780421833e-01
3.625378415665938547e-01 2.671254066523435222e-01 1.781535034093268688e-01 1.613067168120433104e-01 1.464161523993350866e-01 1.390863747334612488e-01 1.322437133521685571e-01
4.125202082979739782e-01 3.456606519077060624e-01 2.833203539269998350e-01 2.661672916591589777e-01 2.470656690861977034e-01 2.460904637572284281e-01 2.450931919735529485e-01
5.681304844064266613e-01 3.618769557028472250e-01 1.963756691829320333e-01 1.963041854619096971e-01 1.962407331611344397e-01 1.879725033061996620e-01 1.801705867390553384e-01
5.267693343581288934e-01 2.815420021616607538e-01 1.470929381775690770e-01 1.440745369515292751e-01 1.413330430207923871e-01 1.383263224622256482e-01 1.356234868914207303e-01
4.474987655610569437e-01 2.140997187578745908e-01 7.449863095324210649e-02 7.283425851944956564e-02 7.141551567566108150e-02 6.929383279347361979e-02 6.739156008360498717e-02
2.165257135354198559e-01 1.652059966201597507e-01 1.262054297480442178e-01 1.521435357421788981e-01 1.730759340126688250e-01 1.828112446264687774e-01 1.910960912373690646e-01
2.423905307605097592e-01 2.289202788413189638e-01 2.170135101478830320e-01 1.905645880818585269e-01 1.689637764498173600e-01 1.475686276114297202e-01 1.268104635755764875e-01
1.532793024968096829e-01 1.399469238381850500e-01 1.280470623853020851e-01 1.201951567560589906e-01 1.126365217478469405e-01 9.987280175547948169e-02 8.742691400194356477e-02
1.440472330946994672e-01 1.076472722798524212e-01 7.273298018185728187e-02 7.116496212116708853e-02 6.960035027695436749e-02 6.953737987382684060e-02 6.947628582872562852e-02
1.646602505596332089e-01 1.276632767714097061e-01 9.926672792636154208e-02 9.098081326626192289e-02 8.336367495203406142e-02 8.076450167128773616e-02 7.833220695861041472e-02
4.500934735939893239e-01 3.064876382491737439e-01 1.830732227491699005e-01 1.774367234049321618e-01 1.716106078047318628e-01 1.675950869059676385e-01 1.636236830993764990e-01
4.468990213893023200e-01 2.995061447407523780e-01 1.715039183002937395e-01 1.555183915480305434e-01 1.408749898077600871e-01 1.323471881503279768e-01 1.247349244091446596e-01
4.492172640237792058e-01 4.246928720337486696e-01 3.995981616794886393e-01 3.911353699659370631e-01 3.829329264536665556e-01 3.704842291381486019e-01 3.588515783683786653e-01
3.797252513636603100e-01 2.203757577410291602e-01 9.597798045508812437e-02 8.554733575499776088e-02 7.600836610548436512e-02 7.686839188499451636e-02 7.769397641162506529e-02
1.417585221073029145e-01 1.418552981270321256e-01 1.419464745353017365e-01 1.376378089965029639e-01 1.335151821877719192e-01 1.214057127252588519e-01 1.096755533980316999e-01
4.792009373169534014e-01 4.048520398453421265e-01 3.220028226287787176e-01 3.223010566003039479e-01 3.225730991388398583e-01 2.875217148925729993e-01 2.553655329230736237e-01
4.423025129479356554e-01 3.185835304089086328e-01 1.957859806318710261e-01 1.963222769789672306e-01 1.968600814735368409e-01 1.893219595466162641e-01 1.820373017391948567e-01
4.853381224897584389e-01 2.922710514967718498e-01 1.602317727143670878e-01 1.480342633008041864e-01 1.370289826589823345e-01 1.214816692379242086e-01 1.076775337085777717e-01
8.271855659084232926e-01 4.467039087054593405e-01 2.547499726762011973e-01 2.480882339182326202e-01 2.416702776400451169e-01 2.449222566128007872e-01 2.480954131387773931e-01
4.010974414719807868e-01 2.590540920127906710e-01 1.598911204781729434e-01 1.386953723711373265e-01 1.192666507436510731e-01 1.197658913297837691e-01 1.202157289852221062e-01
4.442535111207052689e-01 3.951588256498577700e-01 3.471303881436658689e-01 3.300305545680657371e-01 3.142658867264175315e-01 3.034218125952898859e-01 2.928857969342692491e-01
5.805788812427899875e-02 8.050688087986070107e-02 9.963435887795926704e-02 8.773253993967988773e-02 7.508004290479436404e-02 7.241517953077188097e-02 6.956697199282235733e-02
3.982713898350819237e-01 3.312711236439654927e-01 2.751104391675557315e-01 2.802769500118179047e-01 2.849019833141185343e-01 2.747595553438235139e-01 2.647033657653726779e-01
7.254984038576779704e-02 5.247606951170497719e-02 3.216115893325682817e-02 3.563517735649623930e-02 3.876277373094742795e-02 4.440264331352709176e-02 4.921348010516085614e-02
6.435087119691526025e-01 4.988464471225929620e-01 3.144878161654243720e-01 3.589307453573381546e-01 3.993893275005034882e-01 3.637963862893948686e-01 3.236156225364465455e-01
2.551770073638571779e-01 1.593218497836586256e-01 9.578258888764279444e-02 9.088939432886526670e-02 8.625246752853103771e-02 9.116458806544520954e-02 9.589125647894039539e-02
6.807925827197072177e-01 4.434777882281645822e-01 2.725195547180412348e-01 2.674682891556623976e-01 2.626873223327992890e-01 2.576724125384705077e-01 2.530054621264197778e-01
