3.892926079234865444e+00 3.831761142319823676e+00 3.769444233338083539e+00 3.680379328570094088e+00 3.596565763451068598e+00 3.369629883576604978e+00 3.169309075953253618e+00
1.873371759102188605e+01 1.804751675038240677e+01 1.746805811027360988e+01 1.539493750871497291e+01 1.368378598261525703e+01 1.238825863228990443e+01 1.122444214274274188e+01
2.796345840308239517e+00 2.504388421625374228e+00 2.239549694345235764e+00 2.053738113601313309e+00 1.891223790473241406e+00 1.817666998616758178e+00 1.745688636036146546e+00
1.093951911566482416e+01 1.293119074124689583e+01 1.484105975499376306e+01 1.573421313060487137e+01 1.650597366141667877e+01 1.595072847402524374e+01 1.544193090008209346e+01
1.643635924143937288e+01 1.007549631802227452e+01 6.654778016361631465e+00 5.965663629669056611e+00 5.405323990639911536e+00 5.408087770344764955e+00 5.410911463056796045e+00
1.022330505626176528e-01 1.053623403358304178e-01 1.069426681411260738e-01 9.722673913286010439e-02 8.925181090043729504e-02 7.995238191838445474e-02 7.144707933138151612e-02
9.475540369333570467e-01 8.426602596928324251e-01 7.588305896391588368e-01 6.365862178532329940e-01 5.430944541390012592e-01 4.472355223039673477e-01 3.898853326306761513e-01
0.000000000000000000e+00 0.000000000000000000e+00 0.000000000000000000e+00 0.000000000000000000e+00 0.000000000000000000e+00 0.000000000000000000e+00 0.000000000000000000e+00
5.063900767636989819e+00 4.543459366099210861e+00 4.086575237330216659e+00 3.696045570417507253e+00 3.381872352757601341e+00 3.254551099009030501e+00 3.136041011757306318e+00
2.357351885880328179e+00 2.299342021254195068e+00 2.225540773188220189e+00 1.955862589690767095e+00 1.732020819284591617e+00 1.537870644165371781e+00 1.377556208806383076e+00
2.268273993763824325e+00 1.237150419538890711e+00 7.711962488079591171e-01 7.434590889385872536e-01 7.184574130617954468e-01 5.871978794682304326e-01 4.894515481986967398e-01
1.069923431768899258e+00 7.000503038325089911e-01 3.818814266881825348e-01 3.426379835171548538e-01 3.039539156718065738e-01 2.974672077026735972e-01 2.911191336276783836e-01
2.159643883833008537e+00 1.485166922983690352e+00 9.784029365516205834e-01 9.471400920745175478e-01 9.161402293237997929e-01 8.950455573178452973e-01 8.757058787268194866e-01
4.875380801625819771e+00 4.449732993587170782e+00 4.058895369630510785e+00 3.671393780089557524e+00 3.335444513167685088e+00 3.314726383955246991e+00 3.293907994930131089e+00
1.245790445440426275e+00 9.621940875658033798e-01 6.341361385192386679e-01 5.537539399080141367e-01 4.790635538313625097e-01 4.081726408005726392e-01 3.517734223470386223e-01
2.900543616754768017e+00 2.532873975234741781e+00 2.187293653164350982e+00 1.995770320558870381e+00 1.839537451590370409e+00 1.757939113249674445e+00 1.686589843913861797e+00
8.979055719800659308e-01 8.809193528795216110e-01 8.645414478112077861e-01 8.492001923214583803e-01 8.343944620921438515e-01 6.419025560002787900e-01 4.534723640679131362e-01
1.808284402564045479e+01 1.761331202070806157e+01 1.714477810656453372e+01 1.477951680141549495e+01 1.297463496322101939e+01 1.012838224572643497e+01 8.347704694786429513e+00
3.224394529598617165e+00 2.726422702026100264e+00 2.334837418941648313e+00 2.135074402432859841e+00 1.971421925675814313e+00 1.896824088578620504e+00 1.828830802184323367e+00
8.482081016150638808e-01 8.314893036191659537e-01 8.149815205098958071e-01 8.602268814830609234e-01 9.152109896653032317e-01 7.960605910815299335e-01 6.920998505759755615e-01
3.661797484221918531e+00 2.736831295730326463e+00 1.998476255846548977e+00 1.896676300311164187e+00 1.802948332161979694e+00 1.599141960432715726e+00 1.419675142971102533e+00
3.308166073777968563e+00 3.273399082880454003e+00 3.234789361675219688e+00 2.910787095691397486e+00 2.637068124897872234e+00 2.607631053373565155e+00 2.578246776294767173e+00
8.517917092145996349e+00 8.049781426271589879e+00 7.617523629264486118e+00 8.183756496111298517e+00 8.819519976789583993e+00 8.339813597139537293e+00 7.910010261821510014e+00
5.395769387630532599e+00 5.301248574465866170e+00 5.190942796665704684e+00 4.746760829833050366e+00 4.370593531424409761e+00 4.057434699915961396e+00 3.772090530077704784e+00
2.256985473817191501e+00 1.268882694861139360e+00 7.375049084521002607e-01 6.863764394052109807e-01 6.448023430823200952e-01 6.497116379392022800e-01 6.547273561182813673e-01
1.201304004901200262e+00 8.777828823264333113e-01 5.631689871144786030e-01 5.289197779262732046e-01 4.961459003207107643e-01 4.507256286695905390e-01 4.102691890089081861e-01
4.923025765938155729e+01 2.652056369035135575e+01 1.708560128074330109e+01 1.680261664796866583e+01 1.653523148247591479e+01 1.234948027606414378e+01 9.599874192187934696e+00
1.067427071813319195e+00 9.683586097637802981e-01 8.842874519064957139e-01 7.738466943814613641e-01 7.197955236644991706e-01 6.091624700555271499e-01 5.246646775102558058e-01
5.681413674712652018e+00 5.488256141725639914e+00 5.313077525319693351e+00 4.989196564255698796e+00 4.704471157639447121e+00 4.415951832419319878e+00 4.150665547803252586e+00
1.043746394525794230e+01 9.678380489882552951e+00 8.940925585216659144e+00 8.923291920547759659e+00 8.907095441601498464e+00 8.484219451897773823e+00 8.092021804740644697e+00
1.208640646952514830e+00 1.025066582407542004e+00 8.899043997494936464e-01 7.434356905658918713e-01 6.675900390895855852e-01 5.737280287311272708e-01 5.038921744889652832e-01
5.729446278109817214e+00 4.796999430219710980e+00 4.070418790106497653e+00 3.878052097033834134e+00 3.701663766345161477e+00 3.590908465209210032e+00 3.486995914869112312e+00
1.353049752996127353e+01 1.183469983583489515e+01 1.034890270853202132e+01 8.216732575564442698e+00 6.919353418399226463e+00 5.770506494350621018e+00 4.939619695830576696e+00
1.518206036190974162e+00 1.305104745610241812e+00 1.124235002048300514e+00 9.817157777270428820e-01 9.002871630424086336e-01 8.454760965950051110e-01 8.040934107608593839e-01
3.168150787289426784e+00 2.513450494378134170e+00 1.977683051019222704e+00 1.798347180688684155e+00 1.630386032440906519e+00 1.554482380223684235e+00 1.482789931216540014e+00
7.730669690597946619e+00 7.592367741386321534e+00 7.459729222610032018e+00 6.319574874749134707e+00 5.546556762755828984e+00 5.676476838277679349e+00 5.816761245539656677e+00
1.931015482060226551e+00 1.797425779999531015e+00 1.637160215045795564e+00 1.575242392649274015e+00 1.518546695065626340e+00 1.441692445645931686e+00 1.376980169772342055e+00
5.852451552439458027e+00 5.554295450747654961e+00 5.252178766817284128e+00 5.065149549155621322e+00 4.887632448462150059e+00 4.718514971137637737e+00 4.560260434060230850e+00
1.462676743343551244e+00 1.098295527996975274e+00 7.752760490203823851e-01 6.532170143897828574e-01 5.494343294033281477e-01 4.626448553483982762e-01 3.900821312348727310e-01
4.169868692273249522e+00 2.547369421279348956e+00 1.729034928659636483e+00 1.665230694051421878e+00 1.604856879889708265e+00 1.550635358345496595e+00 1.500822764073961979e+00
8.979055719800667079e-01 8.809193528795221662e-01 8.645414478112082302e-01 8.492001923214590464e-01 8.343944620921442956e-01 6.419025560002791231e-01 4.534723640679133028e-01
1.700190963752847750e+01 1.717439976516545741e+01 1.733770756629732546e+01 1.625294587903054477e+01 1.533735683436458253e+01 1.432369119001161373e+01 1.336233216213092767e+01
3.379599886748968718e+00 3.094113310601679157e+00 2.855689792397327675e+00 1.994320103811408007e+00 1.587331268980108456e+00 1.369539598586083873e+00 1.219133808073625591e+00
2.045151344037055452e+00 1.749608354649893061e+00 1.504830946444536188e+00 1.343698418254476001e+00 1.213890009679705617e+00 1.152431605662096459e+00 1.097383743336006523e+00
6.339190084246459911e+00 6.146651067553598580e+00 5.955824603911148429e+00 5.111487806983427085e+00 4.480987096127765135e+00 3.680104291587552368e+00 3.135031315561099152e+00
4.154723414945785898e+00 3.537204405118578254e+00 2.909856573723229367e+00 2.568896810277930598e+00 2.311705592647690377e+00 2.150608281199329230e+00 2.022915439194889142e+00
4.126911150088647062e+00 3.654813709677531275e+00 3.244799010739450207e+00 3.191474865317499798e+00 3.138803501827939435e+00 3.047539077791543427e+00 2.959299099262845623e+00
2.363793254136278055e+00 1.883604982811069695e+00 1.413160435797370829e+00 1.498282165950598932e+00 1.578426800451096845e+00 1.564945390520225299e+00 1.550268597505554791e+00
