4.136527426264807739e-01 3.793900666883585071e-01 3.435889716581645992e-01 3.165294097344459878e-01 2.885614082229916999e-01 2.764251544319795695e-01 2.647111314340018229e-01
3.138483712191072472e-01 2.171462299780448635e-01 1.435058331468337389e-01 1.349022253707999885e-01 1.275718549823395276e-01 1.301351670243554304e-01 1.323394965029884296e-01
4.422186842318551747e-01 3.585016450791984610e-01 2.793337580136364684e-01 2.490789447025164860e-01 2.253984129727587549e-01 2.082447324647077047e-01 1.910915003042401028e-01
1.864831551265436205e-01 1.694090003005263301e-01 1.534587981737800255e-01 1.595346215581798788e-01 1.647977118947455411e-01 1.554573150686358596e-01 1.463796081066820742e-01
4.372883371360103411e-01 3.316043494571263572e-01 2.398928563514256540e-01 1.830510036996569334e-01 1.394204659984594197e-01 1.180568104154911951e-01 1.000695517230117265e-01
2.024054096101582656e-01 1.358454173770088924e-01 1.009160006093429707e-01 9.621340711815563884e-02 9.218759550707360251e-02 8.652146360624798915e-02 8.067947297136088269e-02
2.700650115457777223e-01 2.550762572350918633e-01 2.422523021241629881e-01 2.252451171752709591e-01 2.097672822784693580e-01 2.034413361800743170e-01 1.975967186100370254e-01
0.000000000000000000e+00 0.000000000000000000e+00 0.000000000000000000e+00 0.000000000000000000e+00 0.000000000000000000e+00 0.000000000000000000e+00 0.000000000000000000e+00
4.266475719353755025e-01 3.807837499187523567e-01 3.327829425906533301e-01 3.006071666895641648e-01 2.700254096669491566e-01 2.520188768062707751e-01 2.352443876526246480e-01
3.706926534780910498e-01 2.175330179755498305e-01 8.656373268480148375e-02 5.731440425057418575e-02 3.596816014015261076e-02 4.476013996665493405e-02 5.334486109106237328e-02
1.650236233970930610e-01 8.970126582356342804e-02 4.098111933545974667e-02 4.061121846495676507e-02 4.039378244787093092e-02 3.862555497776284930e-02 3.733938739306140453e-02
7.135451426354459947e-01 4.765799508097099957e-01 3.134421510102174957e-01 2.594502470771966607e-01 2.218976875127487980e-01 2.036171020584878477e-01 1.898684573754332028e-01
7.105312207165030980e-01 3.998843074312939949e-01 1.837181148943951015e-01 1.697834713543314722e-01 1.552819214263242431e-01 1.782753559259308840e-01 1.998739997983321748e-01
5.020869342414326919e-01 3.490498491490192090e-01 2.338385742249706745e-01 2.027093173830154804e-01 1.795755086689339586e-01 1.731106094964389164e-01 1.678064644024617469e-01
7.135451426354459947e-01 4.765799508097099957e-01 3.134421510102174957e-01 2.594502470771966607e-01 2.218976875127487980e-01 2.036171020584878477e-01 1.898684573754332028e-01
6.653765486861454859e-01 4.567861876023547874e-01 3.162845544906072726e-01 2.936427044876545045e-01 2.738482581950233974e-01 2.823149239048825532e-01 2.900573447986374287e-01
3.354490823715496339e-01 1.932426178558903918e-01 1.013498186855444627e-01 7.697149954087857682e-02 5.735721445602872531e-02 5.981730996365079017e-02 6.198569973462431798e-02
5.794435515213942900e-02 3.753232322246894542e-02 1.659493246754624798e-02 1.728427366402483789e-02 1.791620136786607059e-02 3.935805999012009782e-02 5.684395473461491960e-02
3.850251438934936266e-01 3.490939356447145259e-01 3.131390132774903856e-01 3.171147470664951729e-01 3.206384638631893380e-01 3.281427628826248388e-01 3.342159813177620897e-01
2.920973064927996354e-01 2.794735514300198953e-01 2.666961638270409218e-01 2.592868273024248049e-01 2.517238716322577896e-01 2.456578665618670554e-01 2.395474399394662834e-01
6.727324296688435012e-01 3.752641098204908543e-01 1.444390386055585118e-01 1.362594989055012362e-01 1.278104257002237454e-01 1.582145518871282686e-01 1.867070024218482338e-01
3.953867154180241150e-01 2.793901902416928151e-01 1.877391035466254576e-01 1.677639096968950028e-01 1.523062402492835199e-01 1.517870189562097460e-01 1.513345206881303862e-01
3.968931671190464305e-01 3.775958711319543082e-01 3.574741022050547667e-01 3.391163457067992160e-01 3.177404530952429584e-01 3.167160052660611402e-01 3.156676190441142227e-01
7.135451426354463278e-01 4.765799508097102177e-01 3.134421510102176622e-01 2.594502470771967717e-01 2.218976875127488535e-01 2.036171020584878477e-01 1.898684573754332583e-01
7.247417054092316624e-01 4.871960531481744350e-01 2.676407237064973299e-01 2.656583740717476383e-01 2.639671421146214114e-01 2.491118034684278171e-01 2.362864191120689072e-01
4.338466794524649672e-01 2.602634421410431886e-01 1.085269305523957617e-01 9.116335636652761476e-02 7.897413091690300146e-02 7.712218215996453907e-02 7.554069831908954979e-02
2.295263306813854209e-01 2.093538160589681896e-01 1.911241008978209477e-01 1.835593822886756321e-01 1.794303352439812482e-01 1.924804157739279098e-01 2.002640152296636111e-01
1.911687040432155094e-01 1.907477597346739495e-01 1.903797793031756780e-01 1.758654593739705507e-01 1.654037580338580948e-01 1.447501227888382813e-01 1.255353190198203184e-01
1.466059279647727032e-01 1.383377705377998867e-01 1.309288271727254982e-01 1.212751681862485470e-01 1.119447594846155886e-01 9.970903515947629470e-02 8.790196028994055888e-02
1.095276421053018867e-01 9.333619236306733846e-02 7.711353556321089153e-02 7.833629006419104424e-02 7.950136073305198725e-02 7.830609296304873179e-02 7.727708120565032757e-02
1.373443323797145788e-01 1.052342452239407450e-01 7.490766882037119823e-02 6.652408885528660054e-02 5.900030877813004782e-02 5.621689194862832667e-02 5.356303157508972290e-02
4.496490156264836835e-01 3.310114250764291666e-01 2.172910441982300878e-01 1.888282670338284341e-01 1.605801702199188274e-01 1.575282336276064843e-01 1.546310082760490034e-01
4.521195006914811576e-01 3.042028313323738575e-01 1.598432209184313668e-01 1.655624562947474454e-01 1.702854310018576123e-01 1.652678851722588771e-01 1.610157987700624460e-01
4.510706858001329311e-01 4.132034427856305370e-01 3.759695522091962006e-01 3.534556633550538507e-01 3.372973636110104256e-01 3.449490380616877516e-01 3.515218363893594655e-01
3.632389414252015225e-01 2.080520317073355219e-01 7.699318710704912416e-02 6.479669838953375227e-02 5.433068657822279907e-02 6.144008608684943529e-02 6.813968355531249688e-02
1.403566922247058424e-01 1.379636757603086017e-01 1.356144556752279795e-01 1.366027597208212818e-01 1.375146571370683413e-01 1.311149354613467821e-01 1.245244276323954347e-01
5.523901757342624119e-01 4.609090232021931799e-01 3.354220379159016940e-01 3.431652417780281517e-01 3.499388590199961624e-01 3.868259289488746866e-01 4.120011496015354990e-01
4.425226205038445548e-01 3.104955387763141950e-01 1.821894473456751318e-01 1.486569857520590732e-01 1.183856430121719705e-01 1.222347267876896931e-01 1.259573686566955730e-01
4.672837488645780746e-01 3.457527806287136185e-01 2.317307808802968883e-01 1.666742709714440773e-01 1.197913558853475752e-01 1.045960030304343841e-01 9.157271826877989851e-02
8.324371681159545844e-01 4.622163048258663975e-01 2.689444370289311714e-01 2.433749874912349842e-01 2.163260289364765110e-01 2.230277873798661992e-01 2.293562548872092322e-01
4.422186842318551747e-01 3.585016450791984610e-01 2.793337580136365239e-01 2.490789447025164860e-01 2.253984129727587549e-01 2.082447324647077325e-01 1.910915003042401028e-01
6.309360766770918394e-01 5.872616694892822675e-01 5.548156933654297962e-01 5.129558133700720113e-01 4.921428285628280386e-01 4.052066221839881743e-01 3.491891376782854661e-01
6.129265105870689706e-02 3.874542177646898844e-02 1.484585300897533176e-02 1.520892988273900986e-02 1.556526000495589424e-02 1.744258973115723338e-02 1.928903378985586184e-02
4.095972447435421993e-01 3.676319185765518638e-01 3.245219028053240029e-01 3.076962382792629014e-01 2.921765474009645480e-01 2.867519967039023898e-01 2.820120431471127564e-01
6.344707683801975584e-02 4.605888818877900553e-02 2.827295231081536006e-02 2.861653675717222567e-02 2.893125745627397882e-02 4.593715183133432328e-02 6.022119049322471884e-02
8.941145314836275171e-01 8.487054573506106481e-01 5.922280785235670697e-01 6.192423520399024106e-01 6.397943451309855423e-01 6.608469950195541287e-01 6.664816218393604386e-01
2.526167820970428024e-01 1.842351205007458081e-01 1.227698922887450056e-01 1.160663302225562604e-01 1.105229871085019328e-01 1.120828966378449032e-01 1.133849522286327627e-01
6.953478251813883793e-01 5.211785000844041393e-01 3.716388438266592376e-01 3.745743361471979838e-01 3.765631403146037504e-01 3.326677144281935394e-01 3.002136007150689734e-01
