4.103278898103260852e-01 3.415791995303730233e-01 2.754599291993635735e-01 2.662587803850493540e-01 2.580114118508206045e-01 2.388085875576091144e-01 2.196095734812084643e-01
3.043680628504671359e-01 1.999954473464030380e-01 1.181424588273802256e-01 1.127643488860363835e-01 1.079234721959576176e-01 1.015286478721463964e-01 9.568408762262937961e-02
4.536139649943772278e-01 2.993827701444616296e-01 1.797208684225733710e-01 1.720994689196794214e-01 1.653617587612087603e-01 1.460532096906303756e-01 1.274308801693246618e-01
1.803236431785537885e-01 1.521884938351645844e-01 1.250560455421153294e-01 1.230440371215478640e-01 1.211091624049807913e-01 1.167550318571535378e-01 1.124669549142792990e-01
4.465595895316439301e-01 2.717544146426383866e-01 1.551421092718919537e-01 1.412720009970024337e-01 1.283445192589340311e-01 1.082752639671244327e-01 9.067890906350914437e-02
1.894616321261587688e-01 2.066912193792334318e-01 2.138462000573546073e-01 2.055017313647899135e-01 1.980780209476269149e-01 1.993842003503260851e-01 2.005872467641445778e-01
2.713567297691075186e-01 2.428066629400442433e-01 2.195859351215664335e-01 2.039932472604321367e-01 1.899214719911433980e-01 1.784085695563692175e-01 1.671816647935288891e-01
0.000000000000000000e+00 0.000000000000000000e+00 0.000000000000000000e+00 0.000000000000000000e+00 0.000000000000000000e+00 0.000000000000000000e+00 0.000000000000000000e+00
4.079254918731016200e-01 2.609112906404176813e-01 1.514654581588171511e-01 1.541912943515189038e-01 1.563519172999558726e-01 1.443617763869036452e-01 1.320552751190648411e-01
3.698373258630198168e-01 2.417961224606688386e-01 9.302238210287462616e-02 7.575935115243026541e-02 6.075422819722750556e-02 4.979193319504414406e-02 4.003546782736226717e-02
1.688407440770174073e-01 6.653876336275563186e-02 3.231659403788395696e-02 3.722271254770999349e-02 4.189284582743808827e-02 4.275647802822622051e-02 4.357432778713025978e-02
4.192185333388878110e-01 2.542817438448841671e-01 1.089736104420628848e-01 9.028609757800348801e-02 7.245537723942667430e-02 6.950964495643094376e-02 6.683778325502075235e-02
7.066719202417410806e-01 4.084132644569560266e-01 1.818031009992867875e-01 1.572796662115892863e-01 1.335333040278795513e-01 1.257524708535712743e-01 1.179501186130399448e-01
4.850422759377914228e-01 2.899915714262958355e-01 1.640679418621326657e-01 1.457383586313538981e-01 1.292758329618398372e-01 1.272400536129191795e-01 1.252781228258290080e-01
4.957758830007079065e-01 3.145664603807760695e-01 1.777157760293134603e-01 1.524067272258510519e-01 1.269159875163432816e-01 1.212649528424246947e-01 1.162511401377886860e-01
4.655109408175120977e-01 3.457534629652361247e-01 2.269134050405309799e-01 1.965817698868961849e-01 1.640337347383847844e-01 1.582576408050369865e-01 1.524533056307723899e-01
3.137911249160192928e-01 1.866683542486455016e-01 1.014432778336310931e-01 8.843922493345343638e-02 7.578695717101903429e-02 6.938599809924317352e-02 6.342723206503272926e-02
6.640875215215763516e-02 4.144119631687794708e-02 1.686882219223668350e-02 1.714571276852874457e-02 1.740137480015275726e-02 1.617963909159318703e-02 1.511148206236671669e-02
3.620950534713857638e-01 2.923851126303713133e-01 2.316887766651292702e-01 2.074304629665522093e-01 1.842166599490399626e-01 1.812942331954881248e-01 1.784455234846615557e-01
3.040568529668525866e-01 2.927177686129969758e-01 2.811773326144433871e-01 2.627513891618796227e-01 2.429392501585458664e-01 2.282905187028608229e-01 2.134052151051582802e-01
5.306009361647709976e-01 2.852948482067070302e-01 1.245457370598869740e-01 1.275338944705723676e-01 1.300047770810679182e-01 1.188460088957743049e-01 1.072571047326271176e-01
3.610242234679441609e-01 2.602672707021184140e-01 1.630981527085989258e-01 1.417147529238954318e-01 1.229044580841893025e-01 1.089609944847143019e-01 9.602194475921928263e-02
4.140185267961526971e-01 3.323160578396420206e-01 2.517052944875754483e-01 2.303611102526977317e-01 2.071463145773144165e-01 1.924456816182504582e-01 1.782711694546164349e-01
5.673984204083910576e-01 3.476939668913944792e-01 1.692095921408916792e-01 1.583399195716794217e-01 1.490668417579889271e-01 1.388041650970689433e-01 1.289588406351332706e-01
5.229874768183707667e-01 2.525939157855898176e-01 1.029367115883970812e-01 9.987010664695092355e-02 9.704137064867832119e-02 9.464725139168186918e-02 9.246190309176578748e-02
4.440375091834534160e-01 2.069357616509316378e-01 6.693226812303242068e-02 6.404622080140390250e-02 6.150289545372692596e-02 5.440892420583447880e-02 4.866833209414372918e-02
2.146866266876322482e-01 1.331391849101888347e-01 7.315348953348377314e-02 7.052260525578861461e-02 6.800064856177329142e-02 7.386067797425728554e-02 7.922341099031234013e-02
2.408780621117456999e-01 2.246998042990045186e-01 2.108646132105536364e-01 1.815472298372003412e-01 1.574759329873551272e-01 1.346939846874051216e-01 1.141138218269827087e-01
1.533250065382270877e-01 1.388667635224445362e-01 1.257922649296313033e-01 1.189034907374084959e-01 1.121948124482540221e-01 1.003245281502724712e-01 8.915033430588617525e-02
1.403907814367598705e-01 1.039940110571789950e-01 6.859340242182365710e-02 6.706318962902678427e-02 6.552664392412163585e-02 6.101699239453526463e-02 5.689069874266611260e-02
9.279127176475740479e-02 9.310465075447736660e-02 9.335422732228730591e-02 8.348689643764189983e-02 7.450054085468064968e-02 7.030540959798632639e-02 6.640748518673149359e-02
4.490977961671663299e-01 2.842464598522186359e-01 1.483838324564815958e-01 1.231433214842008322e-01 9.913941251470079208e-02 9.316110297399878004e-02 8.718378911109871121e-02
4.440406203039465316e-01 2.674664527415963611e-01 1.212373312801425518e-01 1.074148656080787106e-01 9.439921436739788507e-02 8.955813176879531823e-02 8.486031793280422730e-02
4.485204860205765920e-01 4.013961103327862157e-01 3.539970299431468015e-01 3.183310900660001330e-01 2.803898884678603931e-01 2.690572433768002036e-01 2.584367922269905082e-01
3.761409807864317667e-01 2.093495516612325080e-01 8.098451419228316905e-02 6.916888113128626114e-02 5.779816202258671043e-02 5.610128817958654618e-02 5.442770003618305902e-02
1.393856440267592645e-01 1.334497413861237269e-01 1.276968294912369239e-01 1.219866577657246487e-01 1.167858013693456321e-01 1.136274408200455138e-01 1.105516854000004046e-01
4.780525843830266686e-01 3.871340471065144451e-01 2.779494493634194208e-01 2.575713330690203584e-01 2.377860003565011593e-01 2.188616666004560285e-01 2.023950892872613261e-01
4.414632819894430682e-01 2.890933638987042142e-01 1.404534063331652760e-01 1.197898821883343484e-01 1.001269895665099913e-01 9.034768235030755934e-02 8.094195565983157425e-02
4.816806207277769536e-01 2.732777678738849692e-01 1.330198242566752453e-01 1.184019581209021232e-01 1.052026676844572545e-01 8.699916233408021282e-02 7.160998753976341447e-02
8.281562534526408781e-01 4.095544012768639330e-01 1.977309779504473342e-01 1.699497286259387396e-01 1.430641519417013563e-01 1.368267946384958966e-01 1.304587303941257825e-01
3.986247930759188041e-01 2.489496983198712654e-01 1.448845926645561388e-01 1.162708448582713688e-01 8.987041932073452921e-02 8.827005851262537117e-02 8.682770597490202524e-02
4.409790397926921512e-01 3.590903042600421813e-01 2.820976522131149467e-01 2.774223079458625341e-01 2.732238691198073388e-01 2.589625622915736058e-01 2.455671961089321842e-01
5.833270581169464064e-02 7.961674429335688363e-02 9.761014487690479469e-02 8.792152408712314293e-02 7.780205133601744705e-02 7.539708868694747212e-02 7.291412577583344934e-02
3.961452444788597371e-01 3.020695488578254428e-01 2.251416010811693458e-01 2.153433933121818578e-01 2.067976049851148190e-01 1.946531320845817370e-01 1.825469006795476246e-01
7.183250019168635481e-02 4.898582765501641872e-02 2.634089502725463564e-02 2.567388567774134961e-02 2.506479888629804462e-02 2.306247006747472530e-02 2.127819561037889301e-02
6.445220110903036037e-01 4.396925862013006392e-01 1.720197859908886295e-01 1.410777086200696029e-01 1.149763723333256660e-01 1.131607004873165373e-01 1.113712938021553939e-01
2.529822004920787015e-01 1.490070077602409782e-01 8.091590530827987016e-02 7.786812790805677786e-02 7.499876097219941584e-02 7.554017598711754156e-02 7.607220921078121367e-02
6.744786788086130080e-01 4.200467272019604570e-01 2.298538026364392028e-01 2.301965543609771903e-01 2.305125974993696980e-01 2.208977450824702593e-01 2.119346081399663684e-01
