4.141732668006560258e-01 3.594948456673417447e-01 3.039576933091548416e-01 2.624988548302299995e-01 2.260263731415296240e-01 2.032502621440801793e-01 1.830442297682372266e-01
3.018152739674694884e-01 2.085084429245208093e-01 1.325975590045733454e-01 1.226953977844734700e-01 1.143272767510882665e-01 1.121052930974918149e-01 1.100781927198463545e-01
4.517910064059137976e-01 3.095837215018592548e-01 1.973658696919935729e-01 1.787716440676654917e-01 1.624040132563189520e-01 1.378523651893693858e-01 1.132479361631926335e-01
1.827151879083115660e-01 1.575423702330413234e-01 1.328390812578000568e-01 1.312482772923400376e-01 1.297476911182421089e-01 1.234383905536285408e-01 1.173448789999097241e-01
4.263565594900682876e-01 2.463231701712448596e-01 1.164375716213431056e-01 1.140577746436293588e-01 1.122416606017818258e-01 9.184265463262533680e-02 7.480214669997059529e-02
2.574058645056631067e-01 2.055007271433191007e-01 1.827110902843181450e-01 2.145466921548872807e-01 2.330222174462761031e-01 2.437967402831286157e-01 2.531700572300189522e-01
2.747056724338979850e-01 2.540670931594428694e-01 2.353303542657975700e-01 2.212492393614821085e-01 2.084714196065432512e-01 1.926911860303205382e-01 1.780504910395582507e-01
0.000000000000000000e+00 0.000000000000000000e+00 0.000000000000000000e+00 0.000000000000000000e+00 0.000000000000000000e+00 0.000000000000000000e+00 0.000000000000000000e+00
4.071548373171903767e-01 2.800788531241200086e-01 1.738467606002886134e-01 1.491338823535547642e-01 1.312690180085497316e-01 1.216427383067828910e-01 1.127371103994608686e-01
3.700727787354277099e-01 2.090646868684970794e-01 6.018028304259687156e-02 4.688383510514450292e-02 3.506375127062529018e-02 3.080222844446462924e-02 2.706840135879890266e-02
1.557655900710574748e-01 6.028771411829638577e-02 2.093675838968927713e-02 3.247943976055196746e-02 4.187197024413035623e-02 4.139192888798066267e-02 4.100261248016278531e-02
4.117557150373253316e-01 2.347971661953709710e-01 9.371135917349367184e-02 7.723639523971433107e-02 6.323224858238057910e-02 5.818664040204273025e-02 5.385557138179683512e-02
7.011626355880677952e-01 4.442840227595451497e-01 2.185741264414189367e-01 1.871771125693358073e-01 1.586311093949248630e-01 1.542935718198354400e-01 1.501431159576919194e-01
5.079471040893756006e-01 3.085201485431297019e-01 1.678582730137048729e-01 1.593099659451090722e-01 1.524509430140339739e-01 1.371775713460252899e-01 1.247119718517613191e-01
5.128431167902504084e-01 3.388823734692515965e-01 1.690069613207724197e-01 1.390442300699353262e-01 1.187012258815511867e-01 1.146419730290819672e-01 1.110681271807414106e-01
4.661686716179005985e-01 3.440347240000461437e-01 2.235135280097517996e-01 1.914108887871917575e-01 1.587302732616427958e-01 1.498731032480792036e-01 1.413447056164641724e-01
3.239419309038225059e-01 1.886234671553519149e-01 9.458188560333963268e-02 8.290985461575656190e-02 7.329250711952303710e-02 6.432187911392422963e-02 5.703710789439473544e-02
5.402692625434879492e-02 3.158271865422983965e-02 1.048900184434137586e-02 9.951929351589634126e-03 9.524335871869824693e-03 1.808183782408050166e-02 2.527024533215133095e-02
3.644001329823808311e-01 3.048473719381757929e-01 2.463768905244775043e-01 2.382671850361307020e-01 2.308091350155818122e-01 2.150625276228187721e-01 2.008377097249987031e-01
3.025561822938365175e-01 2.921459293149896719e-01 2.816980927882578034e-01 2.681405978906809540e-01 2.533522644322279693e-01 2.303638185627940593e-01 2.079597819973763029e-01
5.220874098495076332e-01 2.892390413467099131e-01 1.233522252376813011e-01 1.200493940023165951e-01 1.174132769142049726e-01 1.106008663074974363e-01 1.048288148191789809e-01
3.865448836486048978e-01 2.800355517312608788e-01 1.696075197774234433e-01 1.532521777235427707e-01 1.401833219698049859e-01 1.311390410990091182e-01 1.226610314854891665e-01
4.163129918458593481e-01 3.327205636129116906e-01 2.524594293245863152e-01 2.108276132446680606e-01 1.691926399434945938e-01 1.456398506135737903e-01 1.249407175483009252e-01
5.663748026101036448e-01 3.614424540585943202e-01 1.730289928250036136e-01 1.548279019319158678e-01 1.412771135324909222e-01 1.282526554962361010e-01 1.176211364033924178e-01
5.120517673159002969e-01 2.483699531746438594e-01 8.235386431120234052e-02 8.793310803540849152e-02 9.205911984475337317e-02 8.940995978594801219e-02 8.721774995650048712e-02
4.489639197831133410e-01 2.125032468991137347e-01 6.211612209432872123e-02 5.928632477481975138e-02 5.734112546966781826e-02 5.620022242572297877e-02 5.522512297641900963e-02
2.146404952876135863e-01 1.533740555055924937e-01 9.882380044722922918e-02 1.068873585255470660e-01 1.139623792903947525e-01 1.352062268523219757e-01 1.504105745048676668e-01
2.220331193675513792e-01 2.215235079926688722e-01 2.210490932016143106e-01 1.870898408018814019e-01 1.606567933641368795e-01 1.349632559428795564e-01 1.126486405573779437e-01
1.580608882088815614e-01 1.384694892829676505e-01 1.207038537595918892e-01 1.070199557128819617e-01 9.467120984149955676e-02 8.502892009447725330e-02 7.600105946656707245e-02
1.287860330464662695e-01 9.381161188098185999e-02 5.897017811637813439e-02 6.037365556146694068e-02 6.156752935322543085e-02 6.266833007330188665e-02 6.373781716801452113e-02
1.566764133566968531e-01 1.347036166025698811e-01 1.158051728281017656e-01 1.272001552831411031e-01 1.374450980691956092e-01 1.328548555684845867e-01 1.284905641506619567e-01
4.503559677066264477e-01 2.992223809825493852e-01 1.623016878153468179e-01 1.481146762773619119e-01 1.337914984349777570e-01 1.157645154111144603e-01 9.820833925124165809e-02
4.513378352544294980e-01 2.708989161830137604e-01 1.051748920463665277e-01 1.030476122020549112e-01 1.012875886593974928e-01 9.813881996594386870e-02 9.543894885765714931e-02
4.441081184083515709e-01 3.532629144143930588e-01 2.761749422524601427e-01 2.580613131191006326e-01 2.417557912323132496e-01 2.350578318479926987e-01 2.284909966190541153e-01
3.818079893200498343e-01 2.010773748201064304e-01 6.127684991666292741e-02 5.772563665770717029e-02 5.446693807018685579e-02 5.190951607330595435e-02 4.955755688685899163e-02
1.380670754146366974e-01 1.281694896420663976e-01 1.182558333983152743e-01 1.195266406846925145e-01 1.206436326719666358e-01 1.149258315318057722e-01 1.094030432853337342e-01
4.761963199137852487e-01 3.813711261816714049e-01 2.654870463704107064e-01 2.547663487942389837e-01 2.451201792356883791e-01 2.194999134552986508e-01 1.983807751043804857e-01
4.414390820697881024e-01 2.762386557178677093e-01 1.268322616252235968e-01 1.122540015823660225e-01 9.791414619171416589e-02 8.453597477949890970e-02 7.193920099882609998e-02
4.687443651464517913e-01 2.543515159626962285e-01 1.035509494796266750e-01 9.866120401691737263e-02 9.496736520254341063e-02 7.926179058643142983e-02 6.604673575942736352e-02
8.244322963585367647e-01 4.629851106713402387e-01 2.568320917710577578e-01 2.300459680412252628e-01 2.017722301442442800e-01 1.939086542857257067e-01 1.863579492636989465e-01
3.995090488441029875e-01 2.474203921809379203e-01 1.321987971426491215e-01 1.135318335987918204e-01 9.938307584766783997e-02 9.005203968822923788e-02 8.212829472389149288e-02
4.371349343510029795e-01 3.744261664076535823e-01 3.122177014514079252e-01 2.979534481786444422e-01 2.857099998498557891e-01 2.643439084577913767e-01 2.446695387271888844e-01
5.852594345524564368e-02 5.506617461795287188e-02 5.185901793932561760e-02 5.351091653329057007e-02 5.513898113354517849e-02 5.521119004545794323e-02 5.528494531702316667e-02
3.986650961183844100e-01 3.210941659964539063e-01 2.498025000780694782e-01 2.303554810544116427e-01 2.135763758222912478e-01 1.966397875283457386e-01 1.815987782818863361e-01
6.089369980545752958e-02 3.868445429020987009e-02 1.746134171587050005e-02 1.673319294634292159e-02 1.614580471198965098e-02 2.289551990245818763e-02 2.868397710705453130e-02
6.401773704312363478e-01 4.922497444357091800e-01 2.265065370386905308e-01 2.084679802476515076e-01 1.928380324770048726e-01 1.599814741259543149e-01 1.337844967383571837e-01
2.548474143724643870e-01 1.610309038378105184e-01 9.181520235613800651e-02 9.192032614882443553e-02 9.201185054508738415e-02 8.458627879679821160e-02 7.813753887510652141e-02
6.719997240596592425e-01 4.381484943179576041e-01 2.387507153846654961e-01 2.398668863211585733e-01 2.407221785445290696e-01 2.159108637320898139e-01 1.952806319094502197e-01
