4.116732548660846924e-01 3.507352155937785709e-01 2.866795493393983207e-01 2.509684142409803753e-01 2.146877674147334991e-01 1.907823261159328765e-01 1.684669693422262970e-01
2.924002387948911874e-01 1.915923889140504488e-01 1.122954688948628460e-01 9.743333894465573686e-02 8.413151477553232338e-02 7.921381599282822927e-02 7.459428172763543641e-02
4.317426529067087682e-01 3.450638483440039428e-01 2.589332097337798677e-01 2.319339053635843251e-01 2.080204272207621385e-01 1.947520053667697870e-01 1.812810203566732337e-01
1.648076084705872857e-01 1.453315036574704955e-01 1.259970127293884856e-01 1.191869350053796073e-01 1.127326000149632551e-01 1.127710668097417490e-01 1.128084443118822916e-01
4.190408004385700602e-01 2.394468361552868629e-01 9.226443369808715045e-02 7.680340994582293690e-02 6.330949619467736433e-02 5.007891411897954365e-02 3.770944046081636108e-02
1.919516340336839266e-01 1.287575994749774466e-01 9.536054292191836756e-02 1.014482389841898785e-01 1.063844845046225118e-01 9.314358331687135062e-02 8.104010284624603433e-02
2.636722534462455081e-01 2.371778454246702139e-01 2.135893405821926716e-01 1.952778154205802308e-01 1.794100436445258129e-01 1.679381419740768044e-01 1.570090683929272757e-01
0.000000000000000000e+00 0.000000000000000000e+00 0.000000000000000000e+00 0.000000000000000000e+00 0.000000000000000000e+00 0.000000000000000000e+00 0.000000000000000000e+00
4.049423823848133930e-01 2.803914991344744201e-01 1.707264307478462972e-01 1.356546481896709899e-01 1.068387012466785052e-01 1.007545973243583470e-01 9.492583243560613615e-02
3.701403613363029588e-01 1.814895218511746455e-01 3.886979057355536421e-02 3.007000145247714154e-02 2.322551970471859600e-02 2.288764560451461011e-02 2.254735375344800105e-02
1.521231225625526151e-01 6.379464482611214848e-02 1.954964622044442352e-02 2.002303354021798057e-02 2.047134643255114905e-02 2.107971623286763324e-02 2.167452287629374405e-02
4.068333566733815521e-01 2.233338297207234924e-01 7.528170133137969400e-02 5.426794223006289886e-02 3.482544939481438395e-02 3.224790740863011512e-02 2.960817905577817905e-02
7.036851488967522661e-01 4.333272321404376126e-01 1.959339659480090201e-01 1.635378804288036558e-01 1.320981478907271023e-01 1.212955702271169556e-01 1.112322751889543160e-01
4.867252634720781179e-01 3.251915816510250745e-01 1.891761322110538379e-01 1.435932906005905618e-01 1.024817573060873704e-01 8.936902631188753388e-02 7.626209298841066242e-02
4.929810176603970917e-01 3.301983069266523074e-01 1.545111165844725298e-01 1.158976996864393288e-01 7.993407652590629742e-02 6.914767085251530276e-02 5.927161483003384052e-02
4.732385100733336736e-01 3.354043744853150155e-01 1.902073296486186949e-01 1.676762428397818028e-01 1.426855813324013067e-01 1.368226648599960849e-01 1.309302703076847263e-01
3.352510932004693633e-01 1.767318894674099194e-01 7.930877857116236385e-02 6.461346478460175402e-02 5.127560026381842301e-02 5.009385672442146636e-02 4.891476770194005952e-02
4.743968241411992970e-02 3.057604403192597242e-02 1.300800605726891435e-02 1.117047814032383520e-02 9.584424453904491492e-03 8.624980658959002788e-03 7.721602803956576812e-03
3.564230303400521827e-01 2.680733539566534374e-01 1.913961060613995346e-01 1.664688868477357808e-01 1.428835741173249130e-01 1.360227236978679977e-01 1.291281823692721764e-01
2.980277422741935411e-01 2.838343978511023158e-01 2.690125316182191972e-01 2.592697090041219954e-01 2.490752845220602363e-01 2.356210117398494508e-01 2.216784859552737297e-01
5.285247766148052362e-01 3.286656066251452124e-01 1.572056225026420284e-01 1.298605896238284596e-01 1.057394404097389690e-01 9.936180621708645688e-02 9.333708471833022935e-02
3.598291150003400940e-01 2.465643302510982515e-01 1.411711161300969741e-01 1.139922365139257321e-01 8.876949331364566986e-02 7.286291080193738057e-02 5.730895993207511807e-02
4.156719078518226751e-01 3.026750623411654240e-01 2.038863968901882540e-01 1.658034471327052284e-01 1.252127835848455828e-01 1.118747652922661845e-01 9.891417780008311678e-02
5.597510831276976129e-01 3.810325029748602432e-01 1.962492714609455347e-01 1.385757459908491807e-01 8.996790971453169639e-02 8.129582306602384234e-02 7.286085095025203462e-02
5.051542578097848457e-01 2.619538563329832925e-01 8.326452923015355279e-02 7.155018361909223912e-02 6.099005746283456958e-02 5.819808314685436662e-02 5.545603345561679609e-02
4.149216516827879397e-01 2.191685370281065692e-01 7.143350448512121587e-02 5.663589525534997587e-02 4.386665904060262772e-02 3.907359656907258977e-02 3.470136529860940594e-02
1.862233994639666268e-01 1.396974096679257649e-01 9.747000336117910002e-02 9.106960297131903859e-02 8.442876570318592899e-02 8.194878299006949640e-02 7.955175467328236272e-02
2.016106500949184088e-01 1.882303484047031794e-01 1.768155591227970058e-01 1.642219720006474204e-01 1.554235083642117043e-01 1.269856136139965730e-01 1.021632512160200179e-01
1.411626079621108310e-01 1.231862178225116150e-01 1.069914331743716529e-01 1.045755412991594413e-01 1.022107739070065441e-01 9.675059290088007524e-02 9.142878144213366365e-02
8.800934839158124079e-02 7.479556936171939674e-02 6.155139899432210404e-02 5.988175409534764876e-02 5.823946450718101714e-02 5.789658675673343274e-02 5.753512506723502951e-02
8.376938789917526273e-02 7.307676766183562878e-02 6.374681071637895713e-02 5.740959648139105226e-02 5.183567770830687510e-02 4.589366526497598575e-02 4.044957509698740572e-02
4.468607043134703027e-01 2.883988453509129801e-01 1.398869024699451180e-01 1.072543256027353037e-01 7.495188977581911105e-02 6.969537947860847404e-02 6.457670928105249675e-02
4.363579723302624669e-01 2.790992009632142778e-01 1.144524408459638154e-01 9.138009731935829716e-02 6.982672237238174429e-02 6.299677735143997814e-02 5.610117467266013958e-02
4.476691454473846754e-01 3.503625371966445634e-01 2.545310939542932416e-01 2.408164870807364133e-01 2.262011602763584484e-01 2.192971199024615347e-01 2.121508180827312851e-01
3.472444122441274428e-01 1.862897282101367846e-01 5.731945146592749840e-02 5.010162777554823949e-02 4.357741845490883947e-02 4.054612501943604536e-02 3.764250922262896842e-02
1.262706831892976278e-01 1.175307516241014816e-01 1.086161339679207610e-01 1.066902374451347141e-01 1.049079064744055656e-01 1.050554969807108024e-01 1.052012075247662909e-01
4.623680462646829747e-01 3.729588539699220107e-01 2.567142802304560045e-01 2.321370536703822596e-01 2.088175707669236436e-01 1.881824315645659051e-01 1.701654441027271036e-01
4.408801637679379826e-01 2.707171016365594873e-01 1.090246952212544779e-01 8.213727268688740535e-02 5.746297854085976459e-02 5.402028011016719866e-02 5.060146896304736769e-02
4.486690136940058582e-01 2.615461948854463370e-01 9.964969008328554423e-02 8.019620110897637821e-02 6.323682914306552605e-02 5.115157529926839947e-02 4.006328944007243181e-02
8.330537182228893167e-01 4.696685244743079579e-01 2.380939284355897967e-01 1.906819578827634309e-01 1.368750566276671354e-01 1.211526716486729105e-01 1.063140669648617170e-01
3.869674621337184650e-01 2.436828481437663951e-01 1.245862764007310136e-01 1.072334616549864700e-01 9.214960075570037545e-02 8.793248005778857290e-02 8.384831910701796842e-02
4.352655827182512760e-01 3.518632351433872985e-01 2.731132222470507021e-01 2.546677022163107429e-01 2.376226402044186170e-01 2.235683061918117831e-01 2.109126362132944521e-01
6.000739897258875605e-02 4.015312324530632970e-02 2.154654373296103348e-02 2.560353871446389984e-02 2.904457887412750100e-02 2.228752288140035259e-02 1.610370159876307189e-02
3.930883198655535926e-01 3.038620384984528910e-01 2.242768794017158673e-01 1.987583978215359537e-01 1.748495141088094729e-01 1.620357529752466941e-01 1.496242718804620953e-01
5.271855738544390518e-02 3.760858090172441298e-02 2.190778552830670647e-02 1.877355947016309812e-02 1.602452358433178320e-02 1.484130259559650333e-02 1.371435833557536899e-02
6.358324556069188116e-01 4.010396393634739209e-01 1.329789081238335058e-01 1.092901973729925730e-01 8.940683070317692605e-02 9.100203039928514426e-02 9.253872323236302100e-02
2.481459552985616213e-01 1.724128005717478762e-01 1.075452615265643230e-01 1.003708611611477397e-01 9.377880737975971548e-02 8.593489468515899676e-02 7.858040650807761318e-02
6.692834874093919195e-01 4.545562072630972006e-01 2.516687793188480127e-01 2.382402807394132238e-01 2.258657637423692466e-01 2.167021605263074746e-01 2.079995168692363727e-01
