3.928302655325399684e+00 3.940029075677031312e+00 3.952331863934939626e+00 3.961252636067871702e+00 3.970247571022031963e+00 3.876077062732155909e+00 3.785539325284725809e+00
1.908304534480628334e+01 1.795218542140544926e+01 1.703327570099340704e+01 1.553918669466537139e+01 1.421917538343550191e+01 1.318997438195826355e+01 1.223102049153578541e+01
2.791067088396039786e+00 2.734828390673366361e+00 2.674792310257715133e+00 2.392550421835529573e+00 2.158786661576642452e+00 2.125211960289026258e+00 2.092074718612251694e+00
1.128292465438511449e+01 1.359524992163002999e+01 1.586129159631527763e+01 1.707905746605462483e+01 1.822744750881778941e+01 1.822943799397556575e+01 1.823138633568047595e+01
4.450841443422951293e+00 3.497159138601084738e+00 2.724636239585387365e+00 2.550407223237710408e+00 2.395711223133500933e+00 2.189803757224355607e+00 1.994711657356603496e+00
9.624561410626417124e-02 6.680297444092439529e-02 5.115195629129299509e-02 8.550604693813371182e-02 1.125670128039627099e-01 1.019510085322086201e-01 9.210185186503490329e-02
9.325608097929284357e-01 8.775936543169255977e-01 8.297415732062153326e-01 7.621581860388250140e-01 7.037679225849888809e-01 6.781719205595021505e-01 6.537658642953669830e-01
0.000000000000000000e+00 0.000000000000000000e+00 0.000000000000000000e+00 0.000000000000000000e+00 0.000000000000000000e+00 0.000000000000000000e+00 0.000000000000000000e+00
5.108325758522706650e+00 4.646841888683699295e+00 4.236794984996773650e+00 3.848691838301452339e+00 3.534967127295171707e+00 3.449773742159278900e+00 3.368156568192232747e+00
2.360285585394346075e+00 1.747889331078425146e+00 1.273073333697915421e+00 1.017270303384770980e+00 8.198408855354193392e-01 8.377317382906239729e-01 8.555655604208199927e-01
2.293319846265152062e+00 1.498531139830907577e+00 1.058097113914146625e+00 1.030011434424924488e+00 1.004393256740161666e+00 8.912800157137119594e-01 7.884109392261196003e-01
1.700824197692335282e+00 1.222696874217153562e+00 8.372463776677545599e-01 7.649082386676604450e-01 6.979481352521119675e-01 6.974589525477044027e-01 6.969699282195616075e-01
2.210298088191092081e+00 1.690869838120796720e+00 1.222332994918232663e+00 1.163099625737563203e+00 1.104197274524932881e+00 1.079119269409181570e+00 1.054370058039429070e+00
4.789286563163017263e+00 4.183539882866381454e+00 3.672785231081239665e+00 3.353370242071284757e+00 3.075824956840635949e+00 3.066164338523682087e+00 3.056556218020603843e+00
1.246469744114280243e+00 9.188127037543272202e-01 5.662064915570379497e-01 4.833081800224131030e-01 4.064834640543340538e-01 3.977768490280302882e-01 3.893167139542761390e-01
2.951415603719648839e+00 2.689960734230733230e+00 2.422485765837453453e+00 2.496646041666605420e+00 2.580896788792244489e+00 2.558286401972103441e+00 2.536039678450217938e+00
1.124549971990434605e+00 7.188081581148856314e-01 4.738536894659625132e-01 4.094349958273968970e-01 3.507018826751314711e-01 3.387226467340920810e-01 3.266996720105643792e-01
1.820207927833488526e+01 1.843372048607915303e+01 1.867261287928634417e+01 1.805334603967736129e+01 1.749040619515773898e+01 1.659184675912217344e+01 1.578450168295854361e+01
3.274362789345743430e+00 2.974130038527722952e+00 2.708173972193525181e+00 2.658071607035393580e+00 2.608685004594609946e+00 2.608329471676084754e+00 2.607968022062088220e+00
8.570374117551726734e-01 8.471496349363121237e-01 8.371341558686180573e-01 8.535798070690258088e-01 8.710895576117728689e-01 8.634091508768803047e-01 8.556426368755287726e-01
3.692674071674399983e+00 3.039391618192261113e+00 2.473534937494442865e+00 2.231926820162416725e+00 2.016020453558073022e+00 1.962650873448545052e+00 1.911266393927006257e+00
3.292165503498820645e+00 2.994904895951708834e+00 2.716496610157034475e+00 2.513652938209929300e+00 2.332711219554477911e+00 2.294903821434215896e+00 2.257647176143660062e+00
8.585877814446359224e+00 7.716760473058299930e+00 6.986716006786389599e+00 7.284272198419267319e+00 7.601522734534081671e+00 7.788963972491263377e+00 7.984663680403867758e+00
5.304059460273500726e+00 4.928174008391256855e+00 4.540943864718776979e+00 4.065213077708926370e+00 3.663621941489711542e+00 3.532077706472270151e+00 3.406789458303228546e+00
1.636490347646452514e+00 1.015639608592026732e+00 5.633474271162747238e-01 5.289994142471873273e-01 4.980822419780808752e-01 4.727956513352920553e-01 4.476347631062506105e-01
1.213778160102489512e+00 7.760143773962712155e-01 4.448766906692969703e-01 3.897203123339204600e-01 3.416467249013042662e-01 3.167007594915270396e-01 2.937665547746131089e-01
1.843139977359649251e+01 1.774515797555904939e+01 1.708701059660180022e+01 1.731142282058450022e+01 1.753408776644250722e+01 1.507629779257208291e+01 1.307682801169131004e+01
1.249222665957625544e+00 1.126483464450556804e+00 1.025250573040888957e+00 8.457350216285910438e-01 7.202805580751153736e-01 6.541297728249090282e-01 5.916005217292082952e-01
5.759691375035242977e+00 5.494807530856428812e+00 5.257642160387133501e+00 5.246674920068360670e+00 5.235953925405320675e+00 5.146650679987215149e+00 5.060494065926417484e+00
1.075480446795420875e+01 1.038392641129120442e+01 1.001338317191671479e+01 1.014500399297228661e+01 1.027503862256327949e+01 1.018686350515522854e+01 1.009750875097316580e+01
8.474073902996767105e-01 8.167339907955519784e-01 7.883249593632427610e-01 7.121347042074014366e-01 6.489875054206266647e-01 6.245291483630409646e-01 6.017737938641177786e-01
5.831449770105342267e+00 5.441629195830519627e+00 5.071917602655166668e+00 5.113165306728238768e+00 5.155691254429087600e+00 5.095363234378338824e+00 5.036370545591637438e+00
5.833939815084080216e+00 5.485818068621163945e+00 5.127357513634802189e+00 4.946392998249155681e+00 4.775263258350452844e+00 4.678977977908139962e+00 4.582942237025461552e+00
1.551451055018703062e+00 1.365162866366856687e+00 1.188832908536031630e+00 1.169657803906416049e+00 1.149168099662942089e+00 1.137748821627193374e+00 1.126781337777009728e+00
3.081800078214260274e+00 2.399067519000595006e+00 1.853284319750283515e+00 1.734360734208487909e+00 1.626073190842298954e+00 1.620406383691662899e+00 1.614822872519139807e+00
5.896026926037386318e+00 5.994367678544069378e+00 6.091243114289729199e+00 6.111952920453904703e+00 6.131241155062904902e+00 6.070010243923301019e+00 6.008723281375270453e+00
1.949246886644997234e+00 1.849008634796655670e+00 1.720301863504054563e+00 1.639498080391435408e+00 1.564254812041172338e+00 1.444044657643593466e+00 1.338739630844080875e+00
5.910668418855209438e+00 5.401953553732356639e+00 4.918170094291197003e+00 4.552623279139896617e+00 4.219734774345447192e+00 4.236004535826657147e+00 4.252003329612782601e+00
1.461460546778896141e+00 1.039245480746763262e+00 6.779670204880886564e-01 6.020949090002989390e-01 5.341865295688741355e-01 4.592691505086903825e-01 3.903887209202860364e-01
4.164136702577136973e+00 2.955599758404398703e+00 2.192958936692049221e+00 2.219525659823146313e+00 2.249560518985339375e+00 2.207717308608860396e+00 2.166237602131363182e+00
2.756301419689600518e+00 2.264130481917873361e+00 1.853170361080645145e+00 1.696568495154238132e+00 1.561033574434495197e+00 1.528552360638657515e+00 1.497131649128503383e+00
1.734971092861113107e+01 1.785522510063476531e+01 1.835281267609201805e+01 1.785247291338938425e+01 1.740397852979559090e+01 1.651487169086098916e+01 1.566526298970867614e+01
3.428834232525456382e+00 3.299045571656097575e+00 3.176972664479620345e+00 2.933906833721738661e+00 2.727382094407898361e+00 2.659314907616671775e+00 2.594000033878469225e+00
2.062740489290666002e+00 1.885224939930373989e+00 1.722414380834467851e+00 1.634003455718519682e+00 1.550270537096702705e+00 1.489782953608747462e+00 1.431876706393083065e+00
6.428889461098598268e+00 6.481355867719270414e+00 6.535223552506607803e+00 6.364082700406346937e+00 6.208118779532332709e+00 5.945343481326315072e+00 5.703473673831125801e+00
4.189518140944065827e+00 3.892642404791632593e+00 3.528666517210325537e+00 3.433718736282819872e+00 3.344969604652972439e+00 3.309221363831232665e+00 3.274060963477543496e+00
4.107160120050245666e+00 3.623701950036192443e+00 3.210858438158987749e+00 3.018020074077959247e+00 2.844059687207537657e+00 2.749655770075876138e+00 2.659491823377960529e+00
2.422827638797021788e+00 1.942148537268538533e+00 1.494153349408731346e+00 1.558460197178559437e+00 1.617020469682273864e+00 1.593889345697800275e+00 1.570445699106135073e+00
