3.808385213584836393e+00 3.748175563029024993e+00 3.687385212402523482e+00 3.529676376681162075e+00 3.389591441353172474e+00 3.266341137901632941e+00 3.152595632336250286e+00
1.854663366192169249e+01 1.772315176010647164e+01 1.702236227748378283e+01 1.514932820133321734e+01 1.360088726389619573e+01 1.253377336562095934e+01 1.155533351652173835e+01
2.682703329646806356e+00 2.223131382558748204e+00 1.854131796054797165e+00 1.754775089522071729e+00 1.665542886294312019e+00 1.568437590834642625e+00 1.477995703836777475e+00
1.094074057267512856e+01 1.437259679951020530e+01 1.771073204989938432e+01 1.803456788421441814e+01 1.833809299678646099e+01 1.814330822359298878e+01 1.795413431367909141e+01
4.456988334462178791e+00 3.364361349961452419e+00 2.587909580219622363e+00 2.305375268702566149e+00 2.084362801963868694e+00 1.855444934039743199e+00 1.664196798206119210e+00
1.805391736955166138e-01 2.057313069743217648e-01 2.171501333899236719e-01 3.069323663837700833e-01 3.578887584893418183e-01 3.901069437663396977e-01 4.181931094129834325e-01
9.218120075968323501e-01 8.834404461705714917e-01 8.495590017291163587e-01 8.096401551951885045e-01 7.732671646994152548e-01 7.164003522297809345e-01 6.663497222317390500e-01
0.000000000000000000e+00 0.000000000000000000e+00 0.000000000000000000e+00 0.000000000000000000e+00 0.000000000000000000e+00 0.000000000000000000e+00 0.000000000000000000e+00
4.981031532830613173e+00 4.413689061780549316e+00 3.936046570260343991e+00 3.357064979749599942e+00 2.941649457265890000e+00 2.815582756120383667e+00 2.700304425091343496e+00
2.310103375359167988e+00 2.004835245365058860e+00 1.711561014899028788e+00 1.544147324682394684e+00 1.400077412877317684e+00 1.345256557393343932e+00 1.294562969462415225e+00
2.277183231931036111e+00 1.191918327797737653e+00 7.527051566728065746e-01 7.132849371963507767e-01 6.808751633988593399e-01 6.354311278701306742e-01 5.970449817398580938e-01
1.722083979236178397e+00 1.280555370369307555e+00 9.229316443820387850e-01 8.207983994704718400e-01 7.348168048721754886e-01 6.784725499806230076e-01 6.279452998351705562e-01
2.151244990382470856e+00 1.639619395676997771e+00 1.203944259054588573e+00 1.136598463354064892e+00 1.074927297394086434e+00 1.073168601318502002e+00 1.071543138013028695e+00
4.879293690182244347e+00 3.835710776103385733e+00 3.110690787586916528e+00 2.879868337303051806e+00 2.690511014848226523e+00 2.414198185372611327e+00 2.188402189775935813e+00
1.289795778431334305e+00 9.387987929012520105e-01 6.064748865212992168e-01 5.155902457857458598e-01 4.510686995110672615e-01 4.263836905347770934e-01 4.051470199381139725e-01
2.849695632398152156e+00 2.627304638957345340e+00 2.407318973311852073e+00 2.410903035756052581e+00 2.414607727668574899e+00 2.307745947769459072e+00 2.211301081976529748e+00
1.070199110327440417e+00 7.563503692636791564e-01 5.352503011704261571e-01 4.646058104522161059e-01 4.081121487982074525e-01 3.747065654933738887e-01 3.457820121814714764e-01
1.783765699932579096e+01 1.720586007494737402e+01 1.660251576105141780e+01 1.481196882152854855e+01 1.336883052676642691e+01 1.197400544605399020e+01 1.085321464013168047e+01
3.118086587122629094e+00 3.037370317731869829e+00 2.959635736296222230e+00 2.903625197685917314e+00 2.850777121717648743e+00 2.727663335724525240e+00 2.616027744782969400e+00
8.515796759296521135e-01 8.376032274619770179e-01 8.236263928701339498e-01 8.295502815544230080e-01 8.357075292235947028e-01 8.261098788744934973e-01 8.163100660216627835e-01
3.600538643199473032e+00 2.468080840122751862e+00 1.677594345564784595e+00 1.619843264390220305e+00 1.572932029589274139e+00 1.434938657194400280e+00 1.318338971237358992e+00
3.376756809797349934e+00 3.249060110154839975e+00 3.116094285520295770e+00 2.802335652858077175e+00 2.554537531854596644e+00 2.456727092321573824e+00 2.365492527930284972e+00
8.343660468743639314e+00 8.029505059773644149e+00 7.730614545391269132e+00 7.999158958614493997e+00 8.273026894930625375e+00 8.325106117120570914e+00 8.377435701603147322e+00
5.191362467344899478e+00 4.499639737356788238e+00 3.867846981560256303e+00 3.384698164296715550e+00 3.017776546950933447e+00 2.672897562894110735e+00 2.394221891651895806e+00
1.637197850364310092e+00 9.509539171341366837e-01 5.251467667533442629e-01 4.814905340205412054e-01 4.491234992785433366e-01 4.192967426249667451e-01 3.947113864764227320e-01
1.239841526597207588e+00 7.172554978295865302e-01 3.788018618046693486e-01 3.072997154099271211e-01 2.590777002348474412e-01 2.368168624563690428e-01 2.177340888391365858e-01
1.762861844618880269e+01 1.579760832217956690e+01 1.419377900662010994e+01 1.473139822639481089e+01 1.515272640975721075e+01 1.358485272885118000e+01 1.232213562455284261e+01
1.043187096166222183e+00 1.005096549330955158e+00 9.697655091274904882e-01 8.471944764422986163e-01 7.506715817077782571e-01 6.585454756912155760e-01 5.762160066068883202e-01
5.649527762171257628e+00 5.398796554858738439e+00 5.175733391091734248e+00 5.029190907317135917e+00 4.892388366984564030e+00 4.678670415785057379e+00 4.482872286348884572e+00
1.082771399069421392e+01 1.031451816454777415e+01 9.803313997975106275e+00 9.212413794614500162e+00 8.701162014720059901e+00 8.435058947158831089e+00 8.187500822161393188e+00
9.758568629326346278e-01 8.973819819247943474e-01 8.301364021485218014e-01 8.203090308564094935e-01 8.112371834282395833e-01 8.000705994042101032e-01 7.899161603035521617e-01
5.621279616504262222e+00 5.126224506742517839e+00 4.684873084050768632e+00 4.758965038631529865e+00 4.835678557643042552e+00 4.822873928376866459e+00 4.810122557194160819e+00
5.976369785226076203e+00 5.243534983088282253e+00 4.582764506010900796e+00 4.173661959932299048e+00 3.836048495557174753e+00 3.562482614964084693e+00 3.326326867209076443e+00
1.474263605260108356e+00 1.356673881025168393e+00 1.248655943092262133e+00 1.161386588780687790e+00 1.085849326564693351e+00 1.080030926449549344e+00 1.074462349912524761e+00
3.035147051954832254e+00 2.311612389734104323e+00 1.750698428253373073e+00 1.634817794452343209e+00 1.532129618762331447e+00 1.459454959474707714e+00 1.391089339197096653e+00
5.658059915149853403e+00 5.739720095746492667e+00 5.819902130909371252e+00 5.703258614414565386e+00 5.599271601185710878e+00 5.479704634430216714e+00 5.364854736500047849e+00
1.912991773045929378e+00 1.774219235308064579e+00 1.611869476278366076e+00 1.561188308804626557e+00 1.516410642909531203e+00 1.385449116868730624e+00 1.276838460550073329e+00
5.738691288781391009e+00 5.230737612354561250e+00 4.770513969634973428e+00 4.649331199385054347e+00 4.531399266338280718e+00 4.448724490008419075e+00 4.369012099011186478e+00
1.466520184929877679e+00 9.566989529059165553e-01 6.004789320331570535e-01 5.184547365392367935e-01 4.556825385658376248e-01 3.795292364420086995e-01 3.149217505618469581e-01
4.176538959866419098e+00 2.884158812152138651e+00 2.137119005417078110e+00 2.100976386812965835e+00 2.064652690612216901e+00 2.048564156175697537e+00 2.033466830278388926e+00
2.627144766850274316e+00 2.048283498216670662e+00 1.608965249909091400e+00 1.383770076488223255e+00 1.213143478947064979e+00 1.099510990290213153e+00 1.003413796880332942e+00
1.675905019356600789e+01 1.727963276620025823e+01 1.781094895965534874e+01 1.722762732840929090e+01 1.671627494488642895e+01 1.552120878918530700e+01 1.442084083989272791e+01
3.401736174004742708e+00 3.251719689663468138e+00 3.112291261721038982e+00 3.125356335644414063e+00 3.138583973943248395e+00 3.208539428327294107e+00 3.283575096473717814e+00
1.981145649609924675e+00 1.832740813997510321e+00 1.696892153446036167e+00 1.570472925228217020e+00 1.462180588431698069e+00 1.380976676953380222e+00 1.309024255097771094e+00
6.277473445607600233e+00 6.088011489617336736e+00 5.904667501643310779e+00 5.340571959947516767e+00 4.881578329198076993e+00 4.455456223156554429e+00 4.102970095736078626e+00
4.030914285628350413e+00 4.426050598486827248e+00 5.097374037640553190e+00 4.923670418527104964e+00 4.776527812243042348e+00 4.445712383611877705e+00 4.157691624592631641e+00
4.049119020368171284e+00 3.327927148191124118e+00 2.791797129229604657e+00 2.719609907814982019e+00 2.656345682914919681e+00 2.442542013492396968e+00 2.256512902037838053e+00
2.355322590548864614e+00 1.793539325252591521e+00 1.319520946015145579e+00 1.319887183671944575e+00 1.320171944529189512e+00 1.184170042723098337e+00 1.070675585850318967e+00
