4.098082565839641589e+00 4.076448331989296570e+00 4.053568421566227542e+00 3.947644553900107489e+00 3.843691211963540244e+00 3.596928113649632941e+00 3.376786734237311016e+00
1.912973572516871457e+01 1.688155458494462380e+01 1.507173411618773429e+01 1.458904343679410331e+01 1.415893991960814979e+01 1.315925829455565221e+01 1.225093133715048310e+01
2.860115293122595048e+00 2.732373861362318745e+00 2.603134472926088350e+00 2.315926525935338542e+00 2.075857041254890678e+00 1.998028333588560024e+00 1.922628345889788370e+00
1.158277141981093905e+01 1.390435387441629622e+01 1.617062894095069581e+01 1.734952038180065870e+01 1.845799567186964651e+01 1.843183399217565821e+01 1.840621368040871531e+01
4.588484953317927051e+00 3.766898805045038046e+00 3.042975228582927905e+00 2.592436510188856680e+00 2.231536133424917523e+00 2.073971200230570577e+00 1.933558190681406552e+00
1.094996494736350939e-01 6.120655935665393621e-02 4.244604523505113997e-02 4.888121241928323341e-02 5.433182356984150863e-02 5.928755572926434902e-02 6.419920690322813983e-02
9.866913602033654529e-01 9.157522892276608317e-01 8.531105171755640759e-01 7.736718787750795912e-01 7.048037877880996005e-01 6.904080604216081829e-01 6.767459719480660718e-01
0.000000000000000000e+00 0.000000000000000000e+00 0.000000000000000000e+00 0.000000000000000000e+00 0.000000000000000000e+00 0.000000000000000000e+00 0.000000000000000000e+00
5.216055153420156465e+00 4.670698354042356115e+00 4.192207631155896230e+00 3.876521529973055991e+00 3.615110974306702030e+00 3.469885548598362401e+00 3.332039626477614203e+00
2.424990769232181265e+00 1.749024300138605215e+00 1.228462136470339860e+00 9.911730719808636847e-01 8.058720346165229031e-01 8.109850134421463519e-01 8.161402816452517639e-01
2.286884540813981737e+00 1.444026529909795631e+00 9.858189192251289867e-01 8.864581150035300006e-01 8.067143248932194810e-01 7.438566938759684222e-01 6.896376963850610053e-01
1.698598596117997239e+00 1.188810639706062711e+00 7.702838380716037214e-01 6.986836637166238262e-01 6.332553954820959730e-01 6.202393110661624798e-01 6.073759158423801541e-01
2.207243171868937814e+00 1.491377389177226620e+00 9.343994204529941783e-01 8.929203083145283992e-01 8.517425615535376693e-01 8.180528852049774313e-01 7.862661385337206266e-01
4.889308284173457864e+00 4.075656179253906330e+00 3.428960284913125101e+00 3.110295365358568098e+00 2.835205901057675337e+00 2.685829521649372609e+00 2.550904185762359777e+00
1.282333573773454916e+00 9.477040510478326185e-01 5.671807682041700716e-01 4.625213307787521821e-01 3.712362127536730227e-01 3.315633583026395548e-01 2.979842966614666966e-01
3.011719359021872044e+00 2.675486393636182125e+00 2.324869834370590471e+00 2.320617183018762741e+00 2.316263439351471831e+00 2.209903858651145026e+00 2.109159727875977719e+00
1.152775275511407127e+00 6.880695354721463319e-01 4.259399520327981636e-01 3.914780348331890480e-01 3.589409785343998793e-01 3.241894664414073368e-01 2.904201630707300419e-01
1.821838913306457641e+01 1.798115412504905919e+01 1.774585532353204087e+01 1.652822084559302240e+01 1.547471376365779427e+01 1.482756855713740762e+01 1.422423096778358342e+01
3.475043092713261395e+00 3.082798178375819376e+00 2.741556225125796331e+00 2.571634348778804480e+00 2.412669115186862445e+00 2.360582212113707890e+00 2.310587341531769923e+00
8.766433844815312293e-01 8.813602578574932789e-01 8.864753208252789118e-01 8.842021738456784519e-01 8.819045935226357269e-01 8.815302599860490584e-01 8.811502106182864669e-01
3.732805867220893248e+00 2.902857133338684115e+00 2.219707235924532007e+00 2.087303669166273856e+00 1.970856149744533603e+00 1.811086547525193602e+00 1.667600011383108649e+00
3.345239600635952382e+00 3.089502863236090136e+00 2.836314731280978219e+00 2.643940848661523901e+00 2.470535973289256226e+00 2.350551484183148077e+00 2.238075396346693946e+00
9.013068062056476037e+00 8.018676234902081035e+00 7.188690327915046474e+00 7.497110272673827680e+00 7.834798052655649769e+00 7.573868116547704865e+00 7.328635869691330740e+00
5.500069746022876238e+00 4.904705330594849144e+00 4.315856230296053475e+00 3.854973583328685116e+00 3.467593672730353127e+00 3.261609579604140663e+00 3.075045439556781446e+00
1.622314012098715397e+00 9.596417879572991527e-01 4.815840298349622350e-01 4.402998309282367129e-01 4.049194096627077855e-01 3.906654778058668565e-01 3.774331032034496380e-01
1.209359160459178240e+00 7.794653794982261408e-01 4.412336813012766035e-01 3.838415651729250588e-01 3.356414852053835052e-01 3.086935420146872389e-01 2.838513609858728248e-01
1.904807130508052992e+01 1.711828602941553612e+01 1.548352427729666481e+01 1.495380402303656808e+01 1.445031024210155657e+01 1.384557045328729252e+01 1.327036716788582993e+01
1.395103023188402291e+00 1.232627571465267247e+00 1.099824384111578901e+00 8.434109215245294555e-01 6.830385840918324902e-01 6.223980498915039350e-01 5.663908394365720911e-01
6.044156220401222690e+00 5.726378271475933701e+00 5.445692983235952411e+00 5.356997564614552232e+00 5.272664671989794272e+00 5.269847981278320326e+00 5.267035290486337118e+00
1.075860917543382200e+01 1.023437942902141273e+01 9.716367986495116682e+00 9.888936929962749645e+00 1.006136747794435671e+01 9.683115215523564245e+00 9.300939751733521277e+00
8.851978060194487519e-01 8.276892048687404246e-01 7.766198612158680126e-01 7.024981621107313501e-01 6.411995197612397890e-01 6.098059302231967349e-01 5.812723045997476579e-01
5.991113282223873959e+00 5.626982648861899250e+00 5.273077322238613363e+00 5.149866088378932893e+00 5.029243960866033980e+00 4.894801723281370975e+00 4.767091974896316309e+00
5.796204362008587907e+00 5.289407085261467856e+00 4.776432013638254759e+00 4.546012935106738873e+00 4.336770725325614251e+00 3.979503332777254876e+00 3.640577458358931651e+00
1.586764641639802020e+00 1.365185057544429759e+00 1.146018137177397644e+00 1.142435054912038117e+00 1.138657243685128773e+00 1.144008589081642491e+00 1.149538581946033311e+00
3.214120450384534866e+00 2.616601443575839347e+00 2.087951059589273850e+00 1.826371962703960516e+00 1.616766177236565349e+00 1.568205678037410067e+00 1.521247636472804254e+00
5.981580825991427375e+00 6.138135406248159676e+00 6.299258578598355918e+00 6.307219330317056283e+00 6.314559705743948648e+00 6.222254352227770902e+00 6.133360531795729820e+00
1.988044060700341564e+00 1.870452322745510765e+00 1.717556225590545438e+00 1.635910005753087981e+00 1.558815088798224613e+00 1.444877422684619495e+00 1.345586550318636831e+00
6.028161390595958125e+00 5.486559380516120576e+00 4.961269139845980725e+00 4.649140882413791864e+00 4.361995058167695838e+00 4.376808087494887367e+00 4.391563033127906301e+00
1.491901717027089846e+00 1.134557210185949350e+00 8.041121066173315679e-01 6.297432731142851292e-01 4.884355142735334887e-01 4.199143143190720573e-01 3.584153468295904199e-01
4.125524640979928215e+00 2.766091899063152226e+00 1.903467046644358396e+00 1.864474544220749985e+00 1.824182865956234689e+00 1.793200095320109932e+00 1.762857098205919293e+00
2.822962751101607992e+00 2.300955659602561987e+00 1.863672979003191177e+00 1.674687603221809651e+00 1.518193862188179866e+00 1.427434600336074277e+00 1.343936430403794402e+00
1.746579970961713713e+01 1.696209507508704917e+01 1.647506517279244065e+01 1.680210091972631403e+01 1.709919815866897252e+01 1.570915774069380966e+01 1.449090269450255519e+01
3.438800072659507823e+00 3.002249516651182226e+00 2.659256378501645646e+00 2.635569171078076423e+00 2.612540700600658905e+00 2.509633767737768473e+00 2.413609455846627672e+00
2.167362830242653082e+00 1.924538993907033646e+00 1.706310136258530452e+00 1.559074546336349121e+00 1.424956819512789297e+00 1.361874944242615904e+00 1.303085613367838347e+00
6.427004935894490067e+00 6.346409604775629099e+00 6.265716622020704563e+00 5.926545126780133899e+00 5.629329444054699039e+00 5.428630978565379905e+00 5.240070039142771918e+00
4.368065828462263767e+00 4.072467517025513573e+00 3.700977139829115359e+00 3.229770719169350102e+00 2.853880972152823325e+00 2.726387126675731132e+00 2.609725383252463615e+00
4.170463604891243570e+00 3.612220540361059218e+00 3.147588806596000044e+00 2.994632393210730825e+00 2.853338773876816781e+00 2.703026981655487493e+00 2.563815894584950517e+00
2.437553957882951927e+00 1.896775685452544380e+00 1.388430908099588024e+00 1.425605160384763703e+00 1.459108629626196141e+00 1.391062900600640528e+00 1.329269687566257518e+00
