3.929801959249063170e+00 3.889870372830864564e+00 3.847895862276264900e+00 3.840692366874086883e+00 3.833373992034400324e+00 3.682023916555625220e+00 3.540740980598877208e+00
1.909050212979582284e+01 1.764669363621732145e+01 1.651097288854092326e+01 1.488115301960017334e+01 1.342244034539888276e+01 1.249878878307012720e+01 1.163113904895397255e+01
2.792747500680027972e+00 2.628765820222039640e+00 2.465821177301788403e+00 2.267333706062888865e+00 2.091531924653470043e+00 2.082073188264298214e+00 2.072470049510109824e+00
1.126998751691876421e+01 1.361804674309835406e+01 1.594903285365745838e+01 1.715522399140312615e+01 1.829840648960509597e+01 1.816280541264858428e+01 1.803104425153848922e+01
4.444873237680274869e+00 3.406458948943346332e+00 2.555448669326663147e+00 2.287794608012704067e+00 2.054194241285017597e+00 1.935551104046117743e+00 1.824629819373839945e+00
9.535134790123719895e-02 6.590293620946391373e-02 5.033991230165710956e-02 6.929620904800729009e-02 8.466703800217953435e-02 7.605050424046069790e-02 6.817414849770177254e-02
9.431839820287212239e-01 8.799122146833929792e-01 8.235800864395009802e-01 7.526141041604461623e-01 6.911188436221147313e-01 6.581802805381419263e-01 6.268003062371607648e-01
0.000000000000000000e+00 0.000000000000000000e+00 0.000000000000000000e+00 0.000000000000000000e+00 0.000000000000000000e+00 0.000000000000000000e+00 0.000000000000000000e+00
5.107427204099513673e+00 4.580865206467835904e+00 4.117235756614693543e+00 3.770695881148923956e+00 3.485969131133043852e+00 3.387070794422815556e+00 3.292323045217249611e+00
2.361778048250558371e+00 1.684257065479446647e+00 1.172052292039349020e+00 9.610876085623956122e-01 7.969991394397691886e-01 8.072922381294996841e-01 8.176589919121217687e-01
2.287974006025663698e+00 1.365423723955516699e+00 9.033050846459184102e-01 8.528666302210676786e-01 8.050998049524147326e-01 7.894275395679796192e-01 7.741046758042792186e-01
1.697570806921504971e+00 1.192800252901242475e+00 7.855384135274084967e-01 7.147706359675976007e-01 6.492943924483278728e-01 6.530420174873445838e-01 6.568800585840077755e-01
2.209296621740586719e+00 1.638049637128869529e+00 1.136454606709313975e+00 1.061131254748613584e+00 9.880314958869472752e-01 9.340540160104532363e-01 8.837705260575453581e-01
4.786645389882316692e+00 4.146234141409685492e+00 3.606991657703322751e+00 3.336578427308481753e+00 3.092690549065723715e+00 3.079451911662129504e+00 3.066219127597593630e+00
1.243488114476352324e+00 8.978119927691656788e-01 5.247326508822295343e-01 4.444082349044769509e-01 3.695959738077144174e-01 3.348787048498255148e-01 3.030914994027419374e-01
2.951347718556827537e+00 2.669442889110992034e+00 2.372479092834344439e+00 2.444245526175436556e+00 2.523846242218828806e+00 2.503297095231169056e+00 2.482644629460142749e+00
1.125132800817642442e+00 7.082697559925817954e-01 4.520730701138878094e-01 3.974231062591239705e-01 3.478213199653761856e-01 3.456889264430906827e-01 3.435613228557503063e-01
1.821502389719637449e+01 1.842823213222090217e+01 1.865034614371296229e+01 1.719858360647673479e+01 1.594550151572021690e+01 1.552800040517322344e+01 1.513489633832322312e+01
3.277935513288304570e+00 2.888051007013294313e+00 2.549676582092537558e+00 2.407104191730191189e+00 2.272206897948824356e+00 2.271120216563279559e+00 2.270028198917418916e+00
8.554739543821309189e-01 8.505343251140797811e-01 8.453759549605327495e-01 8.534115380840622267e-01 8.618195886631234703e-01 8.644250813926637189e-01 8.671251269582012089e-01
3.692190333958442316e+00 2.954851656123505865e+00 2.322285844902402197e+00 2.052751060629725455e+00 1.814993484010907210e+00 1.753084731648482331e+00 1.694601761309922905e+00
3.286801834532558697e+00 2.960729805320285291e+00 2.657318826614754936e+00 2.495085287284789288e+00 2.344528128241428977e+00 2.283174006237792319e+00 2.223180038419395821e+00
8.597298086931132843e+00 7.854809445976387750e+00 7.205681042250188462e+00 7.430011183544963593e+00 7.669113179239265499e+00 7.554290170113088898e+00 7.442716349830993394e+00
5.307328765918029490e+00 4.891131314193772894e+00 4.460810583066121993e+00 4.005361359901670859e+00 3.621504103191531154e+00 3.539947255094468836e+00 3.460620356340830206e+00
1.631966691433175187e+00 9.877342482140275548e-01 5.143902032305230909e-01 4.688665588303616016e-01 4.278283784727339722e-01 4.133305587875673592e-01 3.990919815328290987e-01
1.210231203913005871e+00 7.576383428737548664e-01 4.160661478550050640e-01 3.571160512060754799e-01 3.062465021252742670e-01 2.792091376871281283e-01 2.545456556295626060e-01
1.844073046723252673e+01 1.710662214476332110e+01 1.589577344628139777e+01 1.565036667569676077e+01 1.539574097594639746e+01 1.497401080448402588e+01 1.456638733287987364e+01
1.248409942390151128e+00 1.145774190213677102e+00 1.058215216506743772e+00 8.569932530587531794e-01 7.164102633928861597e-01 6.384055377186219626e-01 5.703181639362610023e-01
5.756222129191729486e+00 5.507726413511640828e+00 5.283858630815967850e+00 5.273859500680086576e+00 5.264071969566697540e+00 5.194939258893033873e+00 5.127558479496803656e+00
1.072497232783855736e+01 1.036128792177964542e+01 9.996767051336403753e+00 9.833875879561471578e+00 9.673653501992113490e+00 9.599480745140839488e+00 9.521287832444649268e+00
8.516601133025517578e-01 7.942263212987986654e-01 7.441118690209483910e-01 6.945916306936867901e-01 6.510359332176564040e-01 6.203192175169016664e-01 5.921764676431505725e-01
5.835137680738403887e+00 5.363147890115668837e+00 4.920794624261792372e+00 4.833827071225775818e+00 4.747739361621921006e+00 4.691842450263187025e+00 4.637411309044039420e+00
5.822061367417767919e+00 5.449145668599574499e+00 5.058710457428001739e+00 4.766712938353768081e+00 4.493939086623594648e+00 4.346355005500126545e+00 4.197352168431912389e+00
1.551292684804399968e+00 1.352509639457513790e+00 1.156740138596743517e+00 1.150040532447631714e+00 1.142900923253387990e+00 1.144109409826916002e+00 1.145360301961349858e+00
3.074361469242889111e+00 2.386168243625157004e+00 1.834730605794964609e+00 1.710311674229181067e+00 1.597849083314491159e+00 1.498637169129636071e+00 1.403604046342008971e+00
5.896353495671497136e+00 6.036460825869856883e+00 6.179368498570679158e+00 6.159381315485907393e+00 6.140884072768997726e+00 6.029922494014072321e+00 5.920374309551599268e+00
1.948689432117908238e+00 1.848809786780639230e+00 1.718952145754167660e+00 1.637542286760127475e+00 1.560298590839264588e+00 1.441369471508004318e+00 1.337529878722800047e+00
5.914309340955106187e+00 5.339452302656824578e+00 4.793211439904483839e+00 4.507355501536679299e+00 4.245028627413264921e+00 4.266337595784825076e+00 4.287498711133421736e+00
1.458042281560441467e+00 1.005939855853360543e+00 6.147860510924476607e-01 5.155801694270283342e-01 4.290933983089066373e-01 3.742858166674070675e-01 3.239995636563387515e-01
4.163038124233696458e+00 2.901153885808921640e+00 2.096992522638401635e+00 2.108672897426433934e+00 2.121928722179423854e+00 2.022116984731194389e+00 1.927915823979984733e+00
2.754732433530065361e+00 2.247849058611887774e+00 1.826533255433411274e+00 1.667082875617516002e+00 1.528481306666223061e+00 1.481630012090755733e+00 1.436255871413935958e+00
1.740417661557616213e+01 1.751304080365860472e+01 1.761583234927722685e+01 1.707774961384930990e+01 1.658052028241205633e+01 1.523285943702553880e+01 1.401931556601162221e+01
3.429548134856257757e+00 3.293932016764784532e+00 3.166838381162798477e+00 2.921803099898555356e+00 2.713970394359348504e+00 2.580729780148280028e+00 2.458792630780731070e+00
2.064133494899961008e+00 1.803343779755689047e+00 1.570733043854255051e+00 1.467542847734365719e+00 1.370861452661074287e+00 1.337225322651705683e+00 1.304645177964950387e+00
6.431567561178226811e+00 6.472792264990521183e+00 6.515628906039165891e+00 6.108504717720443900e+00 5.751415285460086402e+00 5.618132922469597723e+00 5.491189777136512795e+00
4.194769432995309799e+00 3.700385338126386703e+00 3.135951706364831448e+00 2.792199339977338823e+00 2.503667202606516984e+00 2.473958636074518491e+00 2.445339685492896376e+00
4.107182406530023755e+00 3.630760236566031640e+00 3.222691487500853658e+00 3.036824005443449881e+00 2.866043400023133625e+00 2.752052927317079511e+00 2.645174942253114114e+00
2.421081421087159402e+00 1.901273054644331939e+00 1.410126413101464138e+00 1.448005606470653017e+00 1.482911721953972473e+00 1.427091501645328719e+00 1.374079223096006830e+00
