9.351906160850655958e-01 8.794768265009409447e-01 8.178069103350883440e-01 7.159638606453893050e-01 6.218171630762782121e-01 5.843943127974793317e-01 5.481059503580720804e-01
1.817100686457867553e+01 1.611689640469718299e+01 1.455633082248694521e+01 1.315921414470365924e+01 1.189018074848010542e+01 1.143131012599756779e+01 1.099575844994978802e+01
2.758824926210161621e+00 2.433453520916040169e+00 2.141519068153920013e+00 1.982086079389412614e+00 1.844984558824547261e+00 1.780172554206137958e+00 1.718288822664715720e+00
1.087928239091818483e+01 1.430288409418070650e+01 1.764259609464985346e+01 1.793377948330204319e+01 1.821254312214307447e+01 1.766069833094303476e+01 1.714922140583941257e+01
4.495434382715219890e+00 3.485593425450042027e+00 2.661852622303453320e+00 2.367422785727387957e+00 2.121655526857956442e+00 1.930497552200508116e+00 1.763125535507673369e+00
2.012038275121098840e-01 3.389237576965232202e-01 3.906295060498818361e-01 3.648301615721577518e-01 3.453952193222687983e-01 2.640377015087264079e-01 2.042347555476013432e-01
9.442119632201464441e-01 9.149244806106443528e-01 8.879908544523515967e-01 8.286240574423604510e-01 7.711552749460843792e-01 7.070221541820687072e-01 6.303263026016694415e-01
0.000000000000000000e+00 0.000000000000000000e+00 0.000000000000000000e+00 0.000000000000000000e+00 0.000000000000000000e+00 0.000000000000000000e+00 0.000000000000000000e+00
9.351906160850655958e-01 8.794768265009409447e-01 8.178069103350883440e-01 7.159638606453893050e-01 6.218171630762782121e-01 5.843943127974793317e-01 5.481059503580720804e-01
2.349971757593703803e+00 1.617125431177781403e+00 1.109731303878904285e+00 1.076268150492668330e+00 1.043470969989370056e+00 1.005991050472887505e+00 9.699213320644137770e-01
2.259705656493966153e+00 1.228226683685359255e+00 6.577324678558282844e-01 6.441079116035490770e-01 6.321130104613288392e-01 6.173980674467777208e-01 6.038704841806685764e-01
1.075770580466209214e+00 7.068774077996303751e-01 3.955881972541753777e-01 3.516086226420832572e-01 3.081475754542862822e-01 3.008657239739475631e-01 2.934263756181949567e-01
1.403756570458437825e+00 9.259412892827706409e-01 4.791437259039081353e-01 4.176424626764478343e-01 3.574317308112233138e-01 3.354772657417220971e-01 3.142125075026839243e-01
4.907534536809876613e+00 4.479810561310693551e+00 4.087765137536861992e+00 3.655425433127335033e+00 3.292845047324964192e+00 3.086551551783919045e+00 2.903348037647837554e+00
1.289866416532960747e+00 9.657534954179680664e-01 6.128715119888883400e-01 5.074674008313659890e-01 4.162335162598213567e-01 3.702103535580972271e-01 3.307414852949600026e-01
2.908218616407703294e+00 2.667314416742593064e+00 2.418268578890536702e+00 2.409653684374817750e+00 2.400880367455530351e+00 2.179669462897184218e+00 1.993577740307471702e+00
1.169037645155097227e+00 7.387650275075430262e-01 4.706653964864496165e-01 4.489907920581237555e-01 4.266294129182133799e-01 3.490157547047466058e-01 2.699421860242550153e-01
1.808090397496445689e+01 1.759139092042055097e+01 1.712102873702120576e+01 1.529787516594264041e+01 1.382563045282686787e+01 1.290319776588816403e+01 1.209704033453262539e+01
3.245134865541173141e+00 3.004602433980093856e+00 2.788880420591426379e+00 2.503586388699633680e+00 2.256732069035316091e+00 2.188115352002796055e+00 2.125425133997384197e+00
8.156063414337124673e-01 7.688144171563443541e-01 7.310108003258269926e-01 7.617981166867994203e-01 7.819573972124280736e-01 8.149627551877162146e-01 8.399286191849589800e-01
3.707985738679763443e+00 3.134400502911294240e+00 2.614017380436919336e+00 2.442423392413908712e+00 2.277310000611074692e+00 2.184329762322903878e+00 2.096262945169201419e+00
3.383941733550801079e+00 3.136217879277968468e+00 2.897457155849149313e+00 2.564110794988383901e+00 2.287768337291798293e+00 2.134219338103557018e+00 1.996704314188496587e+00
1.267965595035304815e+00 7.027855341528288502e-01 3.903702473830751307e-01 3.639160964856346103e-01 3.362443052266165244e-01 3.282778530642030956e-01 3.200837437626610216e-01
5.279142024921553045e+00 5.084473223096827255e+00 4.869966301200922665e+00 4.396195585424659491e+00 3.997030877855217490e+00 3.686660410232119212e+00 3.409885322153096698e+00
1.459656849444230575e+00 9.299121646023068566e-01 4.773674635668473387e-01 4.444792628499304454e-01 4.155264951886322167e-01 3.803440022068308446e-01 3.489658744714869143e-01
1.224155727396018412e+00 7.930186260819644950e-01 4.549629089210375787e-01 4.221172246735397926e-01 3.892871411569727158e-01 3.714847060744555507e-01 3.536403360885105873e-01
1.722671975695833524e+01 1.542059570652527611e+01 1.389597261204441025e+01 1.548941358643987343e+01 1.701108940962857830e+01 1.456455228499367749e+01 1.267948273150717142e+01
9.524369104867942415e-01 7.725909777556811964e-01 6.257540325122263880e-01 5.983311597416325345e-01 5.771768564618074970e-01 5.273191532486828370e-01 4.804510779777547147e-01
5.779371735143070232e+00 5.495452480401575635e+00 5.244508001714796919e+00 5.106139997687380472e+00 4.976433480111825958e+00 5.105358806109004277e+00 5.241871994671352120e+00
2.275702394329928713e-01 1.791664428376107676e-01 1.287419660124184406e-01 1.274523363256816477e-01 1.260932768744766619e-01 1.175007653587478301e-01 1.088993814162295820e-01
8.897545377158939950e-02 8.562367521143562921e-02 8.219710889492051753e-02 7.403064044922975928e-02 6.670006788563685729e-02 6.171077399192258922e-02 5.715052497566205231e-02
5.748662549686025081e+00 5.447419330075454980e+00 5.155785409896582294e+00 4.787909711053250028e+00 4.459042922230619155e+00 4.313742589975032793e+00 4.177641922449186751e+00
5.773360340351334941e+00 4.903939616558038672e+00 4.109466647829875363e+00 3.872272138060929958e+00 3.667045211526649862e+00 3.259028121090282504e+00 2.902549392522924432e+00
1.527964714351235598e+00 1.411248175977177999e+00 1.297869279368739859e+00 1.214145970908080185e+00 1.141960764585619126e+00 1.087963921817556745e+00 1.043511315540712081e+00
1.298292385352972644e+00 9.658795973550912128e-01 5.457295817715559494e-01 4.718478836136790755e-01 4.055672870814603925e-01 3.531000450727834750e-01 3.100434296305186743e-01
5.731435612771800692e+00 5.909631805871261356e+00 6.091158422106079051e+00 5.973879869356269801e+00 5.869214663971654922e+00 5.724514152741467576e+00 5.587359389547777333e+00
1.936593441739198784e+00 1.812970105193614900e+00 1.662200593496043544e+00 1.604540814238926361e+00 1.548837755882734646e+00 1.436643418260949101e+00 1.339748450435642724e+00
5.870851384684564245e+00 5.144201993889118363e+00 4.505941260110279067e+00 4.465672791891909021e+00 4.425494093229607628e+00 4.316528661289542157e+00 4.212633684359100350e+00
1.306131449018474555e+00 8.035865112223093965e-01 4.346369427532314478e-01 4.219337106349534960e-01 4.086114671727000269e-01 4.019319475940376085e-01 3.951854961432984537e-01
4.147569165526255652e+00 2.771167876130523400e+00 1.996896821116587395e+00 1.962017548580582860e+00 1.924806453495966574e+00 1.884685483725613953e+00 1.845538574989736613e+00
8.935858651063114388e-01 8.769550386813244058e-01 8.609085971830672257e-01 8.466300420820221939e-01 8.328193958272671615e-01 4.398532568273030852e-01 5.588084373415615203e-02
1.636138748633386086e+01 1.448533745504047587e+01 1.305150552079577331e+01 1.052846767461168120e+01 8.870881228720136846e+00 7.826045184478454431e+00 6.955181052778452333e+00
3.363307756494532175e+00 2.827573111799368544e+00 2.445422502906398066e+00 2.514296519335364799e+00 2.591402698420511630e+00 2.635458960944266238e+00 2.675887213833646250e+00
9.762874094186951845e-01 8.692639990703497910e-01 7.644629148123985862e-01 6.794143236964712562e-01 5.997921206318119758e-01 5.626030744825519792e-01 5.269869387346824974e-01
6.365601775086371816e+00 6.208216074543966734e+00 6.055634860687407972e+00 5.488543263103420777e+00 5.025627595595916652e+00 4.711192265617317076e+00 4.434692142858466468e+00
4.119456766874213471e+00 4.143878859077751109e+00 4.178896236380074569e+00 3.324812198934711027e+00 2.727743148929814510e+00 2.653144263380847967e+00 2.583782702212288118e+00
4.100744162216471089e+00 3.738633580481689922e+00 3.414082185902026279e+00 3.381420869495210368e+00 3.349645903309464767e+00 3.221807896072001576e+00 3.099218901602299514e+00
2.378663465854549575e+00 1.841326885509733113e+00 1.383706171463307877e+00 1.268242930378969735e+00 1.192376554442166281e+00 1.040802526551676044e+00 9.176863847755870607e-01
