4.126521219140301677e-01 3.893702735881222621e-01 3.651100096179299426e-01 3.526974069433772563e-01 3.406004798454401739e-01 3.328657239472581075e-01 3.253751323323677003e-01
2.963941352150595843e-01 2.237845391721131616e-01 1.618126968204768867e-01 1.507500058384530495e-01 1.407260405948435877e-01 1.369611048080829896e-01 1.334934927000821503e-01
4.344615918246645392e-01 3.795095707579648203e-01 3.180582728399849457e-01 2.982267662609347503e-01 2.834432491672490562e-01 2.790467064716984913e-01 2.748085685336015271e-01
1.681492487982270412e-01 1.532672132995486214e-01 1.388245837073117661e-01 1.338901386799954962e-01 1.292369236972709112e-01 1.296497064777872299e-01 1.300540154630037970e-01
4.229293750969209675e-01 2.765648594365971435e-01 1.574621384951843395e-01 1.451634139910622234e-01 1.342341050198779251e-01 1.121900205803148115e-01 9.055572092564870279e-02
1.944933998088556604e-01 1.357015435868437481e-01 1.033794472502668482e-01 1.126771510601406595e-01 1.194758144677258160e-01 1.140215098834275881e-01 1.083984651907486385e-01
2.653465373776774383e-01 2.424561800728509686e-01 2.230259148735309616e-01 2.085423155635008907e-01 1.958995430664109139e-01 1.860779645363146995e-01 1.766632679191063870e-01
0.000000000000000000e+00 0.000000000000000000e+00 0.000000000000000000e+00 0.000000000000000000e+00 0.000000000000000000e+00 0.000000000000000000e+00 0.000000000000000000e+00
4.059320800096467563e-01 3.089825899854414248e-01 2.232464825574535239e-01 2.122466043596073770e-01 2.030457641420083947e-01 1.987202116609658453e-01 1.945901777720180081e-01
3.714577554406587323e-01 2.115341374551772402e-01 7.897963340323903292e-02 5.324885221955741321e-02 3.367167539117472963e-02 3.192817379833677582e-02 3.018998190168458579e-02
1.540963577782450966e-01 7.399611883277897040e-02 2.736584401218743190e-02 3.448083730502905092e-02 4.091562102659127703e-02 3.811812472298101162e-02 3.563666344701060112e-02
4.083936172654896168e-01 2.380850630784908106e-01 1.026659764823926735e-01 7.890368163273034363e-02 5.677678899955109632e-02 5.690143640397719166e-02 5.702573793677543496e-02
7.042293687329247431e-01 4.709062876157112942e-01 2.632059515386871995e-01 2.449990808035978629e-01 2.275529081870185100e-01 2.154093254737981522e-01 2.037294639337813573e-01
4.882885423983513440e-01 3.490112568251925729e-01 2.327934269824153690e-01 1.952043427113193397e-01 1.637132861186448296e-01 1.650861077548180511e-01 1.664439059437623214e-01
4.950175418338325084e-01 3.545941131002742219e-01 2.048421791308457085e-01 1.605443984514055566e-01 1.201758037588046557e-01 1.202606699938625623e-01 1.203438924008903566e-01
4.728845831451743975e-01 3.739391083625225320e-01 2.739473862108044444e-01 2.395267900384900617e-01 2.016280518516314901e-01 1.992556195718500900e-01 1.969065210385048670e-01
3.363316558891251140e-01 1.903496274064704619e-01 1.020794988478104237e-01 7.997443961957449721e-02 5.787663867308664306e-02 5.489820791031162217e-02 5.189133913418132044e-02
5.108661606667101035e-02 3.247212616273432301e-02 1.354064805135832793e-02 1.307968884817742664e-02 1.265555582745542078e-02 1.079617083979144895e-02 9.126928223895325321e-03
3.578487777056175156e-01 2.838983596900776507e-01 2.179574088475729199e-01 2.101575764815087344e-01 2.021854768404129643e-01 1.960128343858327793e-01 1.897107191142911042e-01
2.982751103970278095e-01 2.898592973349038426e-01 2.815460963491508983e-01 2.666064040512883260e-01 2.503294254192798274e-01 2.359815637742686267e-01 2.220516423345366419e-01
5.296238894482925286e-01 3.502112462047410335e-01 1.949705889074226095e-01 1.824423921744465216e-01 1.714763479632918641e-01 1.604769093786310163e-01 1.499512072738641844e-01
3.614772082354437699e-01 2.668756065765770513e-01 1.786119233644791193e-01 1.606460698295978096e-01 1.445223497715506789e-01 1.418056430704212056e-01 1.391406245326372859e-01
4.159168637290707737e-01 3.248072158995053971e-01 2.483305134706495498e-01 2.256997081335402611e-01 2.006229372740110095e-01 1.988202720750449626e-01 1.969763403435269011e-01
5.614003434142710303e-01 3.987955098137272447e-01 2.332666517084760749e-01 1.849499076440522249e-01 1.446508558426953805e-01 1.413721807393291119e-01 1.382028944012381189e-01
5.090670261336113223e-01 2.759065389878178620e-01 1.091910858360634756e-01 1.107360396751128767e-01 1.120967387828115114e-01 1.145728465707491345e-01 1.170665299525615738e-01
4.188565136727820937e-01 2.343004536161185924e-01 9.283265344634604455e-02 8.317032039535722510e-02 7.470508813040206697e-02 7.112746818756193745e-02 6.777536403857967184e-02
1.899790050316889911e-01 1.551258249096051922e-01 1.212285023256633176e-01 1.222686686810703777e-01 1.232194092652986739e-01 1.698385921864386805e-01 2.015233629861052089e-01
2.020017502100348028e-01 2.014584026827161423e-01 2.010202795501203621e-01 1.715010761691610763e-01 1.502523404425901432e-01 1.290657770187550457e-01 1.087768608670769965e-01
1.431076750189610447e-01 1.290191253309368458e-01 1.165116088542495765e-01 1.146145740837899024e-01 1.127601263951139021e-01 1.037698973785044221e-01 9.511378699130150494e-02
8.991587217564089851e-02 7.888378995631215029e-02 6.785345537277358285e-02 6.722115068880391009e-02 6.660419482174471939e-02 6.679051948262551552e-02 6.697764278045061082e-02
1.032243670334574981e-01 8.798852142753607608e-02 7.423392339932669004e-02 6.438159246120503387e-02 5.627057524199213095e-02 5.105835054262132522e-02 4.618596795964933360e-02
4.480374136197010637e-01 3.124109157705329265e-01 1.840861300669715261e-01 1.682566984430868828e-01 1.516121424648646243e-01 1.459785324280065133e-01 1.404183060553035878e-01
4.387484157047632505e-01 2.974263449307666396e-01 1.552428980023129734e-01 1.449134839242234019e-01 1.353462116545461891e-01 1.335773324411649032e-01 1.318370972764340010e-01
4.484712988410947676e-01 3.851102817854337168e-01 3.232433976558218847e-01 3.076153201121604730e-01 2.912774027283241418e-01 2.889918931372360555e-01 2.868055045543981829e-01
3.523308321048561620e-01 1.953009980925972666e-01 6.988428635843701997e-02 5.884535991977489500e-02 4.832996042566538308e-02 4.573624672579836015e-02 4.325939762633043001e-02
1.287210793002008247e-01 1.261488405784537414e-01 1.236398951471054664e-01 1.242911155642705961e-01 1.248981818396111693e-01 1.232974728438755441e-01 1.216759465530739964e-01
4.637797202402619279e-01 3.789433626064957483e-01 2.723062349977621865e-01 2.534089243740600961e-01 2.357585127831881566e-01 2.163348850896930908e-01 1.991750534742176004e-01
4.418389518737013133e-01 2.988281754342975716e-01 1.605478986064355906e-01 1.322587994809059364e-01 1.068335255556144142e-01 1.035647715670696689e-01 1.003477837723482924e-01
4.528326009919854678e-01 2.977405720525357902e-01 1.632783052945821212e-01 1.437907384033538516e-01 1.263694418214326709e-01 1.054767158848968905e-01 8.573535843113382071e-02
8.322825784952621042e-01 5.079481314979948925e-01 3.138129658393761234e-01 2.866394066887943404e-01 2.577648225174896113e-01 2.523922324114898919e-01 2.470657949765086847e-01
3.897106942501318838e-01 2.571895818157970970e-01 1.463937887300875706e-01 1.414010770270050510e-01 1.370807744358215341e-01 1.259898767351996240e-01 1.153255295016278464e-01
4.385859152887676138e-01 4.001798969223090974e-01 3.613490929046869748e-01 3.477886720401913712e-01 3.357069023243423600e-01 3.223494205514552680e-01 3.091685095653221582e-01
5.867900476445599839e-02 4.166061409040576480e-02 2.371785173735629568e-02 2.532889330945186160e-02 2.659079235992727400e-02 2.248284903270517457e-02 1.829793903142777622e-02
3.947745902252985384e-01 3.347075733748554605e-01 2.801149632532842770e-01 2.724663197190001496e-01 2.652643417912812218e-01 2.571470760610335415e-01 2.492279105427454844e-01
5.592963043730854455e-02 3.972232058384693454e-02 2.330600016600799240e-02 2.247636581429551805e-02 2.171172792010414923e-02 1.840375077377614382e-02 1.536764939659182420e-02
6.370239128740564638e-01 4.240814983237706226e-01 1.512885412431924925e-01 1.448680982125716554e-01 1.382399930679097944e-01 1.365654454885506242e-01 1.348761676231767237e-01
2.497088392939419976e-01 1.815284664754269750e-01 1.220101261794325070e-01 1.229097847907604374e-01 1.237375623051673035e-01 1.160838243092003341e-01 1.087064373423200225e-01
6.741443589767018851e-01 4.803834790919357944e-01 3.047532987430731088e-01 3.011733236666445657e-01 2.980027771988867924e-01 2.989936226769626115e-01 3.000217566054425578e-01
