4.122473675000002946e-01 3.608496374149443020e-01 3.070334014326108196e-01 2.743568868073724687e-01 2.411681260358428946e-01 2.258265809384163159e-01 2.115590081690953694e-01
3.058913376866568834e-01 2.086934708569922192e-01 1.313860039582465944e-01 1.200510924253790634e-01 1.099297970366338861e-01 1.056665785627488724e-01 1.017419680441384311e-01
4.499303045844644799e-01 3.450343359066947446e-01 2.425715892937843343e-01 2.251427506334553741e-01 2.101713776102051567e-01 1.964069589242751213e-01 1.836332654593453573e-01
1.692044557456703346e-01 1.472793368760466071e-01 1.260742236795570903e-01 1.260633963023639614e-01 1.260530571217610696e-01 1.236728397627966797e-01 1.213932796141981435e-01
4.257330623166699080e-01 2.687135426798429871e-01 1.439651940116998818e-01 1.250436877729073359e-01 1.089904911319942854e-01 8.930787717341844012e-02 7.158790335446248154e-02
2.128814352848659719e-01 2.048042890555613615e-01 2.010227978457944098e-01 1.951775010436377078e-01 1.906242407578860321e-01 1.825815107787556180e-01 1.745557379449429736e-01
2.699668475218134356e-01 2.474997264465627900e-01 2.276140516024907912e-01 2.079019894087102693e-01 1.902060587084083432e-01 1.719891014976085153e-01 1.536798206466604144e-01
0.000000000000000000e+00 0.000000000000000000e+00 0.000000000000000000e+00 0.000000000000000000e+00 0.000000000000000000e+00 0.000000000000000000e+00 0.000000000000000000e+00
3.939141158289982680e-01 2.534573426489811765e-01 1.331442204339439717e-01 1.046906014799559026e-01 8.340073230532145387e-02 8.093401844545786150e-02 7.857461789575223565e-02
3.713419188894779843e-01 2.006476640365897068e-01 6.184819761720109638e-02 4.495049039200797736e-02 3.112122366707359075e-02 3.180795566647397904e-02 3.249438150074177023e-02
1.570966023600544881e-01 6.766893863598986980e-02 2.197812468820058499e-02 3.064382225043940297e-02 3.651212926663974234e-02 4.047485683682986585e-02 4.405763081440566137e-02
3.503564818800998237e-01 1.841549594714357585e-01 5.478641041656856503e-02 4.285200981763948036e-02 3.093751665626420094e-02 2.894001041229611257e-02 2.713432219913877730e-02
6.962531271053502557e-01 3.830590712053277280e-01 1.710939180199866627e-01 1.487084462616430347e-01 1.275961898742943301e-01 1.305783670926908835e-01 1.334662142438729493e-01
4.779865937376673868e-01 2.736495299698289418e-01 1.150073700067992810e-01 1.121537244992191207e-01 1.092658948067581626e-01 1.109187341134375282e-01 1.125746675904339411e-01
4.042814465468458907e-01 2.326533524320059110e-01 7.261117173999921681e-02 6.043252398768379080e-02 4.686707793581929710e-02 4.287496179371796945e-02 3.948945194154796640e-02
3.791430730446143094e-01 2.950422987897394211e-01 1.854915182711135146e-01 1.610558488544102385e-01 1.337969882134238675e-01 1.315087306024477209e-01 1.292135942497135426e-01
3.458006413033156146e-01 1.951702596704523451e-01 9.723217712896933818e-02 7.060743141296314807e-02 4.738566293589066558e-02 4.627906238405945366e-02 4.517526775583681486e-02
5.337500479139809656e-02 3.187814749954138993e-02 1.190921985414970449e-02 1.139010156906544724e-02 1.091328441773228852e-02 1.141085212248293089e-02 1.187680344301880915e-02
2.985568628049210527e-01 1.858921179136802104e-01 1.091442817743356331e-01 7.122469959672510231e-02 4.497999682713265529e-02 3.797345957711342757e-02 3.128902907579492881e-02
3.061759891819046953e-01 2.954144270719345489e-01 2.853080305491987878e-01 2.699837380913560070e-01 2.544554873409111684e-01 2.342621778881264216e-01 2.161993572281450116e-01
4.387638062104553538e-01 2.903940728081113032e-01 1.607049200794218591e-01 1.379950636906210892e-01 1.171216921881303163e-01 1.024056277898694467e-01 8.913810891996380714e-02
3.333088701558463707e-01 2.104141593878939842e-01 9.682373772711351523e-02 9.407574387545453165e-02 9.161402326562945175e-02 8.214668087794982365e-02 7.342314134765082212e-02
4.651407855411117120e-01 2.471445960235340578e-01 1.161470236073837842e-01 8.206724878732783723e-02 5.201989964814392881e-02 5.061826089263714301e-02 4.919265827720197687e-02
4.894346728597301910e-01 3.404628771255531205e-01 1.460515664607211495e-01 1.279324687121227988e-01 1.107819573648932687e-01 9.771987575005097737e-02 8.607733242844302357e-02
4.510085294733635064e-01 2.260108977384349960e-01 6.697361071050726700e-02 6.858748880999560038e-02 6.999712321934802028e-02 7.275005063057425614e-02 7.532029659098234131e-02
4.220429602430811333e-01 2.374629824372096465e-01 7.910473039226435799e-02 7.583273200882574561e-02 7.260331542675893535e-02 6.830567214900348794e-02 6.422863947182243238e-02
2.038802083253449526e-01 1.561577450171104942e-01 1.119367502723227076e-01 1.077932019026211913e-01 1.046117736250069957e-01 1.149937815679302894e-01 1.228741875359196933e-01
2.489296361776986988e-01 2.470134573828583480e-01 2.455213502741609710e-01 2.476230241718263558e-01 2.489620271819949771e-01 2.268318461112306395e-01 2.074726861110193221e-01
1.523205897590083346e-01 1.307543908193264659e-01 1.108449562805622762e-01 1.022416439140819144e-01 9.461495005194914265e-02 8.581961466483264966e-02 7.708824246861877005e-02
1.113501277795783811e-01 8.542171969101000628e-02 6.033301655117401935e-02 5.981609252996306775e-02 5.931022893001414859e-02 6.120980881149254427e-02 6.302172182798496114e-02
9.016062041037685437e-02 1.088027502614384856e-01 1.232881625063639713e-01 1.415913653456802590e-01 1.541829642657662480e-01 1.471125197478079794e-01 1.410566962937019053e-01
4.447014015357126926e-01 3.061533282478233198e-01 1.780327408054897809e-01 1.473968805779608260e-01 1.190188536004764125e-01 1.116845418341136376e-01 1.047690288874798814e-01
4.408362709113680111e-01 2.708758674466272831e-01 1.090932109128386618e-01 1.002794135119170621e-01 9.248701254725877341e-02 9.157346649620154433e-02 9.071357020422655959e-02
4.450248683334103728e-01 3.676871477677493005e-01 2.973165074031793309e-01 2.923042454598734352e-01 2.878302001293354673e-01 2.909610142209523853e-01 2.937881899318064982e-01
3.666858196618877352e-01 2.143381983715081651e-01 7.385174515242939886e-02 5.863377061859505884e-02 4.519954036992740454e-02 4.228751448354053227e-02 3.951593322232949124e-02
1.323727233356346566e-01 1.231841457711144866e-01 1.139120584614716075e-01 1.145003836609687770e-01 1.150486689157930315e-01 1.160669496450083965e-01 1.170571113897181659e-01
2.777934186371660008e-01 2.388270098924270279e-01 2.011993594095876359e-01 1.689367015530483795e-01 1.417827579387902770e-01 1.122133806576112169e-01 8.933014541953611387e-02
4.396382454924256944e-01 2.852030273811377858e-01 1.418348221395755726e-01 1.183985901290946635e-01 9.635419710589529507e-02 9.379361758466712995e-02 9.131677979645586030e-02
4.569148514233775660e-01 2.925128940315423476e-01 1.483363013832893484e-01 1.289552596800357387e-01 1.112166509802470227e-01 9.086629956257794016e-02 7.216561984545276365e-02
8.306274887298660259e-01 4.247670863395775487e-01 2.224950028036543348e-01 1.886337956751510947e-01 1.555465987849702081e-01 1.537272054802041599e-01 1.520254500866106973e-01
3.858958956939088081e-01 2.578700999428691909e-01 1.392754099839297877e-01 1.278745224153846061e-01 1.173258943020635825e-01 1.086198143429474711e-01 1.002964587900324056e-01
2.976431279568828581e-01 2.244841348265441683e-01 1.616223733153543674e-01 1.467024915495921122e-01 1.334997572680106381e-01 1.287260985674168468e-01 1.243218915352818088e-01
5.792592857743646129e-02 9.009432381645006427e-02 1.114973280501035946e-01 8.571203100886043424e-02 5.842124674248291849e-02 4.720914817397442453e-02 3.825223279767517304e-02
3.136559349899497029e-01 1.677546145673733669e-01 9.232653101287853492e-02 6.381578976768571831e-02 4.332924059884668555e-02 3.695173643701638033e-02 3.106530753419516067e-02
5.930149186059719552e-02 3.953297406968118988e-02 2.090788866259098849e-02 2.014622996835921734e-02 1.944589066456788723e-02 1.989579560445336320e-02 2.031955437526006616e-02
2.985568628049210527e-01 1.858921179136802104e-01 1.091442817743356331e-01 7.122469959672510231e-02 4.497999682713265529e-02 3.797345957711342757e-02 3.128902907579492881e-02
2.499303406843068898e-01 1.743529584154089873e-01 1.069396597426547635e-01 9.546592063719612498e-02 8.475062986678458254e-02 7.988726106169702357e-02 7.521493599539730290e-02
6.952981733296282885e-01 5.434833875152298432e-01 3.791891659492096500e-01 3.516346111694104715e-01 3.299153600273806441e-01 3.068986659139044670e-01 2.861237278434207720e-01
