3.925149802959528866e+00 3.886825909069209217e+00 3.847269731397732873e+00 3.893582125148304041e+00 3.940997432616366147e+00 3.657286665108188117e+00 3.407862032563683474e+00
1.857494238445888257e+01 1.764178475505762833e+01 1.687294831084884095e+01 1.530704134707989716e+01 1.394525757918884956e+01 1.245107251286769134e+01 1.112468831382723700e+01
2.805911454186486687e+00 2.545305215667985621e+00 2.301290052238173622e+00 2.284861061596528575e+00 2.267831598511401481e+00 2.266021486886205416e+00 2.264154273552611230e+00
1.112501881691973971e+01 1.437630497758216208e+01 1.742258305022689058e+01 1.739425057512106676e+01 1.736840725582120015e+01 1.744555022822045842e+01 1.752188419922559603e+01
1.567963255358981378e+01 9.912160428568311588e+00 6.749571742717368039e+00 6.462607395014210887e+00 6.209093674201126234e+00 5.657105826459015496e+00 5.112676223826200683e+00
9.949300311044616263e-02 1.177717492914694131e-01 1.271563483001238448e-01 1.327270411865597854e-01 1.375270913207490286e-01 1.171373125650586877e-01 9.751986214571088663e-02
9.659577358257385171e-01 8.490750862173078728e-01 7.586836905852103463e-01 6.918815845549410870e-01 6.342106257641576539e-01 5.857347318774905887e-01 5.426613937543101063e-01
0.000000000000000000e+00 0.000000000000000000e+00 0.000000000000000000e+00 0.000000000000000000e+00 0.000000000000000000e+00 0.000000000000000000e+00 0.000000000000000000e+00
5.117907257483118144e+00 4.712762853377922667e+00 4.345173539345900338e+00 3.959395067709588822e+00 3.639938757608375486e+00 3.571579181597322794e+00 3.505340600741350343e+00
2.368781169584345481e+00 1.766092951473842154e+00 1.286805650168760806e+00 1.009118659404700358e+00 7.954727852007413835e-01 7.916844514719985071e-01 7.879215748468186842e-01
2.281826872523128102e+00 1.275258899176008764e+00 8.260348138149765651e-01 8.168469465027381471e-01 8.082053606615343666e-01 7.099047724748885901e-01 6.177345213536208357e-01
1.085223998835959769e+00 7.045191490615391183e-01 3.665284934346807466e-01 3.279732869415307728e-01 2.903622609853319103e-01 2.886133918523067776e-01 2.868616356354250496e-01
2.195855400587086947e+00 1.583212071200900795e+00 1.081661901521373759e+00 1.050227129067663467e+00 1.017135432322472166e+00 9.568927789663745909e-01 9.021861319983878191e-01
4.997536118698128860e+00 4.629169687402272970e+00 4.278383925292055245e+00 4.221389536598081804e+00 4.163859897723738435e+00 4.102678952023807391e+00 4.042521185702807607e+00
1.237365544944938334e+00 1.011557731655357228e+00 7.107036081105038150e-01 6.039925908962550105e-01 5.092326925789207870e-01 4.344099745087267594e-01 3.713500818892031541e-01
2.905533538544369243e+00 2.637248759022722933e+00 2.363612565299606949e+00 2.178677358629485195e+00 2.019540241956770732e+00 1.954683437362751741e+00 1.893084426707405399e+00
8.903026703499643535e-01 8.736380310495153179e-01 8.575637772386549562e-01 8.431491465849331179e-01 8.292120007288419359e-01 6.508734286290601689e-01 4.767628031073301575e-01
1.818194099423217835e+01 1.781008189490022531e+01 1.745059811953883866e+01 1.591320321670692195e+01 1.464743961078581513e+01 1.271996043441013491e+01 1.120909287245760311e+01
3.246983576826763418e+00 2.846579292448314202e+00 2.518757939181313521e+00 2.306949287486687705e+00 2.125672277258233045e+00 2.045181411128507598e+00 1.969543549566616925e+00
8.451584429995404601e-01 8.177283684395990626e-01 7.919102636152204333e-01 8.252006161078456747e-01 8.632625969183723713e-01 8.810290014933304104e-01 9.005982202869113884e-01
3.706653624396133662e+00 3.002817228778068781e+00 2.393911078113920343e+00 2.257218785361469582e+00 2.125977337871175710e+00 2.006146290176102465e+00 1.895645484824918459e+00
3.414958473428848063e+00 3.165548663363172643e+00 2.920276959560518026e+00 2.878903076864768096e+00 2.837484626616379124e+00 2.772102628423281256e+00 2.708031678494619232e+00
8.512295907607819956e+00 7.651808599033487646e+00 6.927519770537656107e+00 7.205087356961605849e+00 7.498682456936429652e+00 7.150648865939334797e+00 6.831034490613000720e+00
5.410519413526725607e+00 5.230947836906543635e+00 5.025804437746244524e+00 4.660154964320366133e+00 4.330296237091544320e+00 4.120751028985038644e+00 3.926475052952036027e+00
2.274587414533427943e+00 1.278543189279864212e+00 7.323631420928401470e-01 7.233575335209988522e-01 7.154016834110215051e-01 6.591065155277803234e-01 6.035821846821132208e-01
1.200719456447973732e+00 8.238535708016725412e-01 4.967783219083324320e-01 4.351542476747053967e-01 3.813557638682704143e-01 3.533056360158260967e-01 3.269930800809808802e-01
4.962341056879581203e+01 2.783262420700022233e+01 1.906311430525451911e+01 1.888564366505837100e+01 1.871395587259525684e+01 1.611094110626517661e+01 1.372564218158960614e+01
1.091159577836906092e+00 9.005403819016837286e-01 7.522505806331204470e-01 7.292447744916835672e-01 7.142950487507613300e-01 7.000608671905461655e-01 6.879299011356371230e-01
5.740435064667933851e+00 5.499464332058736638e+00 5.284286742662984260e+00 5.079721069016187585e+00 4.892050168285000389e+00 4.798427300450850197e+00 4.708227913061195480e+00
1.075226552429404947e+01 1.016397498184876902e+01 9.581968458902480279e+00 9.781360342442622979e+00 9.974832427543578461e+00 9.525477783236224738e+00 9.078191102679264546e+00
1.213745331360167379e+00 1.097516756954676431e+00 1.001603384404405439e+00 9.127655942418552160e-01 8.632456335999790786e-01 8.011940341338900096e-01 7.470885771923632124e-01
5.749007648787181068e+00 5.187562250834380606e+00 4.691029706540119193e+00 4.531389601213569485e+00 4.378589856801415436e+00 4.284686086786964054e+00 4.193686907216403803e+00
1.353534815351693332e+01 1.190668698180498453e+01 1.049739601555043933e+01 9.188209344403507117e+00 8.235580797174039347e+00 7.400025523636394098e+00 6.662271555018576485e+00
1.522749302465925991e+00 1.322345047814102337e+00 1.149863836821931828e+00 1.069825906383967684e+00 1.014109287565230222e+00 9.384916076330940271e-01 8.743085343238402585e-01
3.119308183173678195e+00 2.453626790993364892e+00 1.900047741187164574e+00 1.771957125371518060e+00 1.657070784591623713e+00 1.623129700397790254e+00 1.589687973495938600e+00
8.012309594241880717e+00 8.210947992600862833e+00 8.412591023718686500e+00 8.220975953161190120e+00 8.058266100246465058e+00 7.728361095950747384e+00 7.409721858146311568e+00
1.935768702857035839e+00 1.788985883943631672e+00 1.621446311553102149e+00 1.559642917317586974e+00 1.499814214720121663e+00 1.370248775731567115e+00 1.257523986379929903e+00
5.889661363935884353e+00 5.279931502238074614e+00 4.723378944088400644e+00 4.402173139168541027e+00 4.102846802452305042e+00 4.035769598881393527e+00 3.970208476385581164e+00
1.465102047435525190e+00 1.076329619040096830e+00 7.357870118685084782e-01 6.210558914208113013e-01 5.234542558100244714e-01 4.530031133244010189e-01 3.877689580700813266e-01
4.126486937459720394e+00 2.759201869271413976e+00 1.977166949420914088e+00 1.894190467939806055e+00 1.810956685555535683e+00 1.778086949199886524e+00 1.745713736369643998e+00
8.903026703499646866e-01 8.736380310495158730e-01 8.575637772386556223e-01 8.431491465849335620e-01 8.292120007288423800e-01 6.508734286290605020e-01 4.767628031073302686e-01
1.692980667065813805e+01 1.713887532253244217e+01 1.733797243270729993e+01 1.645202320670493989e+01 1.569270641021111068e+01 1.453420204603807164e+01 1.345102835283396381e+01
3.385202755268737373e+00 3.061240782271357652e+00 2.798074667085125089e+00 2.405327320215985498e+00 2.121194004108538866e+00 1.927268667336227148e+00 1.769625901748233865e+00
2.073020380822819586e+00 1.813766104155758896e+00 1.593571825474823012e+00 1.460967672220107927e+00 1.344674090817074674e+00 1.274354697595800001e+00 1.209857595918643280e+00
6.414072944974297030e+00 6.292157688689825612e+00 6.173369360327438216e+00 5.686047443421085923e+00 5.282893423709385416e+00 4.650130269563281793e+00 4.139352047041013449e+00
4.129942738123429713e+00 3.818627318211499588e+00 3.461328954858736484e+00 2.946978824755289939e+00 2.545971472146273396e+00 2.520492463238567904e+00 2.495424115187214742e+00
4.110799604469628221e+00 3.637313425382432630e+00 3.232523314529351044e+00 3.200211551354831485e+00 3.168027969064671989e+00 3.156943924346200081e+00 3.145791852552036083e+00
2.424444004644003225e+00 2.071829113248731868e+00 1.690586153408019987e+00 1.779345276467700465e+00 1.862069095600210389e+00 1.803261860821915086e+00 1.739903169612440292e+00
