4.110627947604221788e-01 3.656654376090458514e-01 3.196320423438864244e-01 2.906968472870850029e-01 2.609535081226112552e-01 2.462440270915948193e-01 2.322538461908293939e-01
3.046916688691237995e-01 2.056307180255143585e-01 1.331078488175543029e-01 1.247915540095868164e-01 1.172002743627610089e-01 1.149591840654592828e-01 1.128369354840872280e-01
4.355671319704010891e-01 3.404323817541680119e-01 2.564474248691898106e-01 2.432108765276079221e-01 2.323656997638770261e-01 2.152271276781010378e-01 1.974999589309109627e-01
1.804823122547468961e-01 1.631276964208285274e-01 1.467970717800725355e-01 1.505622564883524472e-01 1.540639761280357123e-01 1.494945339050615107e-01 1.448910942380974842e-01
4.364133766564530226e-01 3.224708792679929492e-01 2.239092582624835348e-01 1.777016373856269704e-01 1.376797481651621524e-01 1.146217498835679777e-01 9.233594493165574180e-02
2.576879787695709467e-01 2.055700790609466810e-01 1.704905288147283982e-01 1.561520057469893141e-01 1.442955938717148112e-01 1.378499649165282059e-01 1.314814595432063637e-01
2.663032822230928520e-01 2.565225424565268364e-01 2.482395098203998562e-01 2.319495922764963358e-01 2.173791450345288756e-01 2.060368216100190164e-01 1.950219057723614480e-01
0.000000000000000000e+00 0.000000000000000000e+00 0.000000000000000000e+00 0.000000000000000000e+00 0.000000000000000000e+00 0.000000000000000000e+00 0.000000000000000000e+00
4.216515251738379155e-01 3.576377483049630879e-01 2.942513978895876514e-01 2.675490966857478337e-01 2.420680732816929137e-01 2.293019342717703135e-01 2.172108981884958712e-01
3.694694717810217965e-01 2.591337514236553563e-01 1.335834859844801936e-01 8.649578407827901438e-02 5.321413364940780211e-02 4.263494939948010015e-02 3.350763888612057206e-02
1.477206850862705922e-01 8.223077166792618076e-02 3.980543423788663465e-02 4.164629144541643485e-02 4.335047266528858911e-02 3.820016256922749431e-02 3.478868208456438460e-02
7.189148992335209210e-01 4.885946459415608789e-01 3.296889361789096529e-01 2.959010084005339047e-01 2.641117859632827192e-01 2.564732949956236574e-01 2.490415389359901255e-01
7.114329839241182452e-01 4.522255086147483061e-01 2.285902763609585775e-01 2.011629302845556189e-01 1.713585709764675336e-01 1.674887163686471225e-01 1.635490949336479705e-01
5.143315461638914288e-01 3.941867505478098832e-01 2.862541957264569947e-01 2.699352885253974432e-01 2.547444539112267980e-01 2.475860506605003508e-01 2.406522094979504922e-01
7.189148992335209210e-01 4.885946459415608789e-01 3.296889361789096529e-01 2.959010084005339047e-01 2.641117859632827192e-01 2.564732949956236574e-01 2.490415389359901255e-01
6.630281697830824328e-01 4.659068078320329764e-01 3.285621419646804209e-01 3.021045274202454611e-01 2.761085948695023440e-01 2.710019761685257822e-01 2.658594641866076635e-01
3.314494344328863806e-01 1.795063934729830557e-01 8.620636003146155135e-02 6.776204384408310299e-02 5.002356573807641149e-02 4.945403028639544507e-02 4.888830460680165108e-02
4.806837016923667244e-02 3.155738763050582041e-02 1.478702993902471403e-02 1.360903082536368651e-02 1.253405984333340675e-02 1.314332771860480913e-02 1.374725531093544569e-02
3.830742791119859936e-01 3.487967910600909827e-01 3.152185558036956770e-01 3.102677373082613488e-01 3.052960600290717252e-01 3.023148093693543981e-01 2.994684965479472716e-01
2.921562381100005767e-01 2.825485082596699282e-01 2.730083190999681442e-01 2.661684565848984607e-01 2.592175193084821361e-01 2.544552455865207174e-01 2.497128759667756048e-01
6.744983761963709856e-01 4.312134704457136203e-01 1.888378458889119205e-01 1.707692995198276109e-01 1.516878784167586536e-01 1.487578293909612437e-01 1.457866092030566663e-01
4.096335589564524260e-01 3.332190030646681733e-01 2.520183137474850676e-01 2.496687757131196006e-01 2.474997745021947360e-01 2.407400230485991222e-01 2.342146609790111134e-01
3.976551262096126305e-01 3.761095356859370797e-01 3.535759434373087484e-01 3.245567760759094367e-01 2.912928618568377259e-01 2.736148074248508921e-01 2.566868861807880542e-01
7.189148992335212540e-01 4.885946459415611010e-01 3.296889361789097639e-01 2.959010084005340158e-01 2.641117859632827747e-01 2.564732949956237684e-01 2.490415389359902087e-01
7.128301632677932487e-01 4.649093273299471640e-01 2.431014766520901149e-01 2.332323690749171230e-01 2.244932363864912683e-01 2.149534001457215626e-01 2.052404490336674769e-01
4.243355164640921218e-01 2.221513146037899511e-01 7.662289220031388848e-02 6.870560371540086753e-02 6.190396985968453503e-02 5.888247185636018982e-02 5.588116774727112934e-02
2.191446257879997583e-01 1.961998306092247735e-01 1.745088898748625161e-01 1.854485590344376045e-01 1.944554439834404180e-01 2.055866117025839102e-01 2.129556727692364648e-01
1.852053098352319516e-01 1.956114244992053497e-01 2.043230583395637956e-01 2.004195562955400911e-01 1.976272528280099972e-01 1.737936266411411468e-01 1.501581292746070606e-01
1.420694396200115339e-01 1.361054845056405560e-01 1.308724395196410040e-01 1.229254654995773355e-01 1.154957961316075005e-01 1.053688076462598877e-01 9.569283913346712800e-02
1.096178436312328641e-01 9.231343839441939758e-02 7.512332834696619499e-02 7.183414997736355112e-02 6.856244037842353090e-02 6.949207017510816708e-02 7.042492166982269874e-02
1.425878792306072840e-01 1.043140628539746123e-01 6.944770585088717862e-02 7.016388009597535058e-02 7.086465480586769117e-02 6.468017094451039561e-02 5.905588666823835542e-02
4.464728489893771135e-01 3.402238224202706607e-01 2.365523281640335707e-01 2.123628303350536817e-01 1.873198092294443284e-01 1.656497267045725919e-01 1.444647918814208620e-01
4.377381650166305427e-01 2.793845092294675037e-01 1.230501478821678096e-01 1.161062267236479817e-01 1.096923643255484360e-01 1.026105580877390289e-01 9.577774403746942833e-02
4.488186528372238859e-01 3.942418217006307124e-01 3.459899278413898771e-01 3.378413097356042227e-01 3.308190843808594961e-01 3.256835909522583505e-01 3.206596346152497667e-01
3.703587544965748490e-01 2.248232233154300874e-01 9.173635204164745649e-02 7.183271060972380717e-02 5.503458678214207672e-02 5.075751197171662205e-02 4.671375740282640576e-02
1.323914102213109567e-01 1.287535603463831058e-01 1.251459915738702688e-01 1.279874171979448472e-01 1.305939260236655131e-01 1.289180455359675570e-01 1.272231380015423907e-01
5.539610405118681191e-01 4.651008002558219556e-01 3.467554676222864840e-01 3.394424604439285620e-01 3.320818847395802242e-01 3.286484421991661131e-01 3.253587782579860921e-01
4.411329332343376652e-01 3.325720818782651467e-01 2.174663325236160516e-01 1.789190879970670722e-01 1.439525127267071991e-01 1.228760281470331894e-01 1.034511855518685380e-01
4.664905167377947359e-01 3.182805692658290386e-01 1.925009235180644984e-01 1.504131897890083336e-01 1.141186904492399179e-01 9.599730722798001381e-02 7.833910767362184391e-02
8.320742254663211490e-01 5.038023127379332999e-01 3.068037467587820810e-01 2.634969564072495163e-01 2.135910180921064827e-01 2.079504018026115952e-01 2.021593338827629149e-01
4.355671319704010891e-01 3.404323817541680675e-01 2.564474248691898106e-01 2.432108765276079221e-01 2.323656997638770261e-01 2.152271276781010378e-01 1.974999589309109627e-01
6.240294324840461870e-01 5.670822110228788127e-01 5.252248412013982293e-01 5.115961232616023091e-01 5.021172181244899502e-01 4.498383743608143082e-01 4.015956889288201936e-01
6.727291141767245686e-02 4.241757858323882968e-02 1.610857348242578785e-02 1.591562448966700113e-02 1.572710938841155939e-02 1.890673418402993855e-02 2.219094833357071125e-02
4.057284035630676633e-01 3.539769365885485075e-01 3.029605299859398082e-01 2.850262905696223092e-01 2.675512596328352699e-01 2.586566608984011695e-01 2.502052425831732263e-01
5.476817767875132720e-02 4.016115585509570651e-02 2.530789025351306773e-02 2.391184450026545907e-02 2.263672760347543861e-02 2.297692646909619760e-02 2.331394398633152010e-02
9.020048139923485531e-01 8.636680561622398500e-01 6.729487492880266153e-01 6.451420593020454897e-01 6.164779810662174286e-01 6.142422266566277544e-01 6.120162728428141241e-01
2.509915850604509391e-01 1.653274277129492265e-01 9.947208457473206977e-02 9.100310936956659824e-02 8.317068921590331509e-02 8.199486205210476664e-02 8.084778394207166319e-02
6.843701869893530354e-01 5.001154454401102178e-01 3.459965906810294478e-01 3.436315888369762539e-01 3.417271145554681144e-01 3.170113989500592533e-01 2.928992652459355139e-01
