4.125497974264872858e-01 3.594397617859312888e-01 3.057105151790863729e-01 2.887949551241278945e-01 2.715373904830196694e-01 2.586728891170537725e-01 2.466401894360405189e-01
3.073174827121066821e-01 2.030972937532338762e-01 1.265971576289262324e-01 1.186705093946121142e-01 1.116505555340062683e-01 1.088765131747479464e-01 1.062586669357129254e-01
4.343326805886673636e-01 3.488060390575734027e-01 2.664394329356122304e-01 2.419809719668219450e-01 2.225279419283335558e-01 2.011867047846062906e-01 1.801864440537737921e-01
1.845898094308558168e-01 1.651463459583417948e-01 1.466688412856368140e-01 1.532339281639363282e-01 1.592090704596804129e-01 1.492482220859377151e-01 1.394269206386229421e-01
4.401054204454927232e-01 2.949138890164070270e-01 1.691392844082563740e-01 1.296795432604986864e-01 9.769485857866160028e-02 8.577691822596357485e-02 7.481900636984166464e-02
2.506221735465724576e-01 1.717327063560531719e-01 1.291446605850301577e-01 1.193867176992335494e-01 1.113321570187174731e-01 1.011926699559710097e-01 9.181126837374756211e-02
2.611882680460679840e-01 2.520386632473511912e-01 2.442223215392751168e-01 2.299651073905265852e-01 2.172838142985060450e-01 2.021139826156806985e-01 1.869085294093611460e-01
0.000000000000000000e+00 0.000000000000000000e+00 0.000000000000000000e+00 0.000000000000000000e+00 0.000000000000000000e+00 0.000000000000000000e+00 0.000000000000000000e+00
4.257002817076456225e-01 3.482021564264236035e-01 2.720793451030052990e-01 2.620698664612310380e-01 2.524090188575211502e-01 2.435389503296820912e-01 2.352262625222084069e-01
3.685685491176319273e-01 2.318816908518130659e-01 9.817622698105439583e-02 6.637511277243847430e-02 4.392931501826553842e-02 4.196599133830085371e-02 4.000104591529247272e-02
1.610624084484078289e-01 8.410807440298136151e-02 3.310609748796064511e-02 3.179376256628206610e-02 3.087097461242691715e-02 3.499632315979536029e-02 3.838844419904065969e-02
7.255414676361778836e-01 5.084551814101784251e-01 3.427266633856940192e-01 3.128440358800569920e-01 2.889440517412734111e-01 2.836202449004954218e-01 2.785216689958697200e-01
7.133791177998481947e-01 4.341300276327532681e-01 2.026348101906808030e-01 1.785865740081660769e-01 1.542249367462520671e-01 1.532650852181387524e-01 1.523033943519611078e-01
5.019858529525297319e-01 3.943427648444900457e-01 2.877337587747961223e-01 2.545803750031814805e-01 2.294146526924281948e-01 2.251034741201134171e-01 2.210484735769122078e-01
7.255414676361778836e-01 5.084551814101784251e-01 3.427266633856940192e-01 3.128440358800569920e-01 2.889440517412734111e-01 2.836202449004954218e-01 2.785216689958697200e-01
6.667785709142788342e-01 4.443597199091282590e-01 2.935933249546667234e-01 2.799741160259452966e-01 2.671744547375395351e-01 2.641544904477223232e-01 2.611657742123744685e-01
3.300978296421773761e-01 1.696426852305046862e-01 7.835246802174604397e-02 6.002540129623999687e-02 4.337636652381239577e-02 4.400474946496690798e-02 4.460843363824491814e-02
5.470777273398942653e-02 3.486018401736139249e-02 1.471692154020734326e-02 1.452190904956985121e-02 1.433906869938697363e-02 1.517351627946888180e-02 1.593657312180342747e-02
3.857177803462333854e-01 3.484570287425308721e-01 3.114545195243890729e-01 3.106889653821114927e-01 3.099587086336264563e-01 3.115881786151749044e-01 3.130470949243199241e-01
2.908847241599283873e-01 2.792665789281414401e-01 2.674832679344942288e-01 2.611879856027145008e-01 2.548242224042543969e-01 2.485422576327072086e-01 2.421930440946495344e-01
6.763254066627716332e-01 4.142481339875683233e-01 1.667376381499743321e-01 1.483000916084790122e-01 1.303227068981917258e-01 1.284285173699688809e-01 1.265043576004789838e-01
3.907520682326449668e-01 3.238435257203011175e-01 2.460731605056148963e-01 2.126393979329721240e-01 1.882034719087864461e-01 1.852206644916955525e-01 1.824493875293577427e-01
3.958732152579955699e-01 3.741808222910929516e-01 3.513695140918435267e-01 3.275892786848645932e-01 3.012919690966633368e-01 2.821537607618017085e-01 2.643069257369143887e-01
7.255414676361781057e-01 5.084551814101785361e-01 3.427266633856941302e-01 3.128440358800571031e-01 2.889440517412735221e-01 2.836202449004954773e-01 2.785216689958698866e-01
7.042781707132981239e-01 4.178047899082043548e-01 1.562965899040479056e-01 1.768652558161812605e-01 1.951392344245028443e-01 1.829180232012352358e-01 1.711304301860752941e-01
4.133049632137907325e-01 2.145074075892932086e-01 6.688142824726345248e-02 6.356829609934024072e-02 6.073978542908316930e-02 5.454286374063640336e-02 4.919356413359356195e-02
2.243909159596313152e-01 2.015937950484216201e-01 1.803082268795212495e-01 1.871809135013522696e-01 1.921330181101932877e-01 1.989175520482448500e-01 2.030664895929992220e-01
1.731347465215223036e-01 1.891493086299027848e-01 2.026353669882324238e-01 1.964910705124253698e-01 1.920887948057818928e-01 1.659711523010833356e-01 1.403729709918596080e-01
1.358354098707700019e-01 1.303443190010313557e-01 1.255458633532632318e-01 1.199667052045305798e-01 1.148184575165324545e-01 1.020747847843727907e-01 8.994595133242788698e-02
9.993032856418894438e-02 7.955431623004782793e-02 5.920413260314573434e-02 5.670653297312830410e-02 5.447930452857105421e-02 5.480248336268218889e-02 5.511851897803862754e-02
1.499465346559463452e-01 1.081367732029295120e-01 6.917618576568139444e-02 7.139852493488399454e-02 7.360582182088858116e-02 7.229018774852551121e-02 7.102478496991386503e-02
4.461543357923167807e-01 3.468488665626637824e-01 2.442599522034574755e-01 2.285537540223247510e-01 2.122007653622059453e-01 1.912757484888549520e-01 1.722469927004569856e-01
4.404752507442751819e-01 2.842322729398875092e-01 1.194305016579843420e-01 1.166851051613739115e-01 1.142159961089014297e-01 1.119203843683083260e-01 1.097742185588401476e-01
4.510752524382297679e-01 3.786258478588765963e-01 3.161956345758936693e-01 3.191032932290334689e-01 3.214951815192230167e-01 3.182008446377149746e-01 3.149844255922850667e-01
3.686471006441289777e-01 2.061179408697236537e-01 6.811170439250982533e-02 6.048048274832248938e-02 5.335254082176827534e-02 5.139264200382221565e-02 4.956684447449594827e-02
1.372331103359741011e-01 1.319928708708702769e-01 1.267545650644216759e-01 1.314530980026493712e-01 1.357019792527135726e-01 1.291348156439591777e-01 1.223603762896653818e-01
5.605372054595179065e-01 4.658870445281989014e-01 3.349076738906731077e-01 3.351395638746551553e-01 3.353591380959389801e-01 3.354430802690271385e-01 3.355188728006129328e-01
4.405168332755116101e-01 3.244631394592841778e-01 2.023599574605060014e-01 1.709046077988301271e-01 1.434939296209125914e-01 1.373292694363003053e-01 1.311938638230167042e-01
4.635790948338672224e-01 2.932625294566489904e-01 1.493263128741515178e-01 1.169772408481067200e-01 8.985359536587976537e-02 7.631949092510449673e-02 6.430314193335402717e-02
8.352049903481105764e-01 4.841421543118555326e-01 2.765369703198790052e-01 2.447824103807529628e-01 2.098086800188229128e-01 2.097287781248631799e-01 2.096511929648254835e-01
4.343326805886673636e-01 3.488060390575734027e-01 2.664394329356122304e-01 2.419809719668219450e-01 2.225279419283335558e-01 2.011867047846062906e-01 1.801864440537737921e-01
6.261791359771399224e-01 5.085827906899228479e-01 4.294237391418035399e-01 4.363977862337025115e-01 4.411121690745244961e-01 3.822137120446917891e-01 3.348512270788284728e-01
6.457997394600975549e-02 4.065500747438099277e-02 1.465825883723078857e-02 1.472571531822353119e-02 1.479064472986737350e-02 1.793452394315622062e-02 2.114488087142946462e-02
4.091038609735877518e-01 3.483076111414640796e-01 2.883190771504121619e-01 2.821928260989168269e-01 2.763086430460816589e-01 2.721934620589531173e-01 2.684102743654680490e-01
5.986492178629899963e-02 4.258516568197363850e-02 2.504032065620668754e-02 2.485838309211421335e-02 2.468862278534926860e-02 2.519647903579157189e-02 2.566592360504418857e-02
9.036670250375620217e-01 8.631148128933683328e-01 6.166435677266459692e-01 6.150687522159770104e-01 6.136984325334503554e-01 6.114699684043550798e-01 6.092520467550016638e-01
2.475304861391025291e-01 1.551337687127682941e-01 8.715210602991012301e-02 8.275400241098586351e-02 7.859592487345148926e-02 7.461273385495977017e-02 7.093656950185762977e-02
6.798988061323366638e-01 4.495713735528433230e-01 2.603504694256188468e-01 2.853186968870325968e-01 3.051294513116083462e-01 2.768204677740215280e-01 2.517516603760479588e-01
