7.457503670776277183e+00 7.355744144549078101e+00 7.255615132010606594e+00 8.178310301424705386e+00 9.317765962192872564e+00 9.245664009060725164e+00 9.175792697032681744e+00
2.369267546882723252e+01 2.311662026148950488e+01 2.262224910642370190e+01 1.917383334505342063e+01 1.625458757845946778e+01 1.460422537780874208e+01 1.307687014872665010e+01
2.666496248371514000e+00 2.240617485749402782e+00 1.891511905991633657e+00 1.789946514231178565e+00 1.697422499328762324e+00 1.672582172075207207e+00 1.647572638908590736e+00
1.121917930620455195e+01 1.361394768306836589e+01 1.599312125992625155e+01 1.765636922551043497e+01 1.924919277932264094e+01 1.911012699958559224e+01 1.897653977708731432e+01
4.466339280082695318e+00 3.759444963379912075e+00 3.139155835308499842e+00 2.756311583325985914e+00 2.431829727008816722e+00 2.309348250061117547e+00 2.189950468596173483e+00
2.289514201886752587e-01 1.652249262046149858e-01 1.324058754445504582e-01 1.477986494083278202e-01 1.602067771472766300e-01 1.250650089954123134e-01 9.328399575233484176e-02
8.992196494815333230e-01 8.413913954951686147e-01 7.965035981262853504e-01 6.935370299489749257e-01 6.098470532447495263e-01 5.054621338936432506e-01 4.350437667473591175e-01
0.000000000000000000e+00 0.000000000000000000e+00 0.000000000000000000e+00 0.000000000000000000e+00 0.000000000000000000e+00 0.000000000000000000e+00 0.000000000000000000e+00
4.907777476245122728e+00 4.580684137702319525e+00 4.279778614425338468e+00 4.075494816811382925e+00 3.896844354982069714e+00 3.643144879594387042e+00 3.413831360972116702e+00
2.250013745786945130e+00 1.725966966159669047e+00 1.345263343562190794e+00 1.221895718352127735e+00 1.110009551481835555e+00 1.072654463190072960e+00 1.037320028877545264e+00
2.293371691702790205e+00 1.794884776761358269e+00 1.422470352676564742e+00 1.214802458157042464e+00 1.066126607190430953e+00 8.416337295262736884e-01 6.855309453912099560e-01
1.642297296229366044e+00 1.230471882031941355e+00 9.116482295874911435e-01 8.499388475897065032e-01 7.909240626453841738e-01 7.438218218732217668e-01 7.028781050909352901e-01
2.138973203750273999e+00 1.493605618951759029e+00 1.090734713342873530e+00 8.799823057302884610e-01 7.659817285169051582e-01 6.564228913050078607e-01 5.831963636251082939e-01
4.791367053060958447e+00 4.235859157603336200e+00 3.764629767789264392e+00 3.785545868607977038e+00 3.806254831315332154e+00 3.657910265584049192e+00 3.520533305390022072e+00
1.256684735445253498e+00 9.413396038586537840e-01 6.353423091038856718e-01 5.295987975568572370e-01 4.397753273207874458e-01 4.519503967089025798e-01 4.637450459983534223e-01
2.829853530045560284e+00 2.658585134305173625e+00 2.490355156913637735e+00 2.284470557069964602e+00 2.116511775186011413e+00 1.968904570445945579e+00 1.846162858443066046e+00
1.138926423302082158e+00 9.268065526744291294e-01 7.375907635234201232e-01 6.189576061147984420e-01 5.129702119634315105e-01 4.583763019752124523e-01 4.035132037400201432e-01
1.830572358198984517e+01 1.845375035813335174e+01 1.860470072332569913e+01 1.831796733587169612e+01 1.804819989018055892e+01 1.691384836354245280e+01 1.592726257254311939e+01
2.906685437457568799e+00 2.744454770950531142e+00 2.602966928994079332e+00 2.232543186176063177e+00 1.971344877034165943e+00 1.835437537805272523e+00 1.715096564634677190e+00
8.430819234910178483e-01 8.201420962140152371e-01 7.982023400479359987e-01 8.308819781974163821e-01 8.676568398293585949e-01 8.281670129587818119e-01 7.882650810833071731e-01
3.454800157173345987e+00 2.576633280151501726e+00 1.960993898066137442e+00 1.654962460321687256e+00 1.446854580695572379e+00 1.248117957273854328e+00 1.101049251979352661e+00
3.332651880529147626e+00 3.279862612845659164e+00 3.222473782072952986e+00 3.064528086234608928e+00 2.923854598769089819e+00 2.733851711594493583e+00 2.565848972704797948e+00
1.117986144734863529e+01 1.104803901935317434e+01 1.091832880906642878e+01 1.238080237477621637e+01 1.418684172386046427e+01 1.408963267736236169e+01 1.399543101811786272e+01
7.721327610855172274e+00 9.481191956345755401e+00 1.290758467299287382e+01 1.275067936525985424e+01 1.260199844959488225e+01 1.166348533094491202e+01 1.083987666255756110e+01
1.633074318848761530e+00 1.102894021140290226e+00 6.657387283915329190e-01 6.488086961082504267e-01 6.331852815305024640e-01 6.042281210474351738e-01 5.768662430550061115e-01
1.228869476916046644e+00 8.974087057941803058e-01 5.727854845293202102e-01 5.024939913476049735e-01 4.443124980397067936e-01 4.277744498196859313e-01 4.120475464087118844e-01
1.825174443066029184e+01 1.844590435514849602e+01 1.865453358750931301e+01 1.995188964419842748e+01 2.106711736445758376e+01 1.580156020903403302e+01 1.253264723213896303e+01
9.644924885102600376e-01 8.776310305855977711e-01 8.007131341182777140e-01 7.435124245497165552e-01 7.127908784066546710e-01 6.756296807349363442e-01 6.485965543053822113e-01
5.195678564498390273e+00 5.085624657966847373e+00 4.983015870849113682e+00 5.062582591781850994e+00 5.143667814952177508e+00 4.909962984494902649e+00 4.694598151408922782e+00
5.371434639075159367e+01 5.556336924087152340e+01 5.761090102411135661e+01 5.706513340067213846e+01 5.653341505866458050e+01 5.747456148695344780e+01 5.839669778278904033e+01
8.985030897350723134e-01 8.518504893395271171e-01 8.090282155267790598e-01 7.433851502682190526e-01 6.872915317247176858e-01 6.688744746506150030e-01 6.515937353507917917e-01
5.452306616866409605e+00 5.422041250146595992e+00 5.390747578445880706e+00 4.830180118811870038e+00 4.349817436058863507e+00 4.042811942860368823e+00 3.750738244734867166e+00
1.434228214388423872e+01 1.477587315594122863e+01 1.525601399252214918e+01 1.511785102132851577e+01 1.498324467457057452e+01 1.523779799104798549e+01 1.548720960787356837e+01
1.432879448190645943e+00 1.347804204745174150e+00 1.269928505086439952e+00 1.176226899607005771e+00 1.111192162153800123e+00 1.061843340587167450e+00 1.021762018575103292e+00
3.036314781437764676e+00 2.481987963587898527e+00 2.007598925533680578e+00 1.901181250702661529e+00 1.801497111489290148e+00 1.738332545440920862e+00 1.678836634464744959e+00
8.230391592499969988e+00 8.312050907478276685e+00 8.395511602107179172e+00 8.702131728809495925e+00 8.988848846693588968e+00 9.176740918172511030e+00 9.375055342345458342e+00
1.843160644612028776e+00 1.713877143264119329e+00 1.589138591347500240e+00 1.385202482786011435e+00 1.242827908446499929e+00 1.085361692108333109e+00 9.771237314503674609e-01
5.619747309276731606e+00 5.258332762944110783e+00 4.922195982491658128e+00 4.480905204265237529e+00 4.083723871851531406e+00 3.828157799855202548e+00 3.586874635372307107e+00
1.464029650432286944e+00 1.133061652038952261e+00 8.211630064107997562e-01 6.521143832747489100e-01 5.088074541340946721e-01 4.721857823215452332e-01 4.356061751054424724e-01
4.231131083875157906e+00 2.830916748678550476e+00 2.112114842746094290e+00 1.729991097273679834e+00 1.490150224371937560e+00 1.310097636583798630e+00 1.172850457589548423e+00
2.759377272716703633e+00 2.449330791917537997e+00 2.157611284836140619e+00 2.093729381149507685e+00 2.032628543620993433e+00 1.969670700180520706e+00 1.908901090969361114e+00
1.704402300605938692e+01 1.714254865285995422e+01 1.723530445526343868e+01 1.570897747216007900e+01 1.440278714321224918e+01 1.281170374272983814e+01 1.136228366566909997e+01
3.402034905350387994e+00 3.204829388286430270e+00 3.026984279069844685e+00 2.182500747701267230e+00 1.765701251633713609e+00 1.632589839223790973e+00 1.527776966573647810e+00
1.894658517896893546e+00 1.716009058018119537e+00 1.562605243068937000e+00 1.373713818407587217e+00 1.230956708103909447e+00 1.144104514793526706e+00 1.068277209366246483e+00
6.473070933801354343e+00 6.497365071699473305e+00 6.522148057691479650e+00 6.459649973861695926e+00 6.400907930088012066e+00 6.073189292066138556e+00 5.779809235473051920e+00
5.231204155990087479e+00 5.777863420894322921e+00 6.580911357107904536e+00 5.225623124896030980e+00 4.369647202351955251e+00 4.267792826515642624e+00 4.177099797775545298e+00
1.049883594649670471e+01 7.664672560807207269e+00 5.972010321739819716e+00 6.108038946167477334e+00 6.247530838109944362e+00 6.216321708094966425e+00 6.185371105904735600e+00
2.466186415780794228e+00 2.262728538097574571e+00 2.031320184653159888e+00 2.151130692269826117e+00 2.264046595991383803e+00 2.151174306049310925e+00 2.040080240798013200e+00
