4.141584128220593408e-01 3.674231488131906032e-01 3.191851380320083753e-01 2.876066605292372791e-01 2.552761524533358473e-01 2.253543220892792742e-01 1.990485120942510067e-01
3.040179821883678413e-01 2.130519252794638996e-01 1.381042234829192861e-01 1.273190238784908668e-01 1.179397247920205005e-01 1.093460826398237051e-01 1.017175288416345275e-01
4.340896785086618692e-01 3.291161495023520178e-01 2.308255906043910899e-01 2.040028131670648393e-01 1.761996749114699279e-01 1.597980087556745421e-01 1.428789363001594093e-01
1.756708161420131864e-01 1.518050326669480865e-01 1.294440932435891312e-01 1.335725730714610038e-01 1.373383443998138220e-01 1.285461423932185432e-01 1.198461445558366423e-01
3.219911866284442814e-01 1.329983325551705453e-01 2.936425352672870567e-02 3.777324536173438940e-02 4.520202466983268275e-02 4.469171408298996950e-02 4.418839106392253441e-02
1.983866126143178088e-01 1.709787081541030707e-01 1.569070540877173792e-01 1.460363802372769415e-01 1.366695419393720856e-01 1.141394533924281196e-01 9.246276428711643069e-02
2.721539142152202273e-01 2.404656301936914098e-01 2.159594419143518462e-01 2.012561775253526586e-01 1.885626951629291448e-01 1.776895229685481470e-01 1.680281472857172165e-01
0.000000000000000000e+00 0.000000000000000000e+00 0.000000000000000000e+00 0.000000000000000000e+00 0.000000000000000000e+00 0.000000000000000000e+00 0.000000000000000000e+00
4.075722096673641270e-01 2.916776971667565110e-01 1.865260921624517509e-01 1.517170256910598536e-01 1.228922551281708964e-01 1.176612143128642207e-01 1.125924771991415330e-01
3.691621434103844468e-01 1.884010781005220625e-01 4.465099211906581322e-02 3.248231543207932143e-02 2.312002027542397337e-02 2.398424297054348522e-02 2.484265820300880431e-02
1.528552408852961453e-01 5.978223706125922882e-02 1.824442131333238459e-02 2.170152681143197246e-02 2.495308377331055885e-02 2.377285061274288930e-02 2.266622054269059466e-02
3.651181341317939477e-01 2.029336065800789457e-01 5.894580387092748092e-02 4.689574740851105983e-02 3.514078543049317660e-02 3.463650933403827209e-02 3.413140076398667178e-02
7.085111471268171757e-01 4.312238630440329845e-01 2.042182339759177068e-01 1.758515557655365713e-01 1.459896722609354269e-01 1.356314233510159672e-01 1.262250470585922768e-01
4.916720198952342358e-01 3.520055702628324124e-01 2.190048464911785731e-01 1.855627742570377936e-01 1.518066382070470677e-01 1.393344807689992637e-01 1.270709054990660225e-01
4.825981148220518935e-01 3.640651776828731090e-01 2.061382999779275416e-01 1.621760311239190955e-01 1.231373242016417235e-01 1.024189444455849557e-01 8.495768620257679316e-02
4.780372410036697883e-01 3.566245098688151649e-01 2.327899871780150232e-01 2.067639970256354431e-01 1.843685802416917263e-01 1.797463102538760793e-01 1.753562194991182543e-01
2.900341718720571976e-02 2.783653649550866388e-02 2.671099539814899074e-02 2.604556337782986883e-02 2.540217380044194201e-02 2.458864963900721234e-02 2.379441203265701688e-02
5.271170002723608167e-02 3.147244638408280837e-02 1.094002671433323692e-02 1.381589057631580839e-02 1.618363864506248626e-02 1.892794131715447997e-02 2.107908148938703735e-02
3.605175463788375945e-01 2.847892280424191291e-01 2.227884933694238290e-01 1.967705414696086508e-01 1.745030066218529741e-01 1.609385814310778928e-01 1.481919908664675045e-01
3.025237328970834527e-01 2.989574321974752813e-01 2.956007105415960345e-01 2.786054621108441931e-01 2.591742223910273868e-01 2.445657986063758949e-01 2.284750110716744775e-01
5.354294851328023075e-01 3.303418728389523329e-01 1.529155429017394485e-01 1.363956912452994330e-01 1.205345976894065668e-01 1.113654647247808577e-01 1.029102555243951445e-01
3.649321917792793801e-01 2.569197075783887785e-01 1.506993226427136290e-01 1.356698673105652952e-01 1.206242223921849266e-01 1.115656693825850393e-01 1.026887596468182007e-01
4.178610819979546309e-01 3.127003147217283230e-01 2.241844607686760693e-01 1.910151233902353807e-01 1.559304975187985609e-01 1.319990788657012248e-01 1.100218168388684137e-01
5.578968580611026740e-01 4.002122497515601118e-01 2.200726243569486040e-01 1.792216441890482348e-01 1.423692669711030812e-01 1.255420358484462262e-01 1.099409787790547183e-01
3.219911866284446700e-01 1.329983325551706286e-01 2.936425352672872302e-02 3.777324536173441716e-02 4.520202466983270356e-02 4.469171408298999032e-02 4.418839106392254829e-02
4.034367769017928040e-01 2.335569591138329237e-01 8.612126434495150085e-02 7.042803334405886573e-02 5.672767282145872031e-02 5.098488409270903604e-02 4.559783379325534070e-02
5.383209395376648693e-02 2.504967353290202953e-02 1.346644213013313898e-02 1.446213928575960928e-02 1.542539183515244904e-02 1.429419503011206821e-02 1.325761138964987908e-02
2.239437396671780378e-01 2.412275909558160292e-01 2.546733452523481933e-01 2.446998804940588024e-01 2.382188833967813779e-01 2.250734808714449919e-01 2.138704179388571380e-01
1.473049245755494452e-01 1.301167079062513776e-01 1.147682919850961658e-01 1.003897432794585293e-01 8.719869739825468480e-02 7.251383530553531798e-02 5.836595033568739432e-02
1.030027205313890221e-01 8.515247786282585662e-02 6.749290844990397942e-02 6.836262956872725394e-02 6.920652930690890381e-02 6.868000649963883208e-02 6.815590678978854233e-02
1.296105299975042506e-03 1.171987268758404839e-03 1.069563411035126012e-03 1.112065784285761333e-01 1.725991529050792395e-01 1.569504428313176214e-01 1.433056598382691227e-01
4.468215294309456076e-01 3.007854502262455321e-01 1.716336818963824506e-01 1.338578327276683244e-01 9.770062720512996679e-02 9.212379960018425573e-02 8.671947199354596014e-02
1.335649223715870970e-01 9.382454397949023528e-02 5.943693946341420398e-02 6.394363006561536167e-02 6.722291957856656175e-02 6.715564430028952980e-02 6.709624355792020989e-02
4.491662038082254171e-01 3.767471007584178855e-01 3.144184111070980059e-01 3.252028061952754734e-01 3.327101221269932463e-01 3.093595844766781067e-01 2.895400228190644909e-01
3.386768586276982518e-01 1.884547201355194768e-01 6.353034991393118058e-02 5.306629892516212532e-02 4.368093903615880014e-02 4.232417320535673128e-02 4.098736875549503084e-02
8.392513356017269888e-02 6.892779806446414081e-02 5.370361073196134455e-02 5.520975226185519807e-02 5.648869167974539252e-02 5.275298315516388503e-02 4.914484353487127283e-02
4.667452520138570815e-01 3.848255192410673375e-01 2.913214081965944668e-01 2.678613579384968024e-01 2.451508840693004398e-01 2.133403285123944282e-01 1.856644436290226796e-01
4.403707205897376409e-01 2.780200680856308448e-01 1.298287514969556633e-01 1.032495687892653752e-01 7.848087136553910659e-02 7.615630271613978153e-02 7.388427404082269223e-02
4.478024425174892409e-01 2.898429278318962465e-01 1.514793479334839432e-01 1.271946391357763051e-01 1.065356645721272366e-01 8.751491987383629156e-02 6.990268295440954516e-02
8.316543906129869601e-01 4.713551802460324569e-01 2.652777713302243989e-01 2.158930775868471430e-01 1.663552473634000439e-01 1.602621553369582841e-01 1.542611043144618277e-01
2.900341718720573364e-02 2.783653649550868470e-02 2.671099539814900808e-02 2.604556337782988271e-02 2.540217380044195936e-02 2.458864963900722969e-02 2.379441203265703075e-02
4.435789331602681407e-01 3.666573472730885741e-01 2.934045409680484662e-01 2.830250858678672321e-01 2.741292097107383974e-01 2.423012041508140202e-01 2.125427851100076537e-01
5.803040394265888968e-02 8.690812061225952623e-02 1.103665421086892084e-01 1.199017753473096415e-01 1.268000458551684084e-01 1.278032504544345804e-01 1.286187599185980579e-01
3.952818196020546071e-01 3.156333109337147724e-01 2.479848765869203386e-01 2.192950154102459581e-01 1.941340636278200138e-01 1.802435638195579726e-01 1.675031669327292916e-01
5.783846715544646577e-02 3.749928224077008626e-02 1.768176431971182558e-02 2.024973194925145520e-02 2.237417256319037054e-02 2.365104843759728223e-02 2.468176646414111872e-02
6.378290834516745500e-01 4.434072340602026041e-01 2.202682433631074910e-01 1.470961693523571423e-01 9.004837648398449079e-02 8.564393770210229628e-02 8.131048796883133534e-02
2.493537357255337927e-01 1.689562395185092158e-01 1.002232693931903174e-01 8.517494830129263006e-02 7.018632395498157484e-02 6.796302223023921452e-02 6.572607524164575388e-02
6.711109694181340846e-01 4.951234858428819052e-01 3.048479451030631782e-01 3.033648409575394056e-01 3.019825826064009289e-01 2.870951170031411648e-01 2.710554181530813733e-01
