4.136131456329961709e-01 3.704035430749814117e-01 3.254004914598385700e-01 2.994605131399867282e-01 2.747844579857400271e-01 2.442355426876158253e-01 2.162834432214668368e-01
2.958859010173449100e-01 1.981257379988973499e-01 1.232196674485541710e-01 1.136875883741057247e-01 1.051219352655303613e-01 1.039743251528169182e-01 1.029210211111939305e-01
4.321024634788387386e-01 3.204302100297366507e-01 2.254315365028356777e-01 1.980465442551137545e-01 1.718988226242102735e-01 1.598929184514495949e-01 1.480036013562321118e-01
1.677631856238099017e-01 1.467708487189949285e-01 1.262325814567433757e-01 1.282814765141973845e-01 1.301166689803094079e-01 1.256590365542273047e-01 1.214383393440135739e-01
3.005933695644293913e-01 1.260865378746580112e-01 2.929812985881006387e-02 3.842007804546440641e-02 4.632691112637962044e-02 5.034774529161074180e-02 5.440769234711392843e-02
2.066905243553507632e-01 1.635324021094691771e-01 1.415354653723674416e-01 1.340831904427521593e-01 1.277515947148145647e-01 1.141504592406666352e-01 1.015465326704760723e-01
2.691881397640501494e-01 2.411553023573209109e-01 2.183807889022038040e-01 2.025061561125686138e-01 1.896017289318070731e-01 1.788835691961249419e-01 1.698785761473326772e-01
0.000000000000000000e+00 0.000000000000000000e+00 0.000000000000000000e+00 0.000000000000000000e+00 0.000000000000000000e+00 0.000000000000000000e+00 0.000000000000000000e+00
4.087999757444172877e-01 2.771984839839384263e-01 1.676478012366799109e-01 1.457598969487959861e-01 1.272531389810588331e-01 1.186917085455993642e-01 1.105362005604052927e-01
3.665932066761835029e-01 1.978907583213917742e-01 5.394896525878584842e-02 4.474884424326439764e-02 3.710875427150749084e-02 3.572992946935518721e-02 3.433034795180292531e-02
1.397434661240405662e-01 5.868872003605000998e-02 2.056119411069422254e-02 2.337444256303375378e-02 2.590615996011603681e-02 2.452547072455955185e-02 2.338559966833851644e-02
3.655379907845603404e-01 1.994024493559445332e-01 4.890014876770649999e-02 4.178496005567058219e-02 3.492649252716976960e-02 3.309872889657977657e-02 3.140460354764292722e-02
7.121536988909294985e-01 3.912060485575568070e-01 1.509653387183950424e-01 1.372142769141709850e-01 1.229337648110614550e-01 1.156744759598507255e-01 1.089602133477666351e-01
4.904481581040613380e-01 3.591151357471926153e-01 2.194624882856250903e-01 1.809052916223136964e-01 1.439976915304556904e-01 1.365435817821689102e-01 1.290653378648041472e-01
4.895005626531181986e-01 3.015970465676932055e-01 1.287378380517233967e-01 1.096879820717459042e-01 8.997285706438348796e-02 8.118359383999421142e-02 7.342183788592430982e-02
4.805361389291231133e-01 3.330366770178158076e-01 1.937516875823085682e-01 1.886534571166872121e-01 1.838358533120932892e-01 1.733630126876889443e-01 1.641247908424696145e-01
2.930128030087055316e-02 2.831338502340960753e-02 2.736004853738017301e-02 2.666688295518980165e-02 2.599720509385520725e-02 2.521382302897906200e-02 2.444546415024571873e-02
5.024824249089354655e-02 3.200501653665801388e-02 1.370271367287176183e-02 1.390259289096705715e-02 1.405071306839028762e-02 2.343988068947468889e-02 3.089539604347177337e-02
3.619746106087057269e-01 2.860596340369107038e-01 2.208112270121309617e-01 1.894168781550241432e-01 1.645889352938984251e-01 1.497849130135872620e-01 1.365759332752139454e-01
3.036050632810045613e-01 2.977761698304147719e-01 2.921790183853772982e-01 2.759197879917098528e-01 2.575173579436873528e-01 2.347480640058248746e-01 2.104218772418178784e-01
5.419766572504211011e-01 3.170290144137369870e-01 1.231220497979570450e-01 1.101616631694712634e-01 9.779262393146315180e-02 9.568717598933350332e-02 9.377350415771182335e-02
3.604236344417959259e-01 2.561418218880554543e-01 1.453278607357892382e-01 1.302927240757714433e-01 1.163451160390322203e-01 1.061959593738072694e-01 9.618325523683263212e-02
4.184600542951725788e-01 3.243038638895368586e-01 2.373717833279893052e-01 2.187749106328855386e-01 1.990816819125708348e-01 1.836537116803375613e-01 1.681178179209153467e-01
5.695188941952359363e-01 3.893368554870392795e-01 1.902015551491040568e-01 1.552708043224255707e-01 1.231106427810127052e-01 1.199044692242734467e-01 1.168423509253884024e-01
3.005933695644297243e-01 1.260865378746581222e-01 2.929812985881008122e-02 3.842007804546442723e-02 4.632691112637964126e-02 5.034774529161076956e-02 5.440769234711394925e-02
3.984910215527470712e-01 2.080210892572443571e-01 6.526698491448046369e-02 5.695876809975894406e-02 4.947308098766679124e-02 4.523728253789014581e-02 4.124143585461808453e-02
5.057258482968134822e-02 2.699971109198453373e-02 1.677242197764073489e-02 1.666004515424845955e-02 1.655720954638812206e-02 1.434997451230012218e-02 1.266814389002730856e-02
2.188839431414847103e-01 2.304939412084873740e-01 2.398246239219328502e-01 2.305837302325947080e-01 2.246581687585313403e-01 2.059103026518633861e-01 1.918343306775864843e-01
1.439759643365331188e-01 1.267137797222513129e-01 1.113377864087900931e-01 9.715032641475217223e-02 8.416975264830241221e-02 6.754305985562265857e-02 5.177776515294087861e-02
8.780667138773461111e-02 7.318965649297723419e-02 5.904949208752398315e-02 6.292772058291287718e-02 6.665187012279323586e-02 6.431659532737839247e-02 6.210130538111924975e-02
1.291211165439448173e-03 1.056430440518665729e-03 8.938938594135046505e-04 9.659204405390348080e-02 1.539325404820255927e-01 1.308790109090166298e-01 1.112422800014716551e-01
4.446540241005554894e-01 3.218992245381472883e-01 1.974773658820971334e-01 1.616302920231243168e-01 1.311849296447784863e-01 1.157879318449368394e-01 1.019006182638282076e-01
1.318087406543591855e-01 8.175392214170615346e-02 3.916448789182749857e-02 5.363325416008366681e-02 6.401291458575819604e-02 6.075873484172110428e-02 5.809038518483716773e-02
4.499704945825286906e-01 3.409226512813608445e-01 2.584861989343908428e-01 2.647084911536429774e-01 2.694963963150928676e-01 2.598089182790924712e-01 2.516498684038285250e-01
3.387256398989299533e-01 2.041828615776176692e-01 7.529288002830934745e-02 6.333998990612495217e-02 5.307730048236171394e-02 4.992498039998498338e-02 4.695913526363426627e-02
8.156991033371435718e-02 7.799034109176823659e-02 7.435709123519698704e-02 6.913471581442152958e-02 6.425750644152589119e-02 5.916503498473195399e-02 5.460533236632572618e-02
4.744861936574634176e-01 3.745060002354875239e-01 2.590110189227705084e-01 2.462585216779911712e-01 2.341081594534481780e-01 1.997954990139265696e-01 1.708161592680882135e-01
4.382826119191774450e-01 2.989245447594102156e-01 1.554586475967812964e-01 1.387499873042157550e-01 1.230827523773689591e-01 1.127098388278656160e-01 1.027601894363045776e-01
4.294360217204885033e-01 2.696884644735654812e-01 1.357759306752479023e-01 1.157787896183891246e-01 9.862339495556711466e-02 8.587621040313656029e-02 7.432911976712515412e-02
8.338590476900928916e-01 4.037682508156206218e-01 1.774211365774688853e-01 1.644288999629143488e-01 1.517161189930349985e-01 1.458749389170517774e-01 1.404454655598166291e-01
2.930128030087057397e-02 2.831338502340962487e-02 2.736004853738018688e-02 2.666688295518981899e-02 2.599720509385522113e-02 2.521382302897907934e-02 2.444546415024572913e-02
4.331794422383409837e-01 3.297934399180046938e-01 2.413955700828487871e-01 2.328602555947884012e-01 2.251228422265990070e-01 2.184382349557798253e-01 2.120398197795307360e-01
5.765521448430799278e-02 7.148092166688008176e-02 8.349842955303758696e-02 1.255746537947584063e-01 1.514829295001893228e-01 1.272037690018814060e-01 1.073785226805234194e-01
3.951497873867417798e-01 3.200654282331351630e-01 2.551865260696267179e-01 2.259266575862150794e-01 2.013769112982829179e-01 1.769565206229194720e-01 1.558094142691160144e-01
5.543474038413764154e-02 3.958286488234857847e-02 2.364909163985180057e-02 2.204387460572616864e-02 2.081263655140500393e-02 2.798652117400925177e-02 3.377114503875920659e-02
6.497134112955638141e-01 4.445071195286689480e-01 1.665704086156824526e-01 1.130521404885590636e-01 7.984481285555246333e-02 7.331329716068500646e-02 6.750958966866386912e-02
2.470599181738279415e-01 1.650755286525967536e-01 9.448736088869380545e-02 8.015749779833276911e-02 6.588530916678919658e-02 6.299227514966349029e-02 6.017678437664149976e-02
6.455315050466245985e-01 4.349202949486879466e-01 2.372707870762213456e-01 2.345764898894526218e-01 2.319823232202039287e-01 2.329376541504135645e-01 2.339150436515164688e-01
