4.142332265937478941e-01 3.666362521006789610e-01 3.181428426917776719e-01 2.839529890504587928e-01 2.517789971504921787e-01 2.365371835938957223e-01 2.230829320978742480e-01
2.951242989681405748e-01 2.160872487915716234e-01 1.493448333045190590e-01 1.370089015308263991e-01 1.268268366453846330e-01 1.177103769332758926e-01 1.095207496463027758e-01
4.396081093096211312e-01 3.341373593299168387e-01 2.384633418107794389e-01 2.102354384498670015e-01 1.855467802421447987e-01 1.588091392577657968e-01 1.326452518892298760e-01
1.701781140017715188e-01 1.507304454129892168e-01 1.320815380578529430e-01 1.368200501035159167e-01 1.409145277951183162e-01 1.310729476146724748e-01 1.220546396071726242e-01
2.810919378104180244e-01 1.217267525232879899e-01 3.602400864677478276e-02 4.344605665893457730e-02 4.948114718135312312e-02 5.506336330760358555e-02 6.076659029237754805e-02
2.030098967097879181e-01 1.595427334007173681e-01 1.375913093483113192e-01 1.146558130025138733e-01 9.583013640719116599e-02 7.519466959386671145e-02 5.632137214623809257e-02
2.720764542987171852e-01 2.378488793613488528e-01 2.104946702822191318e-01 1.956663802412674236e-01 1.843257927889266623e-01 1.429605144257266314e-01 1.182126217191755563e-01
0.000000000000000000e+00 0.000000000000000000e+00 0.000000000000000000e+00 0.000000000000000000e+00 0.000000000000000000e+00 0.000000000000000000e+00 0.000000000000000000e+00
4.050907248930590843e-01 2.857227533703768918e-01 1.809322207361199752e-01 1.489316367320986101e-01 1.231878141871479149e-01 1.223146966961619203e-01 1.215020026094221217e-01
3.693167583050807057e-01 2.647863735163384358e-01 1.318008389362368415e-01 1.125817515626123810e-01 9.662927632894666163e-02 8.489767446921216154e-02 7.521061069579597358e-02
1.360432196757728751e-01 5.855270912978657177e-02 2.353554195066141427e-02 2.508417716346203127e-02 2.648008344313058926e-02 2.528705510086302552e-02 2.439863092042736728e-02
3.557567023675102247e-01 1.982152765947050033e-01 6.269643308880423760e-02 4.851437921424588129e-02 3.453447607784553008e-02 3.364602764261592771e-02 3.277656712342980755e-02
6.961099099974425997e-01 4.010020649395850123e-01 1.792746573783536301e-01 1.618257802125506462e-01 1.445236822639717755e-01 1.516787351487345059e-01 1.582385158864506591e-01
4.867561411231994262e-01 3.433039795631931956e-01 2.115835738270291366e-01 1.785114449314038898e-01 1.498391562030068347e-01 1.414056413301228998e-01 1.329313147308182896e-01
4.887837606469528917e-01 3.507543943387052554e-01 1.910850983059980135e-01 1.641706470676991825e-01 1.391619910622505230e-01 1.194406289702885093e-01 1.037507561604585488e-01
4.770829230931371012e-01 3.476060430888728847e-01 2.259080380331418836e-01 2.190002386859593586e-01 2.133652839491798070e-01 2.224484430673067947e-01 2.303907220342310547e-01
2.949971249125796918e-02 2.836657361698168359e-02 2.727401494914263522e-02 2.653689596846855667e-02 2.582550798708333969e-02 2.500984827930226306e-02 2.421139956315035077e-02
4.752056458409829875e-02 3.052800665457201801e-02 1.357157004451014712e-02 2.224206447725608771e-02 2.885833892260469477e-02 4.160013776882057202e-02 4.957168401437739291e-02
3.615730015151445431e-01 2.704655831215501682e-01 1.988223249142291871e-01 1.801324136425270228e-01 1.648210195544780876e-01 1.573332510434826692e-01 1.505084152488606053e-01
3.031809031202417071e-01 2.947303809262125096e-01 2.863865162791648378e-01 2.631098472391610321e-01 2.348230381367449326e-01 1.727433859666970273e-01 1.185778381663024489e-01
5.219127867054789149e-01 3.024070990541654624e-01 1.271864988019491827e-01 1.156847074130838426e-01 1.050949234462390386e-01 1.023198402356002706e-01 9.987617104224411069e-02
3.602029368506927121e-01 2.740097135624805502e-01 1.782897149365406109e-01 1.549482304991032233e-01 1.352292107027185941e-01 1.239200452004691616e-01 1.126311623245459942e-01
4.191430493721091111e-01 3.355185942027399948e-01 2.583031086021863598e-01 2.392228260464807632e-01 2.177995785449853561e-01 1.927606455541171493e-01 1.703264704653251194e-01
5.598315272397732523e-01 4.014954307815719603e-01 2.167172249145067064e-01 1.847056584155732650e-01 1.575958129313035361e-01 1.450654021690254147e-01 1.336479382595071874e-01
2.810919378104182464e-01 1.217267525232880870e-01 3.602400864677480358e-02 4.344605665893460505e-02 4.948114718135315088e-02 5.506336330760362024e-02 6.076659029237757581e-02
4.059767716819970840e-01 2.507518802200365271e-01 9.980066149269022080e-02 9.262002830390718422e-02 8.574871072205017541e-02 7.551576994486333683e-02 6.640115358405641877e-02
5.640466704603953191e-02 2.944076033117890012e-02 1.823834401426046442e-02 1.664683107023309794e-02 1.514304993643027925e-02 1.377316818871467639e-02 1.287329741236752263e-02
2.283142775702632632e-01 2.326187673894707375e-01 2.362716296182667264e-01 2.405192069997201254e-01 2.425980276753787190e-01 2.076094023602615968e-01 1.808862711903447273e-01
1.496375730280336547e-01 1.274046998629179417e-01 1.072412410551491641e-01 8.305944616344952680e-02 6.180110680126178063e-02 5.323403254967976755e-02 4.535682260369718749e-02
9.688310464312890891e-02 8.207582064595062010e-02 6.769044031500955072e-02 7.019942024821332338e-02 7.250391233353623011e-02 7.445532687874527322e-02 7.626517234619636931e-02
1.290905244401731235e-03 1.094833562038659888e-03 9.504696149238115333e-04 7.628094585478281675e-02 1.152892028284312892e-01 9.363852350430477978e-02 7.752983714920547165e-02
4.487178530329071768e-01 2.790112765437350317e-01 1.467726258839855136e-01 1.293559470420790058e-01 1.133859323893648824e-01 1.075520146283524131e-01 1.020785314920727854e-01
1.402814886573247599e-01 9.272968736526966682e-02 5.106650430839553695e-02 7.208390981483521476e-02 8.487254399563250173e-02 8.719734246556479218e-02 8.887871908541865318e-02
4.455766235139517750e-01 3.643157569735549495e-01 2.953455876576888128e-01 3.050804073332781807e-01 3.106424140321157878e-01 3.055587629650233783e-01 3.017205757405185818e-01
3.466072072414859151e-01 1.941477512901681191e-01 6.938407878942012830e-02 6.193489193695368017e-02 5.495818407061082295e-02 5.093404674676254434e-02 4.713317219777372197e-02
8.565032774996737819e-02 7.510824838452646868e-02 6.499786454810951852e-02 5.016084491014854985e-02 4.010143064780563593e-02 3.787678607485520099e-02 3.547467120514486566e-02
4.706619487014894188e-01 3.822127971863980012e-01 2.761016747077791877e-01 2.610535255384225373e-01 2.472745313574611359e-01 2.478735208619141372e-01 2.483778778018391198e-01
4.410906053064451715e-01 3.021262137141100257e-01 1.613158766656503096e-01 1.519180312949482414e-01 1.429981508408122992e-01 1.351706654228969073e-01 1.278459636777579400e-01
4.459764381542344891e-01 2.935473649823993614e-01 1.584208608622033332e-01 1.355324731124074866e-01 1.160712481168643256e-01 9.610433722000817636e-02 7.941045282233423486e-02
8.277182412567024583e-01 4.220898336473359325e-01 2.175043998863609440e-01 1.968029836627021023e-01 1.772145744662607103e-01 1.831739579460324729e-01 1.886487646820313724e-01
2.949971249125799000e-02 2.836657361698170440e-02 2.727401494914265256e-02 2.653689596846857401e-02 2.582550798708335010e-02 2.500984827930227694e-02 2.421139956315036118e-02
4.345388555201818992e-01 3.649746120234327318e-01 2.991135462425290603e-01 2.799381737877877918e-01 2.637532723914382538e-01 2.467428101668121543e-01 2.306101124482206333e-01
5.792967299421419164e-02 8.086727559294763779e-02 1.000235665281184877e-01 1.528614188883098968e-01 1.778267923534078421e-01 1.343377798433374182e-01 1.043044948542951045e-01
3.957506574563863788e-01 3.088861396814872040e-01 2.369423877080845953e-01 2.044118855570105087e-01 1.782053041683771821e-01 1.711561598791195848e-01 1.648422906767787743e-01
5.395337306721854909e-02 3.817531750217596775e-02 2.253760106242676253e-02 2.739218396386913432e-02 3.101729894334712828e-02 4.104243870741413475e-02 4.786545043310386910e-02
6.374037375201893063e-01 4.017043053679752451e-01 1.622533325741465360e-01 1.323174888550803785e-01 1.097364194083612771e-01 1.345139121101501800e-01 1.541536468294341933e-01
2.459901793397750169e-01 1.715627591859776868e-01 1.069228487460425897e-01 9.390637175828782379e-02 8.104923949014833373e-02 7.781306047123191794e-02 7.468412638591596930e-02
6.531864501615524121e-01 4.489310654117422694e-01 2.488203219974045866e-01 2.512471855978536395e-01 2.535321496827052101e-01 2.485843401263280183e-01 2.431978132639805723e-01
