3.799538018112022186e+00 3.777056771944180102e+00 3.753517676989142959e+00 3.797500761985887596e+00 3.842173338075852040e+00 3.704741779668761836e+00 3.576931005204901926e+00
1.830724872020154592e+01 1.694466029052514600e+01 1.586090955236931421e+01 1.432722168710262700e+01 1.295774404508602906e+01 1.176582714039882482e+01 1.066857874693749864e+01
2.697486097414185213e+00 2.486711735067809403e+00 2.280826605697996445e+00 2.096530773098930212e+00 1.938220646403488345e+00 1.849427942842292838e+00 1.767026295297782212e+00
1.093177476898813261e+01 1.431235678552880586e+01 1.758192283700774894e+01 1.787403528506522221e+01 1.815297664851350135e+01 1.792612453885350376e+01 1.770886579697480911e+01
4.398589402302436113e+00 3.466142178686588249e+00 2.725334592245660215e+00 2.472994310305644206e+00 2.258906271262458798e+00 2.089518849308609205e+00 1.937021793348475018e+00
1.460485217373398981e-01 2.090318010913817526e-01 2.385187895001713576e-01 2.579636702062421127e-01 2.731104807236249266e-01 2.657986747117096482e-01 2.585022847783399746e-01
9.072756310621883369e-01 8.675486432724266450e-01 8.323862404405004689e-01 7.808160519537362676e-01 7.345204146585564420e-01 7.075120635170534245e-01 6.803668339022176381e-01
0.000000000000000000e+00 0.000000000000000000e+00 0.000000000000000000e+00 0.000000000000000000e+00 0.000000000000000000e+00 0.000000000000000000e+00 0.000000000000000000e+00
7.753682266730904438e+00 6.988265532791043455e+00 6.332621273201556988e+00 5.506768638474991207e+00 4.888840403079420582e+00 4.766278037591949790e+00 4.649047694336672087e+00
2.313320147215929712e+00 1.794477086126652132e+00 1.372581574197092813e+00 1.159726011768176912e+00 9.855227126172321217e-01 9.853672244779996259e-01 9.852118056599096230e-01
2.288185535116090019e+00 1.435269129100829044e+00 9.994929587593284204e-01 8.326970907740898209e-01 7.197449186793457576e-01 6.903116969931847313e-01 6.637005866239862328e-01
1.052426761621566120e+00 6.512335787087895067e-01 3.389513612420244626e-01 3.107324737398332037e-01 2.825606573692107659e-01 2.569231959520860142e-01 2.337476679476199470e-01
2.144853414728315144e+00 1.394921490523890917e+00 8.873785400813343216e-01 8.192406085066118449e-01 7.549781486112567830e-01 7.404252902319287122e-01 7.263327573156935779e-01
7.166973508372224799e+00 6.097473317821386019e+00 5.267140253514323689e+00 5.276674359651186919e+00 5.286322676066094850e+00 5.247313447897961503e+00 5.208231193153436855e+00
1.211760301882067958e+00 7.851264706476559496e-01 3.872929512586123502e-01 3.510231786967555889e-01 3.106233204359958311e-01 2.822117230440913671e-01 2.581172980668786643e-01
2.963067553318543546e+00 3.015855464698293353e+00 3.084617696019421373e+00 3.210819491404155457e+00 3.351602094670313559e+00 3.326770577558234798e+00 3.301864414308042228e+00
1.130896403470886380e+00 7.532637523340678376e-01 5.077314941237639490e-01 4.322617929600849895e-01 3.664380684389070275e-01 3.636200432848077368e-01 3.608091635846812917e-01
1.823718778776759919e+01 1.776170720871937192e+01 1.732002230795019315e+01 1.675328766416751236e+01 1.623273424469702064e+01 1.579437981411359715e+01 1.538387924536091411e+01
2.801886855019466438e+00 2.234460788956446731e+00 1.847927070875989397e+00 1.378528659240474852e+00 1.053651087114515716e+00 1.106026882848871518e+00 1.155994841919751437e+00
8.274143403138261021e-01 7.942795374229837391e-01 7.631619865232592836e-01 7.669492538195549214e-01 7.707869276565444405e-01 7.536615995323946438e-01 7.383430737913257991e-01
4.670859404321628716e+00 3.959912418145453472e+00 3.338477640594342599e+00 3.151780776361307268e+00 2.980181584417144869e+00 2.722715612914276662e+00 2.490592774713284552e+00
2.764149381516642023e+00 2.370172577643037570e+00 2.006023534963168764e+00 1.875191341617081342e+00 1.757988638781974533e+00 1.620218788587732828e+00 1.493272842720509752e+00
1.246383455692122055e+00 7.552463316687457739e-01 4.601137831921390808e-01 3.790248967030024341e-01 3.075307012010751184e-01 3.069713496346792025e-01 3.064024348177415979e-01
5.770333394129340654e+00 6.000644824173604341e+00 6.301206059643251756e+00 6.169843999718176875e+00 6.045504116430405972e+00 5.671173515082676531e+00 5.337523766803476732e+00
1.672204262161044896e+00 1.028616574583611332e+00 5.737031650172510489e-01 5.601320586069929996e-01 5.482784380795512336e-01 5.340464974820839927e-01 5.207589739243468907e-01
1.209866477405808993e+00 8.100222909424893425e-01 4.669806067287300411e-01 4.511065465107924610e-01 4.354390713824397019e-01 4.140165452307754124e-01 3.936937000099601236e-01
1.774039717603746169e+01 1.686750334038755383e+01 1.605865503199832744e+01 1.607417143175539209e+01 1.608608496782386865e+01 1.382207684909840140e+01 1.210359395171805907e+01
1.009639016359922037e+00 8.074280429634931311e-01 6.499686077198346679e-01 6.728210915942969272e-01 6.873806979783919635e-01 6.520413317247040208e-01 6.211269689626653934e-01
5.556908338289880511e+00 5.404538924684409551e+00 5.263874875615187854e+00 4.983720610626503067e+00 4.735368496670462335e+00 4.717490389546008522e+00 4.699742299155271752e+00
1.081085762587409249e+01 1.031746411516752993e+01 9.840049409299176375e+00 9.834544821335891029e+00 9.829158012890005125e+00 9.422866033675491693e+00 9.035324697397337346e+00
8.113101257596210258e-01 7.558833610936408487e-01 7.128153456896247908e-01 6.605532403414393627e-01 6.245997804447880331e-01 5.901718622626335176e-01 5.606844101124907054e-01
5.653305305728861363e+00 5.235788674008007071e+00 4.849695422376361975e+00 4.595957983129141056e+00 4.360920747592822444e+00 4.262456575852983320e+00 4.169614837440749788e+00
5.837291476725679829e+00 5.247950435524697532e+00 4.686965892618126794e+00 4.467350526704918501e+00 4.273185524793603030e+00 4.026440650248577668e+00 3.794186345783516767e+00
1.502935064525737108e+00 1.323129190975548042e+00 1.159521389110026890e+00 1.119915096040846825e+00 1.084561726131131776e+00 1.065373983248439238e+00 1.048047141399441662e+00
3.086200626649266532e+00 2.628075264648495946e+00 2.205617685776805281e+00 2.009335207312939797e+00 1.836059584883682705e+00 1.774367271301697802e+00 1.715650327512185047e+00
5.798549567402257132e+00 5.961107203717633141e+00 6.125142233751584619e+00 6.148624176257836638e+00 6.170507996365854453e+00 6.107196412535512486e+00 6.045633126000478086e+00
1.715664102861440554e+00 1.633668262612758104e+00 1.554489531051032936e+00 1.400416220477897156e+00 1.270740047908097470e+00 1.097058264648141268e+00 9.626489037369239110e-01
5.766238752352517594e+00 5.273483917541297750e+00 4.816040484916498166e+00 4.556080409605151260e+00 4.311558932435056057e+00 4.243820028654620380e+00 4.178296472278242746e+00
1.456176089744677160e+00 1.068331759187159946e+00 7.282015384474487263e-01 6.365706888453980250e-01 5.527050323545448229e-01 4.806883005714546742e-01 4.145095006230488099e-01
4.139985772062242830e+00 2.518910081712549598e+00 1.711000870749046943e+00 1.635471667529872164e+00 1.561668934851517365e+00 1.504614839075984367e+00 1.451249733819044652e+00
2.377168466360404242e+00 2.027121418234280714e+00 1.702860819813259541e+00 1.609915255539884349e+00 1.523917723645293210e+00 1.472024460366884835e+00 1.422412455527099384e+00
2.312651361682543083e+01 2.254954778665985771e+01 2.205379071204624708e+01 1.982784327917982736e+01 1.785808286537119116e+01 1.625830478090168185e+01 1.478233962893142106e+01
3.382621526295804593e+00 2.746736094872894274e+00 2.323654418595888949e+00 2.347907507009013184e+00 2.373576623894394277e+00 2.087673331441791458e+00 1.859276160238188202e+00
2.582005552608702459e+00 1.726380556346859718e+00 1.284039434810538838e+00 9.798275481675166043e-01 7.612344319850888885e-01 7.840569228236400345e-01 8.051220552480876647e-01
6.432613250328754972e+00 6.284911268874063595e+00 6.145752529281852006e+00 5.990576129009073547e+00 5.847892623976027160e+00 5.711742537855452717e+00 5.583504796890952804e+00
2.801886855019466438e+00 2.234460788956446731e+00 1.847927070875989397e+00 1.378528659240474852e+00 1.053651087114515716e+00 1.106026882848871518e+00 1.155994841919751437e+00
4.091632277036586274e+00 3.623020939639621130e+00 3.205030330531414950e+00 3.058758229508872883e+00 2.922155150107331512e+00 2.792437558268276110e+00 2.667815556487199480e+00
2.419805499299843454e+00 2.163631426158056037e+00 1.886399404873375651e+00 1.845329480995530735e+00 1.812957047537055999e+00 1.684549607951753680e+00 1.568648662662998516e+00
