4.097908943862771380e+00 4.072759101058761821e+00 4.046623905076675243e+00 4.003209441014780268e+00 3.960731054537791174e+00 3.803944014467286472e+00 3.658826100363638201e+00
1.912781356306044600e+01 1.804285309161412698e+01 1.716041757293122316e+01 1.561952235188159754e+01 1.426193655855889375e+01 1.355923760244963638e+01 1.289898174731630398e+01
2.859794077012192570e+00 2.745396497639900790e+00 2.629273443203696381e+00 2.276433798005563336e+00 1.997508973461871840e+00 1.934967804417283777e+00 1.874804712777863092e+00
1.159837061321751861e+01 1.393717181564010943e+01 1.621243548276998681e+01 1.778369282990004763e+01 1.926791668868323981e+01 1.924184273385169774e+01 1.921652080630580883e+01
4.592401219289441450e+00 3.809204230442922334e+00 3.129226089815622558e+00 2.720428353783303610e+00 2.387702317873707791e+00 2.203288729684024894e+00 2.036621854235221463e+00
1.121502261084404428e-01 6.616949443721263646e-02 4.691114611654176314e-02 5.423934933803290642e-02 6.015170761085614909e-02 7.471448702511436502e-02 8.832908306605317950e-02
9.872269806907498779e-01 9.116483365191689892e-01 8.469030193154677422e-01 7.808442750630119056e-01 7.242649897696409322e-01 6.926846243543892667e-01 6.626891239139016676e-01
0.000000000000000000e+00 0.000000000000000000e+00 0.000000000000000000e+00 0.000000000000000000e+00 0.000000000000000000e+00 0.000000000000000000e+00 0.000000000000000000e+00
5.216886668489299161e+00 4.757552264960523303e+00 4.347558580066789524e+00 3.995911532150166146e+00 3.708681784307671592e+00 3.615951112185611827e+00 3.527904880285277933e+00
2.425936100028891484e+00 1.808946812756692557e+00 1.325916659622704108e+00 1.056422741400709020e+00 8.482040867973779097e-01 8.631574137878761377e-01 8.780155130134641439e-01
2.288370050432381841e+00 1.521805342767177160e+00 1.084139732545668533e+00 9.544986734869684852e-01 8.556408889475830559e-01 8.092690769310025845e-01 7.662597678194645878e-01
1.701283955856187857e+00 1.199223515150575903e+00 7.978045620357239187e-01 7.368435710705042441e-01 6.806755824886512318e-01 6.717249572191428264e-01 6.629028140385087031e-01
2.207338104995271610e+00 1.523762390636720587e+00 9.836583249225292480e-01 9.441470294948729469e-01 9.049216964539685826e-01 8.646854532883060385e-01 8.272609080255680647e-01
4.894254929921813435e+00 4.128319052936296529e+00 3.517865596796619698e+00 3.176744619693704141e+00 2.888405346220982661e+00 2.752930499896119709e+00 2.629385689733865217e+00
1.285843145581754721e+00 9.601075415611953767e-01 5.943615099256663870e-01 4.700591331570355691e-01 3.742183460708127241e-01 3.627959418704638228e-01 3.517718523827548793e-01
3.011623093960763775e+00 2.703795240361968943e+00 2.382708300721608108e+00 2.451247312873229944e+00 2.525172291172537609e+00 2.433013820620506529e+00 2.346595966088910412e+00
1.153084495087507655e+00 6.898772588163272212e-01 4.298164668439171665e-01 3.970179494171428014e-01 3.657124655412092862e-01 3.459539119910978178e-01 3.268967441576767774e-01
1.822364610335451118e+01 1.820250089354783185e+01 1.818138312978152982e+01 1.729756670517970463e+01 1.651272321851509162e+01 1.555811641613165364e+01 1.471222692894702533e+01
3.475392560670721664e+00 3.132614733046533484e+00 2.833013300946003454e+00 2.712558962810403429e+00 2.598295817531158125e+00 2.564194575410341681e+00 2.530345690681348181e+00
8.763690896543923081e-01 8.729367325655955634e-01 8.693470754515625343e-01 8.683655437441815117e-01 8.673771228480633422e-01 8.694361776000144593e-01 8.715614790036175785e-01
3.733045458604630440e+00 2.976495622297219423e+00 2.353043451695565835e+00 2.252710279953200612e+00 2.163802314698887841e+00 2.046080284047423259e+00 1.940496624751683052e+00
3.351011989087911758e+00 3.125553866880898646e+00 2.902278346705909673e+00 2.667678852945609691e+00 2.465015479314884406e+00 2.386274313114027379e+00 2.311604826661769696e+00
9.015020232204687289e+00 7.918846500704495028e+00 7.031013898996017808e+00 7.478999718220200599e+00 7.974598080950803691e+00 8.011711516234230501e+00 8.048915052436065309e+00
5.496778304810622018e+00 4.986717764939383457e+00 4.489289658630992719e+00 4.002851516884854632e+00 3.587447757756629496e+00 3.445698922549601750e+00 3.315929433306538776e+00
1.627243899806050775e+00 9.749496960234216303e-01 5.119372110520385988e-01 4.804092323394235087e-01 4.534985678192610670e-01 4.389673617860652133e-01 4.255661911096035310e-01
1.214467674282361243e+00 7.918308859271028233e-01 4.626449539151961110e-01 4.162114301178624354e-01 3.763582289990110574e-01 3.436892928694192939e-01 3.147863183026998746e-01
1.902160896163943704e+01 1.836202663355954812e+01 1.772348219815765091e+01 1.906471993373612150e+01 2.024245733613644660e+01 1.778472869886823204e+01 1.583307942140151958e+01
1.392021825282524494e+00 1.237828193894910500e+00 1.113502298679986291e+00 8.528589580034360296e-01 6.901403938141827954e-01 6.559101709540700043e-01 6.234646958688596641e-01
6.030483176847075022e+00 5.614930729002710841e+00 5.259738280587082038e+00 5.251585619044074171e+00 5.243612891243627949e+00 5.221222100640806829e+00 5.199037032325838581e+00
1.079746274297367670e+01 1.056522148179472609e+01 1.033732329685303775e+01 1.028473460580192445e+01 1.023262258578062145e+01 1.020151737900329536e+01 1.017060771799344110e+01
8.891970695681782333e-01 8.312847079791195748e-01 7.798708901479656230e-01 7.207259008428223979e-01 6.697752491328666791e-01 6.234584509500311622e-01 5.830284693991872880e-01
5.989991055507140949e+00 5.710127685831857924e+00 5.433400432361434440e+00 5.353614754627751715e+00 5.274850069799047247e+00 5.188115183702774580e+00 5.103997353149340555e+00
5.809236747254275635e+00 5.428171475349105712e+00 5.047294226193901778e+00 4.743118033934884181e+00 4.471890646125718405e+00 4.346480238463843904e+00 4.226939176983824709e+00
1.586434169737414024e+00 1.414698359308386832e+00 1.238001878072819917e+00 1.241425181665916755e+00 1.245061732407702682e+00 1.195710864792263406e+00 1.149151276376539021e+00
3.219998156874530171e+00 2.680312398578886146e+00 2.193621399220754498e+00 1.921970464411408841e+00 1.703517300571753212e+00 1.654432797821303369e+00 1.607939957370479567e+00
5.980558749599964585e+00 6.048078776437182391e+00 6.115283599231859490e+00 6.192146564229590311e+00 6.264435893694269453e+00 6.171323295107803197e+00 6.080546807359701766e+00
1.988700361821783114e+00 1.879145672608346196e+00 1.738335255278282476e+00 1.651770505922052434e+00 1.571380028234134585e+00 1.458423471139189465e+00 1.358491775465481943e+00
6.027466252597888818e+00 5.607883258438395302e+00 5.195775923719152978e+00 4.782018422730947904e+00 4.406994329069198635e+00 4.416511107295054472e+00 4.425884405015674261e+00
1.495624027604582018e+00 1.164462612767733107e+00 8.625037163348309166e-01 7.114974537904464880e-01 5.858375843457823695e-01 5.023214595709974972e-01 4.285488328286308768e-01
4.124683322877335634e+00 2.804030322660702623e+00 1.975398317775976187e+00 1.940375659484155690e+00 1.904368286552691414e+00 1.885621751855574013e+00 1.866994958232480517e+00
2.825009811820335504e+00 2.316721165831323592e+00 1.890499425363063146e+00 1.706409879085373227e+00 1.553989673454911680e+00 1.468843966302672444e+00 1.390962965926245021e+00
1.744631162776644118e+01 1.776937545851097155e+01 1.808122640945895299e+01 1.739553712052692447e+01 1.679309156156034888e+01 1.621509672090889964e+01 1.566097871241062300e+01
3.430880243391190465e+00 3.120049394108512342e+00 2.856553538745887355e+00 2.822942758966943355e+00 2.790313225267264663e+00 2.571601849579828070e+00 2.383719917235965102e+00
2.167752850851824231e+00 1.957486693525330335e+00 1.768036651368993795e+00 1.638135905654843683e+00 1.520080211619906141e+00 1.445096384074458173e+00 1.375288989938759476e+00
6.427521579937109486e+00 6.408610748338303686e+00 6.389614123045388006e+00 6.153598311447187719e+00 5.941967738059650728e+00 5.643171795272886371e+00 5.373745414878524862e+00
4.370016655126525151e+00 4.166082033695190034e+00 3.901776312088296006e+00 3.549894172766854705e+00 3.255693314837606600e+00 3.190195510412723756e+00 3.126904898220705942e+00
4.171680460728197204e+00 3.666781275877276869e+00 3.243841673802794645e+00 3.078610459151679635e+00 2.925909751661229574e+00 2.842527263242323077e+00 2.763228624697256386e+00
2.441393987159573786e+00 1.939154705839926995e+00 1.478088977198563025e+00 1.497314419713932310e+00 1.514371956700141464e+00 1.474265710944138608e+00 1.437182222165865220e+00
