3.996388980899182042e-01 3.817471490573729476e-01 3.622944087783339095e-01 3.466795038057373657e-01 3.280460029750051909e-01 3.192858036870753202e-01 3.105007470432709082e-01
2.988527955843703343e-01 2.370502512324644540e-01 1.835332651340651766e-01 1.631469758502734624e-01 1.452090395351582908e-01 1.430618752111687819e-01 1.410305564185538596e-01
4.503292749243748561e-01 3.502042450791491568e-01 2.531657111076213162e-01 2.472097093762513909e-01 2.422455775544643808e-01 2.301356476814003515e-01 2.178244942229178860e-01
1.784317700704908805e-01 1.615416391144907649e-01 1.447950305016922068e-01 1.381289319861261633e-01 1.317575098970835690e-01 1.307674337578490775e-01 1.298020486944932717e-01
4.412476383095783605e-01 3.482417494829566640e-01 2.609173280805085482e-01 2.254867340866957282e-01 1.928659034705511865e-01 1.530863590617901060e-01 1.143777788143184732e-01
2.459435218098567910e-01 1.679237913885881506e-01 1.313636320983327666e-01 1.378577604185314553e-01 1.430914161261482020e-01 1.576671672304378324e-01 1.707624259896642349e-01
2.825669993202267749e-01 2.474253215360335267e-01 2.205433324397854666e-01 2.048845126230453839e-01 1.904775342997760690e-01 1.900637486572061274e-01 1.897069551387846331e-01
0.000000000000000000e+00 0.000000000000000000e+00 0.000000000000000000e+00 0.000000000000000000e+00 0.000000000000000000e+00 0.000000000000000000e+00 0.000000000000000000e+00
4.113341314005119487e-01 3.125489311480385557e-01 2.211729476724830223e-01 1.914722839312783254e-01 1.660774465393330124e-01 1.601859007246573541e-01 1.544399604617704425e-01
3.693262187538546848e-01 1.809252917191496723e-01 6.240000355476346683e-02 5.172779883389733158e-02 4.131798575731148587e-02 4.080721929768678369e-02 4.030837255858853163e-02
1.468703480720758014e-01 8.098062634396524517e-02 3.116535742388529956e-02 3.379366639985701554e-02 3.607729407050807441e-02 2.455627937449207654e-02 1.680900826875291604e-02
4.277658012061508752e-01 2.851044986868800923e-01 1.475108278649595039e-01 1.109231105601065082e-01 7.671299275040076304e-02 7.473699871719161059e-02 7.276141289231281839e-02
7.125308582800302659e-01 4.609867442530347637e-01 2.913399342559894190e-01 2.901959467853453267e-01 2.893931041540827032e-01 2.815679309027178112e-01 2.743385529256751609e-01
5.273946697006061113e-01 3.751500904558396909e-01 2.506534962488639606e-01 2.260714039157336597e-01 2.031617987139054948e-01 2.023114829288171490e-01 2.014556527340180259e-01
5.262844696573872882e-01 3.634494071313939534e-01 2.093976262111484077e-01 1.711839595142615744e-01 1.347933853422598749e-01 1.326421474269320888e-01 1.304565953517962396e-01
4.769558182045816608e-01 3.873031647758581886e-01 3.005486311550949474e-01 2.863844250272414294e-01 2.729712512871696473e-01 2.757448630192839145e-01 2.783944676153738418e-01
3.494941150427445797e-01 2.020103780080455269e-01 1.047726024117687088e-01 8.071650262692552091e-02 5.488182479113900419e-02 4.893205322757487874e-02 4.329031945733329695e-02
4.902793418551889409e-02 3.085286171322732321e-02 1.204907245071315872e-02 1.106150249351888111e-02 1.011806668368376086e-02 8.770180692458450639e-03 7.499191883227653010e-03
3.691682212019480880e-01 3.160436548709286142e-01 2.691426111742616922e-01 2.692506357873460376e-01 2.693442369937398828e-01 2.541371624757608472e-01 2.392756373885533416e-01
3.004032113213430111e-01 2.951464528092913042e-01 2.901415518533844162e-01 2.800050881840013273e-01 2.693121851892297802e-01 2.586282292677857808e-01 2.475591955221423390e-01
5.363062443205940388e-01 3.256082758643760733e-01 1.737560622073545391e-01 1.783876002627989843e-01 1.821430977464950640e-01 1.750089346562835879e-01 1.682889035561648816e-01
4.049035235524084952e-01 3.062744705278250823e-01 2.110344115038878809e-01 2.138881589151157003e-01 2.167155155941923317e-01 2.060686251901927835e-01 1.958572986644777081e-01
3.996388980899182042e-01 3.817471490573729476e-01 3.622944087783339095e-01 3.466795038057373657e-01 3.280460029750051909e-01 3.192858036870753202e-01 3.105007470432709082e-01
5.503856691141730817e-01 3.787220466337871128e-01 1.017817477020568628e-01 9.637100945784810024e-02 9.079572896290481754e-02 9.006378980762345943e-02 8.934660382091365316e-02
5.023753054273750740e-01 2.831365428118025052e-01 1.108212637725719402e-01 1.136686455662022643e-01 1.163749662570696813e-01 1.131164341576494092e-01 1.097867701560543419e-01
4.552800510498362097e-01 3.207118506650298850e-01 1.531664730999771629e-01 1.493548775928889571e-01 1.455946757824250759e-01 1.139851358506608903e-01 9.015533045835742720e-02
2.050956092755618909e-01 1.766354331260269472e-01 1.455279467635207102e-01 1.334142256378414437e-01 1.222530015161574640e-01 1.487614763077775570e-01 1.642086694539859337e-01
1.980363954172094654e-01 2.094162636495399410e-01 2.188536000631943479e-01 2.200250798800024998e-01 2.207965595632821743e-01 2.039716777613388710e-01 1.884625189639184129e-01
1.638151165547604704e-01 1.510907186836710214e-01 1.395417885574674333e-01 1.238022003443154939e-01 1.086689661007798624e-01 9.869322932166942064e-02 8.909102140736482878e-02
1.457075753121105099e-01 1.052794771623549591e-01 6.027624903844980286e-02 7.504882403583686135e-02 8.969575699269857760e-02 8.653108004290986643e-02 8.348112192282562682e-02
1.445539061332017650e-01 1.099102028629101307e-01 7.755368381418781265e-02 7.651490190347590148e-02 7.550627824879400929e-02 8.063297718188509877e-02 8.494317899024071694e-02
4.507991700452099182e-01 3.515399414080065954e-01 2.500852844199679126e-01 2.258241336776307673e-01 2.025778299356335022e-01 1.872125686003277278e-01 1.721236332082896614e-01
1.457075753121105099e-01 1.052794771623549591e-01 6.027624903844980286e-02 7.504882403583686135e-02 8.969575699269857760e-02 8.653108004290986643e-02 8.348112192282562682e-02
4.519020054239774598e-01 3.852591592980598723e-01 3.294540243658176659e-01 3.285290064233562513e-01 3.277584749569290024e-01 3.244961404082206124e-01 3.215706704523495496e-01
3.876197089590567302e-01 2.150093439389748895e-01 7.409914385658297742e-02 6.235945528108240155e-02 5.096777166674553577e-02 4.844050017474879621e-02 4.593009991155722754e-02
8.092503767983007246e-02 7.900866692380080492e-02 7.707970332641383981e-02 7.022585390782901116e-02 6.374371538058475062e-02 5.644219168528383235e-02 4.885263836492253348e-02
4.848293487125929779e-01 4.098330332287506428e-01 3.300346623151967917e-01 3.035176237264889942e-01 2.819042617855375688e-01 2.500280743964486407e-01 2.217358115601458790e-01
4.413926939322555532e-01 2.944403469461843170e-01 1.664716588935395980e-01 1.500303698006764108e-01 1.346275511687465287e-01 1.262346344325160352e-01 1.181068175107805873e-01
4.857265503401668738e-01 3.948260251581228175e-01 2.902057829047519077e-01 2.508284948665299718e-01 2.135166030181961938e-01 1.600882599946810980e-01 1.147580155217882425e-01
8.314899240536901548e-01 5.716893312098414448e-01 4.189261019298357036e-01 3.832067282414498011e-01 3.566044357611101168e-01 3.552213567739655464e-01 3.538791191771563094e-01
3.965038220223041643e-01 2.754480734502990913e-01 1.599222387362178310e-01 1.461731401474374026e-01 1.331574973309168630e-01 1.275175469217942337e-01 1.220398197214033337e-01
4.423358938018444597e-01 3.882941194919214412e-01 3.369555523844627309e-01 3.193627275771282470e-01 3.034763363047871532e-01 2.955203159778156397e-01 2.875097907137607600e-01
5.887228894270694901e-02 4.358338850015736066e-02 3.060472678059823759e-02 7.077151483997388970e-02 1.008912382157503979e-01 9.985602107055986665e-02 9.885578599880594231e-02
4.010013860360274185e-01 3.280059276106813138e-01 2.649299776316353383e-01 2.496804313378282181e-01 2.366190605351640996e-01 2.249660774994318435e-01 2.138927611723709654e-01
5.423313846258418641e-02 3.880105612705194579e-02 2.290734567859895737e-02 2.098270886125393198e-02 1.914717625091167871e-02 1.647532461853414010e-02 1.391589611398887961e-02
8.980701304911841154e-01 8.743048135541652277e-01 8.209222219655787356e-01 7.790690566032889564e-01 7.245262818378616076e-01 6.516164388834794208e-01 5.706704358600114269e-01
4.832544820279022768e-01 2.559234762685406173e-01 1.048998998274481287e-01 1.024235145846875833e-01 9.989382368756352659e-02 1.007515294376708642e-01 1.016099594108431370e-01
6.827824803984960944e-01 5.227001688071477581e-01 3.576361262144368558e-01 3.533640929968682731e-01 3.492883283544692685e-01 3.439686843278349504e-01 3.382849803604497385e-01
