4.026041752055438572e+00 3.947838410399407749e+00 3.868723294421070769e+00 3.973161622067173937e+00 4.079711519587920776e+00 3.955818059030456357e+00 3.839935386168108256e+00
1.834277330361775071e+01 1.591360797077279443e+01 1.413054194021301591e+01 1.240098029591469064e+01 1.086925558918580847e+01 9.702973376546907502e+00 8.602360224833365265e+00
2.834889329186995877e+00 2.640854166729833086e+00 2.453988208780233382e+00 2.153514329535514360e+00 1.914532514359686521e+00 1.869822038160976030e+00 1.825825916884165290e+00
1.102576408469859359e+01 1.439348967833212001e+01 1.759390535945383860e+01 1.763578203729099059e+01 1.767389563937858554e+01 1.755030416376217417e+01 1.742844414814874909e+01
4.550578085935417683e+00 3.896068388538446836e+00 3.329088361590309297e+00 2.831031630804637267e+00 2.427324281884242207e+00 2.239297178239533004e+00 2.066416263641383644e+00
1.434211815358238384e-01 9.759297225128334141e-02 7.285286505927297818e-02 6.804355592117534990e-02 6.407377737896312320e-02 6.047247715327842138e-02 5.714043052939833667e-02
9.781008618883630934e-01 9.178327368233728523e-01 8.663467688524839616e-01 8.186270479555527446e-01 7.761820260424519002e-01 7.587065209630787788e-01 7.411899802197794429e-01
0.000000000000000000e+00 0.000000000000000000e+00 0.000000000000000000e+00 0.000000000000000000e+00 0.000000000000000000e+00 0.000000000000000000e+00 0.000000000000000000e+00
9.462955486889403911e-01 8.019246212598050150e-01 6.601157603435540144e-01 6.212822861822407949e-01 5.838013854059190821e-01 5.567188567138053878e-01 5.313381502008944768e-01
2.415002449385327044e+00 2.128901135943649603e+00 1.849040223833426921e+00 1.391398194255484499e+00 1.068386227683172152e+00 1.080401011650409249e+00 1.092425720059815086e+00
2.305322610638607994e+00 1.720637152688107685e+00 1.333133127101494342e+00 1.126376477307879265e+00 9.809924425944265280e-01 8.891944912361727793e-01 8.137124420016699222e-01
5.536474223904988001e+00 4.571923375862515293e+00 3.835563721900212109e+00 3.416681656265002864e+00 3.081661761417608059e+00 3.011471867189751350e+00 2.944251452520072032e+00
2.171420214937684445e+00 1.565486794836052908e+00 1.063172933194062031e+00 1.023248367042280060e+00 9.828034965308949378e-01 9.812942758594966897e-01 9.797821631084927541e-01
4.354926840453404502e+00 4.157546550641168182e+00 3.962062410558615966e+00 3.476362778323547786e+00 3.107683003267591282e+00 3.012925384342545421e+00 2.923798434537909330e+00
1.387294469472972303e+00 1.069765297436400919e+00 8.273564376875255366e-01 7.248242304792796853e-01 6.428194561156703735e-01 6.288615893748333852e-01 6.154942292933754944e-01
2.708868502716379023e+00 2.013299883779975374e+00 1.541809393443493770e+00 1.494821509964741280e+00 1.450661162889166134e+00 1.444763512037089859e+00 1.438926885123505084e+00
1.135016190895245858e+00 6.940990905471291494e-01 4.432413320787292332e-01 3.897741243530784550e-01 3.412023908650295145e-01 3.345774614800936519e-01 3.282129268041168446e-01
1.817451001607494376e+01 1.830685478517248654e+01 1.844117112251058543e+01 1.815568888839493766e+01 1.788802566597230381e+01 1.720603469092247906e+01 1.658239110641942560e+01
3.409070302004797881e+00 3.318838303433386372e+00 3.229231674065818680e+00 3.169727511273461751e+00 3.112966906056453098e+00 2.981667252747973507e+00 2.864110496400251726e+00
8.850745818624498051e-01 8.697019831409079638e-01 8.541108446327683179e-01 8.597526519579077320e-01 8.654558315670703994e-01 8.641368996362009947e-01 8.628038484689641852e-01
1.971175900446565432e+00 1.447825604433065516e+00 9.535641603146837175e-01 9.058426982610429112e-01 8.593122621021491714e-01 8.591778376267497075e-01 8.590412862607196276e-01
3.692700945269941748e+00 3.818145117004343447e+00 3.963953689176399120e+00 3.434607122224350828e+00 3.047720557390602103e+00 2.938655818159774391e+00 2.837325575549424883e+00
1.190407687237381040e+01 1.214690749405582615e+01 1.240226356103540972e+01 1.339391326588033770e+01 1.449052643412939467e+01 1.406428721262022385e+01 1.366680898820598422e+01
3.980531815992983447e+00 3.258614096452724151e+00 2.707485990320455116e+00 2.407235121595357796e+00 2.167095896929382537e+00 2.117993013009157544e+00 2.070967493810062177e+00
1.494204814876012755e+00 9.219795180064004336e-01 3.996217095403246655e-01 4.778783029022733442e-01 5.474044121387888762e-01 5.135252278995823261e-01 4.808481038239365013e-01
1.206433015169924738e+00 7.542109612873509894e-01 4.183933332749650291e-01 3.831814853804404453e-01 3.531201769138997415e-01 3.195697908229741535e-01 2.906084651591497314e-01
1.731118849272039029e+01 1.651653935593004618e+01 1.577457906904172447e+01 1.547151961992628344e+01 1.525315056320977902e+01 1.150333925063987017e+01 9.210221833508317246e+00
1.389644505847920319e+00 1.271971206745071692e+00 1.172877084272141657e+00 9.755764649855069859e-01 8.342141907835333159e-01 7.960634453391737253e-01 7.586714908857398187e-01
5.909462396468184053e+00 5.589654495876824392e+00 5.310186524357621174e+00 5.133591204479216685e+00 4.970635356475193056e+00 4.848571053742526615e+00 4.732395942423466728e+00
1.107864744995787198e+01 1.082304622571162511e+01 1.056776900250556039e+01 1.027094635554859892e+01 1.000625547621550737e+01 9.968534461801139557e+00 9.931647194616381569e+00
9.854559100511403047e-01 9.062680857213579744e-01 8.324766062547054313e-01 8.335193482192231329e-01 8.345550322062048609e-01 8.203461391776116773e-01 8.066797458414446398e-01
5.873719661553530536e+00 5.782034248599904558e+00 5.687317340755320139e+00 5.669348289504316796e+00 5.650639262153974052e+00 5.375562730166797643e+00 5.125414107492582083e+00
5.934229261731863048e+00 5.734060165148875399e+00 5.522926057643100073e+00 5.330391038340331455e+00 5.157232094025595792e+00 5.009504694299867111e+00 4.871394451698002115e+00
1.557385634467082003e+00 1.355015806741036943e+00 1.180632158175097368e+00 1.135855742043374583e+00 1.099021918614179638e+00 1.093864073823286542e+00 1.088828222659453671e+00
3.182998169498539198e+00 2.597407756136828283e+00 2.100173111120763547e+00 2.046898820896728033e+00 1.997137974652069436e+00 1.913215454486524969e+00 1.835035127742073779e+00
5.813281184271477109e+00 5.893584141190856940e+00 5.973857466161408780e+00 5.952067885432472671e+00 5.932363577253063625e+00 6.032374252176626150e+00 6.135541508608076455e+00
2.056502749205348923e+00 1.917889090032568689e+00 1.726071879564332168e+00 1.695054718551257444e+00 1.665684890415822794e+00 1.618083625823638405e+00 1.575103795573940202e+00
5.962067729009658201e+00 5.877096012469415598e+00 5.787695006535975573e+00 5.101890983027063342e+00 4.504270750420745983e+00 4.510236852796390750e+00 4.516174642862472055e+00
1.496953221349905716e+00 1.094833949251039273e+00 7.549989689446510166e-01 6.158668231031833029e-01 4.992090408970310533e-01 4.219436450184628762e-01 3.533430245691760452e-01
4.106909697013221283e+00 2.810635360794899729e+00 2.044068112853878461e+00 2.067615338598251196e+00 2.093549702844958116e+00 2.070371651849165495e+00 2.047865642207173931e+00
6.329354237182028164e+00 6.069547323927267257e+00 5.819339747565957843e+00 5.135252506598107836e+00 4.591163912288141802e+00 4.520205488163090202e+00 4.450380791607807751e+00
8.424481638727360888e+00 6.781602866816300867e+00 5.675711990059990164e+00 5.835400137969688927e+00 5.943347654593517326e+00 5.039584758100745354e+00 4.312834707990552907e+00
3.637805506014277324e+00 3.728130891570591743e+00 3.826278002733557670e+00 3.774742232728254709e+00 3.725137106937350673e+00 3.746190086701218558e+00 3.767688234327260854e+00
1.999696649398643222e+00 1.874225052509093992e+00 1.750420423511348966e+00 1.707054194690635018e+00 1.665401505868826071e+00 1.607785079997014588e+00 1.554816874228516443e+00
6.430705319070809445e+00 6.453320655608864698e+00 6.476282934264313340e+00 6.401148244380025609e+00 6.331042392039593736e+00 6.125082355519787747e+00 5.934700095691177069e+00
4.895205667296115060e+00 6.613590992060775164e+00 1.705772087491377675e+01 1.616925877193350658e+01 1.539616687726723221e+01 1.535967254601526832e+01 1.532335086315503503e+01
4.090691609243289228e+00 3.287246717008271979e+00 2.696105373791906068e+00 2.622148063796705397e+00 2.552226966871133484e+00 2.435143050919494012e+00 2.327084030866270137e+00
2.382661889806141353e+00 1.814700721541667727e+00 1.348103562164801206e+00 1.418384079505126127e+00 1.474147351928568828e+00 1.334059935855909984e+00 1.210006578456394033e+00
