3.939474845304831607e+00 3.947927554895644953e+00 3.956759797300466008e+00 4.068344912700642801e+00 4.183676146996509360e+00 4.137684503147251114e+00 4.093292948467997405e+00
1.820414566161105085e+01 1.622863799542723839e+01 1.472425384618460775e+01 1.242918144419918036e+01 1.047375399877901003e+01 9.094736008255848603e+00 7.908844490465929411e+00
2.788771828822868226e+00 2.579721785528141353e+00 2.382031442127092280e+00 2.068988953467101322e+00 1.823969673088643439e+00 1.794987041335063260e+00 1.766005167103631868e+00
1.106959522737334467e+01 1.433109055294134393e+01 1.737788907435209751e+01 1.695656211548548242e+01 1.659159399421998415e+01 1.637811569755709939e+01 1.617064127693873488e+01
4.472584049436648002e+00 3.834898934453550012e+00 3.281522256388765157e+00 2.699616198078758078e+00 2.252958092629762543e+00 2.000213266320861383e+00 1.787413235148838542e+00
1.112817815849557745e-01 7.427585471116125715e-02 5.485584879949023662e-02 5.564528617501362379e-02 5.632111030452002093e-02 5.542952234797694083e-02 5.451026233365500323e-02
9.608788077834934382e-01 9.035095250511879783e-01 8.544259860688476760e-01 8.048008642953849989e-01 7.596382201628317787e-01 7.319974708135842389e-01 7.064598505457486688e-01
0.000000000000000000e+00 0.000000000000000000e+00 0.000000000000000000e+00 0.000000000000000000e+00 0.000000000000000000e+00 0.000000000000000000e+00 0.000000000000000000e+00
9.372275653654170702e-01 8.538018316441560174e-01 7.664889476654040967e-01 6.890976040856894302e-01 6.155403020866898611e-01 5.849542652657129249e-01 5.564609874716908156e-01
2.376847413215138261e+00 1.930569369331199381e+00 1.548949784924033457e+00 1.176413770642236623e+00 9.045359147569340674e-01 9.494312374319165970e-01 9.932682152868053116e-01
2.306462436086498702e+00 1.688330772341884778e+00 1.288509707564748252e+00 9.712040448675027804e-01 7.846846690091657806e-01 6.850528338232408920e-01 6.125829514202599801e-01
5.442739178531576627e+00 4.142590592184300036e+00 3.247508161912870062e+00 2.676019903193451732e+00 2.278537219445782025e+00 1.953733974021709452e+00 1.709452715939918210e+00
2.184017714157097778e+00 1.444283516168162862e+00 9.295334310070296757e-01 9.102670340878594724e-01 8.902168178011731214e-01 9.208862705759519596e-01 9.496953024870048443e-01
4.334253594910817853e+00 3.554285097668207882e+00 2.967099547749693311e+00 2.571955837548457247e+00 2.278303501009293797e+00 2.056694720328580139e+00 1.874875159734222585e+00
1.370470013895282335e+00 9.791694528407202114e-01 7.097800454812920323e-01 5.726692336300214237e-01 4.773056410558086937e-01 4.138154890088581728e-01 3.660651834428417239e-01
2.712882999670200856e+00 2.036737012163933880e+00 1.581300744768892041e+00 1.485416270837954356e+00 1.401590078663922379e+00 1.379203916867974167e+00 1.358732683827783116e+00
1.123909241625707267e+00 7.572354106486797187e-01 5.202934064595309271e-01 4.338236886954454086e-01 3.642519645184576493e-01 3.510633990731386045e-01 3.394386673028312318e-01
1.812502055173925442e+01 1.838333490853343832e+01 1.864829768364770146e+01 1.811791963230079006e+01 1.763171543346926740e+01 1.600073292169821926e+01 1.467066219259916160e+01
3.359099174473558325e+00 3.290326633697942427e+00 3.221508703962221443e+00 3.067045894742639778e+00 2.930144576848351168e+00 2.710736402975356452e+00 2.533169682494983199e+00
8.858416047109154423e-01 8.729837922776274572e-01 8.599694987992222428e-01 8.687606082074040836e-01 8.777339853140824211e-01 8.771553619826981674e-01 8.765725013738780991e-01
1.980635227484903060e+00 1.321741176439479304e+00 8.104623070352036107e-01 7.919349644004760602e-01 7.727971057971397828e-01 8.208489088253680954e-01 8.658794291063819371e-01
3.699974874177641038e+00 3.161407294551272340e+00 2.735874686083440199e+00 2.444267865418104702e+00 2.218609888007562869e+00 2.072926494097131922e+00 1.945964282971041071e+00
1.171954141842640418e+01 1.192100725116450555e+01 1.213108066951975417e+01 1.341426797368087875e+01 1.490841972456976805e+01 1.522491849118646279e+01 1.554881292166139417e+01
3.915638241792967378e+00 2.956307664930458490e+00 2.295860118251028759e+00 1.887263402107165922e+00 1.603075377549542102e+00 1.376264542141890201e+00 1.205682391253514618e+00
1.510988240221098788e+00 1.065349340533456868e+00 6.534605330489058339e-01 6.580837605586361549e-01 6.620280446407467156e-01 6.060499487473685054e-01 5.577211551420038216e-01
1.238884547658129165e+00 8.778043531811902112e-01 5.621687540168233133e-01 4.585108926681651931e-01 3.857430956651112797e-01 3.543955649203981428e-01 3.276261345361300426e-01
1.709363025141177062e+01 1.618133186923851952e+01 1.535689624679449850e+01 1.238310759374442682e+01 1.075992583592231355e+01 8.212713334424456946e+00 6.693452070495462536e+00
1.270585671237863146e+00 1.184552407680520947e+00 1.109343985082487105e+00 9.171598170718643361e-01 7.786363879458780834e-01 7.441343569587491880e-01 7.120359032393189791e-01
5.786541247676997735e+00 5.545611233872499213e+00 5.329718292429356907e+00 5.275193305386467024e+00 5.222494073491692923e+00 5.131561803882876305e+00 5.043815129734438685e+00
1.128581855702567793e+01 1.109446395488471637e+01 1.090274053993264936e+01 1.100054281341788709e+01 1.109373123357436164e+01 1.030208698271141365e+01 9.620556649292810292e+00
9.620695232236698979e-01 9.029400708811312626e-01 8.470948828731382774e-01 7.962453933508037984e-01 7.506109057220022862e-01 7.358508321328132151e-01 7.217777784695300625e-01
5.759693565018515926e+00 5.456840420081313425e+00 5.166539725059291044e+00 4.980005437348696162e+00 4.794878083544553249e+00 4.698502378621992825e+00 4.607012228964487477e+00
5.997149699513185439e+00 5.600428486760478108e+00 5.213247515446905567e+00 4.862595104830270465e+00 4.573024496635376579e+00 4.213580528384818891e+00 3.908972087992764521e+00
1.547198901501293911e+00 1.458638095658737699e+00 1.371558522613514297e+00 1.233698101408967629e+00 1.134755176750560368e+00 1.114015181891146566e+00 1.096199499270748667e+00
3.097232750679587365e+00 2.493984438983711360e+00 1.984527636978504095e+00 1.792468879788839509e+00 1.627660034573737313e+00 1.602482861351876453e+00 1.578756957950955053e+00
5.844778794799132982e+00 5.876602995483542813e+00 5.907844757732881646e+00 5.947788807563068936e+00 5.984644748806054793e+00 6.083096959189091102e+00 6.184484190725813235e+00
2.028532663529021285e+00 1.897474910731954623e+00 1.717699712872104101e+00 1.662779815308858655e+00 1.614736864137048089e+00 1.543626822391196418e+00 1.495094613272297979e+00
5.879704469634807751e+00 5.532675639254453159e+00 5.195427309160029594e+00 4.625802832309309665e+00 4.111575813107717359e+00 4.166827443670622522e+00 4.220264065282383292e+00
1.484210441132215674e+00 1.219908063374211205e+00 9.719359942984396872e-01 7.080538072487237988e-01 5.178873475736133214e-01 4.263330124672181642e-01 3.478657212737135684e-01
4.124686369988399548e+00 2.636318624031825930e+00 1.859324016884729369e+00 1.857304927479155987e+00 1.855169008770026773e+00 1.827976839551107791e+00 1.802299286292553759e+00
6.182893560542373379e+00 5.879050362852134448e+00 5.591717889034981681e+00 4.887440627076292898e+00 4.336200734208409457e+00 4.307185270799703147e+00 4.278170565771270084e+00
8.425487387859444510e+00 7.275026112589751293e+00 6.420341608039994874e+00 5.508219646331658836e+00 5.054707105600667383e+00 3.890444841617396232e+00 3.140250577917254926e+00
3.504118566252262035e+00 3.557956099906014025e+00 3.615022705373307943e+00 3.592252208001216918e+00 3.569904835590993475e+00 3.542909110096539305e+00 3.516357515960567337e+00
1.959717048119196559e+00 1.895798680944696502e+00 1.830136810332779085e+00 1.741148998885191590e+00 1.659068239253751464e+00 1.583357050388067400e+00 1.517200876541812349e+00
6.409552843324553884e+00 6.459498624811860878e+00 6.510586894258880264e+00 6.369067350407126682e+00 6.239436541300810823e+00 5.775909962029898814e+00 5.386572510373756728e+00
4.943440057007882693e+00 6.653384522966437231e+00 1.631141175523677944e+01 1.455227159933265035e+01 1.321394812716794043e+01 6.513043037328350771e+00 4.719582369144751155e+00
4.097279738728886400e+00 3.728611207946677109e+00 3.397231495167971627e+00 3.170387121695090737e+00 2.982803836385435226e+00 2.681277896157516771e+00 2.429594366532125793e+00
2.399018277577766867e+00 1.983382815543087929e+00 1.626523281945049249e+00 1.542117070003668600e+00 1.484931627926560971e+00 1.272091501797684820e+00 1.114728006248576486e+00
