3.797328875435130424e+00 3.832771446409260818e+00 3.870417128021072628e+00 3.919818594242835630e+00 3.969524707606990610e+00 3.789766679474493305e+00 3.623921591043308243e+00
1.708310467798142440e+00 1.113765109156390487e+00 7.552019459048707750e-01 8.965562392560515459e-01 1.019419955313983328e+00 9.540184283575556812e-01 8.933509777419100795e-01
2.681628968706200489e+00 2.264439256936717992e+00 1.923508760202147672e+00 1.749576562511209632e+00 1.603546515532390027e+00 1.544454642843708703e+00 1.488163141235398168e+00
1.080044343437953991e+01 1.417672105091565982e+01 1.746481622670352962e+01 1.765532801431308485e+01 1.783341634038230339e+01 1.775955712847868639e+01 1.768749441748812501e+01
4.575465540892139416e+00 3.714717067496362546e+00 3.035644223929650831e+00 2.691386785500776480e+00 2.414606391265338381e+00 2.223079563039616513e+00 2.053480541587750619e+00
1.857011748233749759e-01 2.937811353181801199e-01 3.406346837245492476e-01 3.415679896896151035e-01 3.423535210919764205e-01 3.492269800228487986e-01 3.558091687911539291e-01
9.216775474903690091e-01 8.764601739953075121e-01 8.365588065412536967e-01 7.980517750799845933e-01 7.599939239919878409e-01 7.320086951596752600e-01 7.003662752880298603e-01
0.000000000000000000e+00 0.000000000000000000e+00 0.000000000000000000e+00 0.000000000000000000e+00 0.000000000000000000e+00 0.000000000000000000e+00 0.000000000000000000e+00
7.800117887900793079e+00 7.063460305625489433e+00 6.431555617042740813e+00 5.480795954841083173e+00 4.794962311411421929e+00 4.719766613173117520e+00 4.646576052441178106e+00
2.311397381708562460e+00 1.972408465309816838e+00 1.659026982769558511e+00 1.496790041721748565e+00 1.356560660021650877e+00 1.272767482851618448e+00 1.194727264774157582e+00
2.286858718761867415e+00 1.157564863545369027e+00 7.283987347576992288e-01 7.106313160360192560e-01 6.947877807680478135e-01 6.407268681655909903e-01 5.949209471026195573e-01
1.074912896694014020e+00 6.788736635340568704e-01 3.807702504546722766e-01 3.347511429317761578e-01 2.902909168645386173e-01 2.787208642407945636e-01 2.674579083860133544e-01
2.166650298657205820e+00 1.549139109623306254e+00 1.083257676588203600e+00 1.050537223909786100e+00 1.015397190152979023e+00 1.012452096161390314e+00 1.009496796541564212e+00
6.960733821051447556e+00 6.004148309239051962e+00 5.246850150734938545e+00 5.357625951357184668e+00 5.472352796113850282e+00 5.460009754855605024e+00 5.447697741650355141e+00
1.278250611104538637e+00 9.635456973340374986e-01 5.982330890568037240e-01 5.337348655433711286e-01 4.611493282823822537e-01 4.480584758962567471e-01 4.347579266946974830e-01
2.941807629493884413e+00 2.989706141633376557e+00 3.049119289384342846e+00 3.182161071444321365e+00 3.335543031944580239e+00 3.356997587419906282e+00 3.379285754965735133e+00
1.122737651170317097e+00 8.044802606292631442e-01 5.751612487263494389e-01 4.916800254193046671e-01 4.192166010940024390e-01 4.008831916666467099e-01 3.826696674514379337e-01
1.788844950347284879e+01 1.831062329995528870e+01 1.874552209769912636e+01 1.692293689175165383e+01 1.543956236030344265e+01 1.454908247232961749e+01 1.374723772371924824e+01
2.844696501701118319e+00 2.712998482133060829e+00 2.591156689599149576e+00 2.658398909156055812e+00 2.729210019103546436e+00 2.692668968975740817e+00 2.656203371569985539e+00
8.304689602538436466e-01 7.962759560011483106e-01 7.639631404983283636e-01 7.639546778825834217e-01 7.639474809614216211e-01 7.856811741429826634e-01 8.047671316158063748e-01
4.724318185028899997e+00 4.025171028376782090e+00 3.404821899409746333e+00 3.347682886928121881e+00 3.294614114633527713e+00 3.004927781338092352e+00 2.733640423563733268e+00
2.812295621700133363e+00 2.406558325799541986e+00 2.044964459107008636e+00 1.896876068530351178e+00 1.764354367415699842e+00 1.647414563874817439e+00 1.541631809964646660e+00
1.245682165890513726e+00 8.385909595154211749e-01 5.550265562834919564e-01 4.651927229793745289e-01 3.850625727310091895e-01 3.791247089600260356e-01 3.730484421082166935e-01
2.436908679866645500e+00 2.000452111771206631e+00 1.599991469148637435e+00 1.546567255332153445e+00 1.498516721071889268e+00 1.292930529448398369e+00 1.103581089575861318e+00
1.700300332912931589e+00 1.064987118749244344e+00 6.346831587070753677e-01 6.067496002779518838e-01 5.832268499969643916e-01 5.541595489941569808e-01 5.276439711434887103e-01
1.248169340661614113e+00 8.133484785933735584e-01 4.789079196555642293e-01 4.268269940315441158e-01 3.808801416335537149e-01 3.657200947619806963e-01 3.509875489418040617e-01
1.722757089030837818e+01 1.472761728861234687e+01 1.276126682889853825e+01 1.361045145561156744e+01 1.433114799510563131e+01 1.166097709409047134e+01 9.839333443678132340e+00
9.324039208782640697e-01 8.102178063688683096e-01 7.105804404311769629e-01 6.862738600176387926e-01 6.695303359498961937e-01 6.183249451432973887e-01 5.746511261500325540e-01
5.624070972847544425e+00 5.409639998847823428e+00 5.217300307936894477e+00 4.990181385788075019e+00 4.783241890293730592e+00 4.681689214238561547e+00 4.584100742423050434e+00
2.724026015226725383e-01 2.122273538762795009e-01 1.491275350806700040e-01 1.419531523983254551e-01 1.345801644942435649e-01 1.228179606911018046e-01 1.116611464861873432e-01
8.561867667612945709e-01 7.706786750260451457e-01 7.143810920473145920e-01 6.663793548725637228e-01 6.331854160057557301e-01 6.125227529910892699e-01 5.936228249024818604e-01
5.641277718833935140e+00 5.288353754140531215e+00 4.957154659982051292e+00 4.934845388343664929e+00 4.912575571127058893e+00 4.828656551955771370e+00 4.747600724213285162e+00
2.999247730614771790e+00 2.452600862290612138e+00 1.951072143730572028e+00 1.918836340144916663e+00 1.889231032548360112e+00 1.782171122885733983e+00 1.682421387626132248e+00
1.504966391622961197e+00 1.340015497219543272e+00 1.193419663906411632e+00 1.147022051142393195e+00 1.108786052375178688e+00 1.070370613689372252e+00 1.036039663997849081e+00
3.149589096782980047e+00 2.451573030943397846e+00 1.895282584824145244e+00 1.819105234325422149e+00 1.746962730398777364e+00 1.690246417571384052e+00 1.636004682611711170e+00
4.344464140144931541e+00 4.463112635332480593e+00 4.581437048266791656e+00 4.532960647012869160e+00 4.487335284199568619e+00 4.480701196080137727e+00 4.473951671441517064e+00
1.729745587266068974e+00 1.660749295947192561e+00 1.590439509992470191e+00 1.498359731883377011e+00 1.412478323314135364e+00 1.247130985081376764e+00 1.108877717972066135e+00
5.757892252212663209e+00 5.338245238486579503e+00 4.945824575941938583e+00 4.729981129927019801e+00 4.528398936514463458e+00 4.367258116869437323e+00 4.214700984249993176e+00
1.516085401421428891e+00 1.138467370276498469e+00 8.264792396809393926e-01 7.105080204341517325e-01 6.137114056275870810e-01 5.471241065315938235e-01 4.855550504558886482e-01
4.170387946765899301e+00 2.776458452650397479e+00 2.012275891192885524e+00 2.017504639512021303e+00 2.023151039355770564e+00 2.010232465780382505e+00 1.997418279499161065e+00
2.371674142218789694e+00 1.985071130835327269e+00 1.637938342677514925e+00 1.543636717798885449e+00 1.457017468084800260e+00 1.404248655430380577e+00 1.354211644690058503e+00
1.634788211896543331e+01 1.633634078075859364e+01 1.632530456345601522e+01 1.536396174557762073e+01 1.455537376855960119e+01 1.394260713607613944e+01 1.334731513182050300e+01
3.360586939136684048e+00 2.968894196244591832e+00 2.666608756221430010e+00 2.674337823247827650e+00 2.682320257823220810e+00 2.253477981984446377e+00 1.946672042127866264e+00
2.631256428028688976e+00 2.078202967229644482e+00 1.710546878212676036e+00 1.741485761235155305e+00 1.773700673351211066e+00 1.729662617314754902e+00 1.686735176205372166e+00
6.295867753781839049e+00 6.414785639935493222e+00 6.537273250131125479e+00 6.004114927489764497e+00 5.562647031914185192e+00 5.281254346585277482e+00 5.025931795362502008e+00
2.844696501701118319e+00 2.712998482133060829e+00 2.591156689599149576e+00 2.658398909156055812e+00 2.729210019103546436e+00 2.692668968975740817e+00 2.656203371569985539e+00
2.093795922580440561e+00 1.953847325096937926e+00 1.818002227549697869e+00 1.746710753121796023e+00 1.683921847132365590e+00 1.552958774940262687e+00 1.432257008033016144e+00
2.334709638963837097e+00 1.817410243221759814e+00 1.359923799214191931e+00 1.405584598974697341e+00 1.442475905678647585e+00 1.376619408421719593e+00 1.315685493777478232e+00
