9.364544853122118706e-01 8.716142744642085827e-01 8.030526114684116701e-01 7.460272654429996875e-01 6.912075958042004364e-01 6.360589000455575404e-01 5.857151321618174755e-01
1.699733578093076902e+00 5.482308437721304939e-01 -1.067034737732206751e-01 1.143138812332045451e-01 3.142255697025899130e-01 2.225055823662931420e-01 1.368731788667149618e-01
2.707423420600125308e+00 2.312611896984587023e+00 1.982689698866600292e+00 1.744432054502376150e+00 1.554077438078328210e+00 1.505368378922422812e+00 1.458200444615293634e+00
1.081907678475307577e+01 1.410011698869294960e+01 1.724568404863432036e+01 1.734535942616741977e+01 1.743764520122761752e+01 1.744151301545181099e+01 1.744529285180475142e+01
4.361953067134016315e+00 3.402566524905310974e+00 2.654518160264885740e+00 2.415871766964924117e+00 2.219252954471014672e+00 2.056132850767431020e+00 1.908323257397601447e+00
1.379845333514251593e-01 1.455531110519452942e-01 1.495253570352944872e-01 2.355558542946648293e-01 2.904913215289576800e-01 3.062255298065458820e-01 3.213824284816789167e-01
9.289840531525250800e-01 9.056122473306194021e-01 8.841668651981263727e-01 8.350528440588754764e-01 7.903191517802584665e-01 7.661617759498450253e-01 7.429236490558477346e-01
0.000000000000000000e+00 0.000000000000000000e+00 0.000000000000000000e+00 0.000000000000000000e+00 0.000000000000000000e+00 0.000000000000000000e+00 0.000000000000000000e+00
5.035619180912795478e+00 4.619647765929850713e+00 4.249211548019837359e+00 3.803528501662059469e+00 3.447283391897996818e+00 3.349201723009065823e+00 3.255638486589705671e+00
2.326452665811336473e+00 1.898789514621538554e+00 1.530262767176271632e+00 1.291503720519169951e+00 1.101546605626650521e+00 1.080988068832168247e+00 1.060014720903245111e+00
2.290241160541300669e+00 1.397428708410060949e+00 9.557672398718043416e-01 9.170124304052834630e-01 8.856521931039259554e-01 7.818656141056600228e-01 6.978722317449441714e-01
1.754184706549886119e+00 1.644525384039016158e+00 1.504612344433014837e+00 1.408697295051438481e+00 1.317176310934994321e+00 1.300610320960466026e+00 1.284228430832969892e+00
2.171872115022892125e+00 1.623259465738491780e+00 1.162295165205683656e+00 1.115458792815839040e+00 1.067233524397961153e+00 1.058858382166822709e+00 1.050403130379425232e+00
4.827389813649324068e+00 4.228987541009957773e+00 3.729907080660333829e+00 3.475509894569542624e+00 3.252012718055521834e+00 3.143326799631169788e+00 3.040959667123930288e+00
1.261430657890497686e+00 9.383365001805562544e-01 5.849334079567320988e-01 4.814332630973583438e-01 4.009748151767874025e-01 3.845204799060389367e-01 3.687192105333992331e-01
2.863019868370077159e+00 2.605649436207201131e+00 2.353324841185242100e+00 2.350757161241939119e+00 2.348080115823572012e+00 2.302442987559348619e+00 2.258064574790294099e+00
1.116985359300221026e+00 7.685522855136029952e-01 5.361495378695465552e-01 4.790201641378969977e-01 4.245010442737753853e-01 4.006608493688780248e-01 3.789662945838590535e-01
1.798439332441740390e+01 1.822400250676007971e+01 1.847114859603023973e+01 1.711989546747753721e+01 1.596856809405210420e+01 1.513734491349805822e+01 1.440751172209553310e+01
3.191871663390802194e+00 2.971178498510871346e+00 2.773103598624354849e+00 2.704996362230099649e+00 2.639943700748780042e+00 2.584582673124801389e+00 2.530576816388837358e+00
8.415048417009105552e-01 8.041403944239244872e-01 7.693834222372296638e-01 7.636021314763212775e-01 7.578902736059056622e-01 7.546620970661436223e-01 7.517382316103005113e-01
3.645265899520059083e+00 3.071693085663893541e+00 2.561221344055730764e+00 2.462696056283074864e+00 2.368195918099176289e+00 2.258182759501015990e+00 2.152855485897346099e+00
3.302540166483605155e+00 2.981773135307661082e+00 2.689061359075188395e+00 2.368568584978600011e+00 2.109285974838834399e+00 2.045267546493022781e+00 1.984245276017537085e+00
1.256110095419984418e+00 8.054009589580065631e-01 5.189485978067204242e-01 4.637144059190941303e-01 4.069597455030008470e-01 3.802815133347944854e-01 3.559214349743962114e-01
3.235697695308356714e+00 2.787903659618398589e+00 2.390704613018002966e+00 2.194597637404614332e+00 2.019422638859835750e+00 1.908941457955314780e+00 1.806459328894826744e+00
1.609436440376449173e+00 9.974863016141226613e-01 5.618448616988414024e-01 5.445305848757733269e-01 5.296452491041336863e-01 5.130497647881202550e-01 4.976942527043659581e-01
1.214728687328020751e+00 7.648845099090252342e-01 4.281806782981223414e-01 3.869447176046489911e-01 3.507170638468450341e-01 3.249194316749847711e-01 3.015091940395667192e-01
1.710124519314749136e+01 1.509914083008472474e+01 1.345363765721987015e+01 1.423014605539462529e+01 1.488043705411385353e+01 1.195400951995945782e+01 9.986650236921146728e+00
1.007536456398264946e+00 8.613559845944361859e-01 7.438125983819621201e-01 7.079525567765330152e-01 6.831782819504349513e-01 6.398357237145794185e-01 5.994310185015371273e-01
5.637853904020253104e+00 5.480322774898104043e+00 5.335575588330301322e+00 5.017212702879080055e+00 4.737543782333471398e+00 4.594555176423918752e+00 4.459959441557300508e+00
1.973099135378331148e-01 1.648519605846568703e-01 1.318511480611909703e-01 1.303419610252330718e-01 1.287695790776535176e-01 1.171225498006638333e-01 1.060468485642332148e-01
8.482654295356600871e-01 7.730457814029986219e-01 7.169956278629698865e-01 6.834905690584412996e-01 6.593443908399375664e-01 6.306578683251026218e-01 6.059075054707979691e-01
5.634142495277589369e+00 5.418412607789338864e+00 5.205709634939087671e+00 5.167759685336090314e+00 5.130056729669149718e+00 4.883731991137871375e+00 4.658730488597182529e+00
2.978895829175191245e+00 2.457159982069065496e+00 1.958700296559815701e+00 1.981368857048645404e+00 2.003837998930316999e+00 1.941387094608514108e+00 1.881475874391911551e+00
1.511361078298050220e+00 1.345699408289551036e+00 1.198881262566657169e+00 1.165488984762811153e+00 1.134107881049623234e+00 1.095232210881109891e+00 1.060157043213116435e+00
3.050763694133052262e+00 2.331934403073354201e+00 1.769628167019823284e+00 1.635293153465364968e+00 1.511391170278711060e+00 1.474754799413542372e+00 1.438790005431646257e+00
4.289731312393870510e+00 4.374300245432732659e+00 4.457401133064585075e+00 4.408440430216955086e+00 4.361969688020981728e+00 4.351642331592072033e+00 4.341286910197263538e+00
1.925323913427392730e+00 1.802059345822380143e+00 1.652029706390014008e+00 1.605123671815225084e+00 1.559039768173537288e+00 1.474091946740474723e+00 1.396009036578201412e+00
5.742239604315917845e+00 5.440988346281583787e+00 5.143024417616835819e+00 4.897114271737048163e+00 4.667163870791923408e+00 4.545493324336370655e+00 4.427918617982220084e+00
1.442612762268919324e+00 1.001207333096388652e+00 6.473627261961500956e-01 5.806092998759970758e-01 5.226343302376755817e-01 4.550984817941015614e-01 3.942677807967000514e-01
4.154954751275554692e+00 2.652947460920162204e+00 1.862960716580212672e+00 1.849219631525388152e+00 1.834763491953122161e+00 1.821064151462691738e+00 1.807354611500092911e+00
2.742162445635673684e+00 2.340380673468535733e+00 1.983284944583681098e+00 1.852264694014033486e+00 1.733341509610997200e+00 1.672470331759720263e+00 1.614348518888218953e+00
1.644992382929435948e+01 1.580287348821581972e+01 1.523900377161826647e+01 1.376955032841510196e+01 1.262229392105215986e+01 1.172105831542452847e+01 1.087343774808623742e+01
3.398767927405839551e+00 3.036594312522453709e+00 2.750070945414133217e+00 2.621146191237901935e+00 2.500772064982083265e+00 2.470682324993365597e+00 2.440827457534492595e+00
2.024722230615543683e+00 1.879829970301958753e+00 1.745383158428572168e+00 1.686830232576797206e+00 1.630807466895096258e+00 1.560555927922488983e+00 1.494367776429160077e+00
6.341873645395890158e+00 6.401346853013894389e+00 6.462427556576478160e+00 6.069872501633017947e+00 5.731963355842674801e+00 5.478590577929266736e+00 5.252518760493045669e+00
2.918745689772509255e+00 2.424634813195842842e+00 2.073092813073127427e+00 1.882133129360744839e+00 1.726908232833521906e+00 1.629675160647153787e+00 1.541158467397136578e+00
2.090298248954660210e+00 1.668779664142048036e+00 1.324077512227066489e+00 1.257375042626487582e+00 1.200257886653720352e+00 1.090053941481851307e+00 9.884978034771501054e-01
2.298682487600315127e+00 1.678258147541394241e+00 1.168804621645572528e+00 1.220980039954747243e+00 1.262589221831784236e+00 1.202067380820579290e+00 1.145016982859085042e+00
