3.880024697763619912e+00 3.847376907009197655e+00 3.813864252807151800e+00 3.907621601335093064e+00 4.003546382585954966e+00 3.938663218220921358e+00 3.876045033362983006e+00
1.841854684415165622e+01 1.587890243375603028e+01 1.403911937646562613e+01 1.275028081410527747e+01 1.156316090558721399e+01 1.026028101288058636e+01 9.044658086908475170e+00
2.767867396753515674e+00 2.446860205600533966e+00 2.166563158376738851e+00 1.899504090828839864e+00 1.689705974835194802e+00 1.644879227253865484e+00 1.601549444042114967e+00
1.096940346676556644e+01 1.427131321462156421e+01 1.739666915514510848e+01 1.754627534095475028e+01 1.768547171756913272e+01 1.779400959567647789e+01 1.790208519748533078e+01
4.556034255699100477e+00 3.867949881825309966e+00 3.280304517639007766e+00 2.976923387473996208e+00 2.709875258127316222e+00 2.462729268219078005e+00 2.230894220785120119e+00
1.370904018867465102e-01 1.093024522029003576e-01 9.018638291632392889e-02 9.467668794283927436e-02 9.829128040101428598e-02 8.635894717600879622e-02 7.541938020152322286e-02
9.318529957686827458e-01 8.946412138541275372e-01 8.623412540981856278e-01 8.146862356398664184e-01 7.717123668357142030e-01 7.524828049176522926e-01 7.335853950143303992e-01
0.000000000000000000e+00 0.000000000000000000e+00 0.000000000000000000e+00 0.000000000000000000e+00 0.000000000000000000e+00 0.000000000000000000e+00 0.000000000000000000e+00
9.326342933184188499e-01 8.271276000402317807e-01 7.204422102431518038e-01 6.542418248620970322e-01 5.914735627005647256e-01 5.571372405082216650e-01 5.249335625035431718e-01
2.352010252313950112e+00 1.993090548706762277e+00 1.680250671760090686e+00 1.527970436894660056e+00 1.388624953313918109e+00 1.365414097287926065e+00 1.342008080572515194e+00
2.278452792015997375e+00 1.698618821158781822e+00 1.312178937988823568e+00 1.281979580860643342e+00 1.255087137518514862e+00 9.777847166817650315e-01 7.909469944911013961e-01
5.403507834388660669e+00 4.108271121155333994e+00 3.223053550018878166e+00 2.992889757333126788e+00 2.794712139154972075e+00 2.756420696832767803e+00 2.719701650519226632e+00
2.181548655837507233e+00 1.681716772954154671e+00 1.275415602580645125e+00 1.239398865022185214e+00 1.199017100612886244e+00 1.198831610612536513e+00 1.198645162865976221e+00
4.307128561439044212e+00 3.772815197447637825e+00 3.320263231877279786e+00 3.119181544733629075e+00 2.946176857412729166e+00 2.884988058331181104e+00 2.826684775231221192e+00
1.367749212872080289e+00 9.837741957935693948e-01 7.213500160875953027e-01 6.416130425717423424e-01 5.729572244358233091e-01 5.620755593819364293e-01 5.516407379479467687e-01
2.680505230002849348e+00 2.091595929130406262e+00 1.692467804384020003e+00 1.643844566977649135e+00 1.597162784882859343e+00 1.576781920218386812e+00 1.557145564806063254e+00
1.115629011315483865e+00 7.956501604133408012e-01 5.749857024024296326e-01 5.204441552605026944e-01 4.655475443032798255e-01 4.434848370897688796e-01 4.224034048938852259e-01
1.803364655799872196e+01 1.813186278853909528e+01 1.823264692601948767e+01 1.773420123913187041e+01 1.727835498536196468e+01 1.717299489041698379e+01 1.707025199659638659e+01
3.264480436389999518e+00 3.179403061143798670e+00 3.097082376824937811e+00 3.048696505035283000e+00 3.002121808002199632e+00 2.927546617992637046e+00 2.857552644073614090e+00
8.664972072652155077e-01 8.561244694030920588e-01 8.458483131495473373e-01 8.564374617542775958e-01 8.671441226878316977e-01 8.642111057353741854e-01 8.612936772465185076e-01
1.970696579218388589e+00 1.562614553504059867e+00 1.179125505226019666e+00 1.127204810406160274e+00 1.069698710540312847e+00 1.076867200970574423e+00 1.084136165166006860e+00
3.681538731899288930e+00 3.490149050991430357e+00 3.305888899726955987e+00 3.127633590923716955e+00 2.974351021061167000e+00 2.899394717831412116e+00 2.828292608571915778e+00
1.142558315837587024e+01 1.163782329845425956e+01 1.185996011210612089e+01 1.299750750116694853e+01 1.429634900270112574e+01 1.445644242317939110e+01 1.461838280031307313e+01
3.890098351319944747e+00 2.936584774144673116e+00 2.284914724794647967e+00 2.111160989297608648e+00 1.961554046135292273e+00 1.933541270288706260e+00 1.906678808304997474e+00
1.490411943344879475e+00 1.035860303333853372e+00 6.360446433446430570e-01 6.128193048834249534e-01 5.919790084869903657e-01 5.641952134554863996e-01 5.360198470436279283e-01
1.220026027490046072e+00 7.650142769961129074e-01 4.330541635049317550e-01 3.909335272622605495e-01 3.547983707803746833e-01 3.425330946997253712e-01 3.307392977925363020e-01
1.713153490335056617e+01 1.652982470360072043e+01 1.594379851515674673e+01 1.666113717241355019e+01 1.724034622705122644e+01 1.297319569311703624e+01 1.036884660295713623e+01
1.194310311254484391e+00 1.141304490949861972e+00 1.093470983362394122e+00 9.494378875709441612e-01 8.379744457891626919e-01 8.256765337218489043e-01 8.134444131557322377e-01
5.575414711141903013e+00 5.350034055819118173e+00 5.147434388764119184e+00 5.014048466311370689e+00 4.889111623085725888e+00 4.796583482954607902e+00 4.707535056746065649e+00
1.139128970615804448e+01 1.136940740258697602e+01 1.134720380892292191e+01 1.141730686189338329e+01 1.148664024583403531e+01 1.116344176189165793e+01 1.084327788122171476e+01
9.446224877511322227e-01 8.718981314972943375e-01 8.060210358866208846e-01 7.927187392567243140e-01 7.798899039894240381e-01 7.539081099719018297e-01 7.296854649841182372e-01
5.631881234246553625e+00 5.693819909983257155e+00 5.760555123222519391e+00 5.517009458656157328e+00 5.284989007895132040e+00 4.982457276114312883e+00 4.707931406786849848e+00
5.915703217499590494e+00 5.581531562242671995e+00 5.252688789461435803e+00 5.052463585470615470e+00 4.868849955019847187e+00 4.674435645750837587e+00 4.487991701017509882e+00
1.492934107442032365e+00 1.361195624398608972e+00 1.244356498265646760e+00 1.195482092621641845e+00 1.155282756579587122e+00 1.145046836458500472e+00 1.135429213246627933e+00
3.053795076325620528e+00 2.504676992415651338e+00 2.021488031214723424e+00 1.921268744939081063e+00 1.829012853985998222e+00 1.743006512243301165e+00 1.662914048592951000e+00
5.734240697013046173e+00 5.805461935063972234e+00 5.876395945024287748e+00 5.896891453565043406e+00 5.915695363713509458e+00 5.966886517602669748e+00 6.019201863442215306e+00
1.996696623870707787e+00 1.887634145158748611e+00 1.757568075837455668e+00 1.667386490455195824e+00 1.583265740262967514e+00 1.547434970011629440e+00 1.512269725147801225e+00
5.801448313018297220e+00 5.661278656422241262e+00 5.518788520732831770e+00 5.109302124310797666e+00 4.738039410911733640e+00 4.553194678460320333e+00 4.376722156359218907e+00
1.484222075926021844e+00 1.147202474081125967e+00 8.593469698009748026e-01 7.169978739889232289e-01 5.937139568882512375e-01 4.985661607776560311e-01 4.094178216769974177e-01
4.177794858322705807e+00 2.918830124298505524e+00 2.206510290727933921e+00 2.252768069121846128e+00 2.305904552810374764e+00 2.282439098134326105e+00 2.259261225456205668e+00
6.118315746393236942e+00 5.570472910593301741e+00 5.092107523618993881e+00 4.473749450939584982e+00 3.987975424059431617e+00 3.904122328160748445e+00 3.823069459885346522e+00
8.367706408891775638e+00 7.136949202352274035e+00 6.217367410969962371e+00 6.053772909285942028e+00 5.950647520514654509e+00 5.049191930040137777e+00 4.248138936874108040e+00
3.608315894369039878e+00 3.724664093171777601e+00 3.853322781207043857e+00 3.830832543624207442e+00 3.808724398629781405e+00 3.830665387114489118e+00 3.853152116823327589e+00
1.918833168669813016e+00 1.834221732942404648e+00 1.750216315186377436e+00 1.687188483496165015e+00 1.627049416961510842e+00 1.574753607183148496e+00 1.525691096012055770e+00
6.354705652655088244e+00 6.365850021472745368e+00 6.377276515150960279e+00 6.244164316208612675e+00 6.122403409428138765e+00 6.087924438906131108e+00 6.054212813596928200e+00
5.102542807161454697e+00 6.209296654719653752e+00 8.893846293342372533e+00 7.784881078481653560e+00 6.900391211078490628e+00 7.398099523457034365e+00 8.014344442501510457e+00
4.051434514503321260e+00 3.485312366398366724e+00 3.038272434929687904e+00 2.971653356487571340e+00 2.908866741509271936e+00 2.844870659036717431e+00 2.782758114289315632e+00
2.394990206661166354e+00 1.950606676660842531e+00 1.580839382075880373e+00 1.530511194691201116e+00 1.491305726649336139e+00 1.357625729642383705e+00 1.230045944412611281e+00
