4.153925258856343561e-01 3.825858836893034076e-01 3.477399802197964074e-01 3.211895388077575797e-01 2.944753671114976878e-01 2.622661971750288590e-01 2.325499575616783443e-01
3.400960004384132596e-01 1.762782648356894799e-01 7.748175651107011563e-02 7.184275291564122534e-02 6.694138826534959397e-02 6.575922553304183737e-02 6.466263341173374146e-02
4.533941667731596903e-01 3.255852601910849131e-01 2.211388829702447267e-01 2.078672053343026960e-01 1.967245662232386949e-01 1.808256586660917653e-01 1.656802022843219813e-01
1.830250888349861105e-01 1.597316148523970636e-01 1.370465254941143629e-01 1.390052463967882124e-01 1.408362371778356659e-01 1.340327983374090259e-01 1.273948416863232846e-01
4.499882490393270484e-01 3.120676247125907521e-01 2.032574978952194078e-01 1.825005591155737794e-01 1.658121362748915806e-01 1.395126614274865284e-01 1.162241997527536513e-01
2.290132465298849174e-01 2.436424655569392750e-01 2.499843518667923259e-01 2.346593475633780568e-01 2.217608206362467194e-01 2.175885584278361984e-01 2.135931002861901906e-01
2.752246315513848240e-01 2.520938982746645518e-01 2.316825427133572812e-01 2.030773523715962425e-01 1.748058384932665299e-01 1.399118284392284473e-01 1.004577677363043542e-01
0.000000000000000000e+00 0.000000000000000000e+00 0.000000000000000000e+00 0.000000000000000000e+00 0.000000000000000000e+00 0.000000000000000000e+00 0.000000000000000000e+00
3.946169334609908042e-01 2.620950572170167581e-01 1.484178251444172592e-01 1.212689161459736126e-01 1.016849603748318648e-01 1.005192865234302846e-01 9.938469605065795853e-02
3.715468171798839148e-01 2.297032357215347542e-01 9.857460674314538762e-02 7.891930192057666771e-02 6.193025352879573397e-02 5.557224688288595754e-02 4.965075969332753691e-02
1.596486672864969314e-01 5.795682512115194612e-02 1.931082166528346605e-02 3.724204152934092182e-02 5.323164129980683529e-02 5.244973968658480507e-02 5.178723286141088955e-02
3.596073552343910795e-01 1.881466098203766479e-01 5.908607960667173337e-02 4.417653496557805842e-02 2.977204602643934023e-02 2.893360430358822219e-02 2.811741682213293042e-02
7.028581018117679990e-01 4.344925066292123494e-01 2.320240327274322722e-01 2.034086949475411576e-01 1.726773372419961317e-01 1.708315450706073824e-01 1.689793566793497126e-01
4.770170682590997302e-01 2.839331252712312681e-01 1.310747423500995268e-01 1.267600666928836994e-01 1.222914993566946024e-01 1.229896812538867484e-01 1.236861080548708886e-01
4.303977361325109219e-01 2.868863778361619432e-01 1.202969592328032994e-01 9.683572690464854749e-02 7.043273375880888809e-02 7.056740647121918786e-02 7.070423644872461666e-02
3.868114011940363417e-01 3.177834956912658493e-01 2.321615219516155459e-01 2.020021460237707289e-01 1.672318345047044130e-01 1.604669192924208510e-01 1.534391547760173002e-01
3.443831110742509583e-01 2.102134869658016381e-01 1.135381338007790120e-01 8.346414231519248828e-02 5.735929717941598560e-02 5.551957081811387945e-02 5.369187473334004201e-02
6.021799404660126837e-02 3.772027154360533402e-02 1.454443128528191270e-02 1.470292764998503213e-02 1.483192544386623124e-02 2.250691015244466950e-02 2.941795471094839354e-02
3.108980815691754773e-01 2.406283005803246666e-01 1.756174818548194294e-01 1.266705277413024688e-01 7.512570705920393332e-02 6.381499414370483958e-02 5.252763644308909574e-02
3.082583182256498078e-01 2.914388042635308596e-01 2.755441537821473053e-01 2.661367187262692058e-01 2.581362883070454362e-01 2.623313204382682895e-01 2.660152872719206973e-01
4.415257782754937743e-01 3.005551148613876400e-01 1.754726806030446340e-01 1.513479102328895987e-01 1.289416436589811421e-01 1.119501357568981198e-01 9.603781697085038427e-02
3.476876726536592410e-01 2.302272185767062218e-01 1.255462336086585473e-01 1.184398131724190006e-01 1.120804022734336880e-01 9.713141978171829782e-02 8.360869707955695396e-02
4.657779600616084870e-01 2.751664956798305361e-01 1.423937280539415151e-01 1.026505469914497509e-01 6.720035019193847103e-02 6.472404437522710774e-02 6.219001942461181709e-02
4.318441453039112976e-01 3.054653423922831235e-01 1.895093909245186559e-01 1.585830979892220438e-01 1.307675291287227204e-01 1.090400334490399109e-01 8.902852827793668322e-02
4.587896946468764114e-01 2.408143114237268900e-01 9.317741594989169263e-02 9.655548706704875084e-02 9.940014874958806590e-02 9.583108202011909882e-02 9.257533196921743923e-02
4.448567268815094566e-01 2.435182098075955037e-01 8.865957246985464724e-02 7.690027622917154637e-02 6.652598579171975501e-02 6.254641229536668512e-02 5.867905955058601297e-02
2.183133767016942062e-01 1.562997712837899955e-01 1.075226734051416971e-01 1.257128596628964423e-01 1.411507325074158881e-01 1.588978284460295376e-01 1.710052499663311520e-01
2.619321773392740416e-01 2.577645662138958738e-01 2.543660638844567612e-01 2.368113138005722706e-01 2.247187703192599084e-01 2.102942383330244080e-01 1.979913462135441948e-01
1.566595359111978836e-01 1.297427814777240285e-01 1.055990669224448758e-01 9.198822208222198760e-02 7.958669543777127653e-02 6.465141155543144280e-02 5.029914052894882831e-02
1.241259696896450382e-01 9.884454101963682793e-02 7.233441218151706598e-02 6.895631698409392107e-02 6.548470749067633601e-02 6.296041118148097693e-02 6.056603803583614221e-02
1.234061856209997809e-01 1.495909345442406613e-01 1.668306839687466736e-01 1.799511206379322548e-01 1.890241042076156175e-01 1.804434669596814145e-01 1.725948451811008255e-01
4.492292809238339624e-01 3.261436667022521441e-01 2.106348092361902125e-01 1.845828966836138840e-01 1.585770574929429022e-01 1.539464741212084042e-01 1.494738793288356016e-01
5.479771926894947409e-01 3.547516118723896272e-01 1.774741342984103298e-01 1.682907536249987068e-01 1.598567523167885862e-01 1.483867153218042523e-01 1.376998657132721127e-01
4.448920775028641916e-01 3.799182281355972801e-01 3.221744030656862878e-01 3.240530196579791133e-01 3.256011765011407322e-01 3.181561609941020441e-01 3.115027304576133971e-01
3.864214290819040776e-01 2.108888818182777236e-01 7.099657302409498327e-02 5.863367591512246013e-02 4.692559802333878816e-02 4.389719511028838256e-02 4.100092382656268103e-02
1.672628777516379228e-01 1.586395507095773594e-01 1.500397778411602934e-01 1.499291391268660345e-01 1.498250073978122654e-01 1.419086007408108252e-01 1.338544445675955707e-01
3.065946934055904793e-01 2.563839712494302980e-01 2.052173786696079305e-01 1.681439202450888959e-01 1.335660694355581268e-01 9.740831604491677342e-02 6.717542816768971858e-02
4.412665297832941147e-01 3.023873789779409349e-01 1.725185926168223971e-01 1.503855466089950577e-01 1.297148797736883130e-01 1.246176029359428589e-01 1.197918490379114992e-01
4.849337006793124072e-01 3.238415575945973734e-01 1.907471806596593433e-01 1.661901237059395242e-01 1.456933142546762427e-01 1.243555804577993057e-01 1.046259301115002038e-01
8.278006335288831119e-01 4.858864205379463397e-01 2.984415890847330055e-01 2.657992335151008190e-01 2.305495370029460867e-01 2.267162514162645581e-01 2.229139403259411401e-01
3.864749546724933760e-01 2.473119909100044145e-01 1.223568658935005049e-01 1.057334296244657745e-01 9.046423803686656773e-02 8.564674941604009939e-02 8.107865857343729554e-02
4.435657827132707398e-01 3.850944307325063209e-01 3.291821496026882121e-01 3.235582009064688069e-01 3.188278828403652287e-01 3.069302435016054709e-01 2.953718961758441952e-01
6.266924715031743642e-02 9.931544116024083879e-02 1.275968200790114637e-01 1.155123192835060403e-01 1.030316748995282333e-01 1.074964889144676000e-01 1.106907436260839844e-01
3.257475435809936704e-01 2.112061607998403645e-01 1.350619183190649997e-01 1.008862769244261298e-01 6.530111105925266723e-02 5.723596609680433461e-02 4.937421953997349344e-02
6.689657035383977934e-02 4.624241232628267112e-02 2.496824963111392293e-02 2.459431666104592087e-02 2.428469118138649671e-02 2.976604676262851329e-02 3.473957224544652750e-02
3.108980815691754773e-01 2.406283005803246666e-01 1.756174818548194294e-01 1.266705277413024688e-01 7.512570705920393332e-02 6.381499414370483958e-02 5.252763644308909574e-02
1.889294845038687332e-01 1.568137487787160389e-01 1.256396939411955904e-01 1.067708714181810625e-01 9.015243656273468076e-02 8.234940430180087700e-02 7.515776038749637233e-02
6.799530630372686568e-01 4.651527036041342988e-01 2.751887225566715389e-01 2.780460338499423090e-01 2.803545774545572189e-01 2.703939977009144902e-01 2.611779424626929913e-01
