4.103556431079073974e-01 3.482035406087746754e-01 2.889093249230381688e-01 2.870399133783848589e-01 2.853453109551103428e-01 2.704168102530620788e-01 2.552345590277633747e-01
3.058550769631288024e-01 2.115616332978068337e-01 1.373897652178676099e-01 1.334656298117787854e-01 1.299143616553954106e-01 1.249122870586004130e-01 1.202073579031485706e-01
4.537209330951378350e-01 3.062822149960716112e-01 1.884585562811043891e-01 1.807720554389720957e-01 1.739537109046312979e-01 1.654336154961099370e-01 1.573471571911403133e-01
1.812036097978013127e-01 1.561798138224652910e-01 1.319414045909265143e-01 1.308973186353573348e-01 1.299012017505371541e-01 1.247192874482259545e-01 1.195700628329798704e-01
4.476971491542868220e-01 2.854549065353331194e-01 1.769648051095926433e-01 1.646919168276874679e-01 1.533461834975740901e-01 1.292386710124387716e-01 1.077354817134013876e-01
2.000373469181676578e-01 2.175695532422310119e-01 2.244060426694057808e-01 2.140945909737033415e-01 2.046793946605107439e-01 2.076744176713087864e-01 2.103953030402115620e-01
2.723652773380222381e-01 2.455628080396876356e-01 2.239448940130124022e-01 2.101132166645237331e-01 1.977150119767828174e-01 1.860277655526602070e-01 1.747110779702412686e-01
0.000000000000000000e+00 0.000000000000000000e+00 0.000000000000000000e+00 0.000000000000000000e+00 0.000000000000000000e+00 0.000000000000000000e+00 0.000000000000000000e+00
4.082261086207695788e-01 2.689909391037216824e-01 1.641521288093456543e-01 1.663556915402673586e-01 1.680795218236809385e-01 1.575686214260506035e-01 1.467731699312816163e-01
3.701879281768076790e-01 2.643528775934712027e-01 1.333344856668486067e-01 1.201025996169928084e-01 1.085646425994703373e-01 9.513878252760993304e-02 8.314145016571161673e-02
1.692087316271106701e-01 7.371375087976507479e-02 4.157066410312388466e-02 4.766782095523717372e-02 5.344545316325548939e-02 5.185520380896904702e-02 5.032045254554854546e-02
4.198490268346525833e-01 2.562240356371831562e-01 1.133497136359954138e-01 9.577318532493250824e-02 7.876891946009717538e-02 7.882315521639463030e-02 7.887567346462646956e-02
7.065525351002974741e-01 4.209479700827591375e-01 2.065157469618808805e-01 1.948450615966239585e-01 1.829610979072841814e-01 1.682875051027230839e-01 1.542874448412722144e-01
4.856344258023113647e-01 2.932950688722462673e-01 1.711072069726818079e-01 1.575989770556663894e-01 1.452271061334639290e-01 1.435909083501541172e-01 1.420646548907230911e-01
4.973888180405514614e-01 3.216385051976810572e-01 1.912041887941677010e-01 1.734784527406339205e-01 1.556089227347283166e-01 1.579785235560556278e-01 1.601340472137767201e-01
4.649131328637330363e-01 3.584192140516215819e-01 2.542602773270782324e-01 2.464286850544541996e-01 2.385145845478317816e-01 2.226388434044354048e-01 2.064990501866254824e-01
3.139681083698291908e-01 1.909361050508978641e-01 1.106355364459237350e-01 9.638964686654635794e-02 8.212127377823584540e-02 7.816899350436566640e-02 7.448056414646977985e-02
6.656646334247764973e-02 4.287902101748933270e-02 1.891846963489108788e-02 1.977406835181475669e-02 2.056083940098932944e-02 2.964620280303289016e-02 3.700708793579153555e-02
3.627324796751599245e-01 3.017651299793650543e-01 2.471786644425086332e-01 2.390671140017714413e-01 2.307147764018561698e-01 2.251200406081776406e-01 2.199475446406132795e-01
3.046253915975505322e-01 2.931126422800862108e-01 2.813883983363852925e-01 2.645760747182109851e-01 2.468247633565735233e-01 2.216764508239785769e-01 1.967612489952507981e-01
5.306505360333307886e-01 2.928656301366809878e-01 1.376638552124222759e-01 1.458928681510968106e-01 1.528498832762633930e-01 1.402152912476781199e-01 1.273176268836181124e-01
3.617817967723329087e-01 2.616822089046161315e-01 1.676240381276585811e-01 1.508515386997449081e-01 1.358701547912143370e-01 1.236034985026891742e-01 1.124505504056167449e-01
4.136759726899243428e-01 3.369232329074416388e-01 2.632733565184404712e-01 2.443870164591332994e-01 2.238110703935352608e-01 2.193964774242110893e-01 2.149063309050868176e-01
5.677705298848322313e-01 3.536633984717747481e-01 1.802349873657701218e-01 1.728393578690679833e-01 1.664548701542131193e-01 1.580654017714492043e-01 1.500923268713311443e-01
5.246334640301003605e-01 2.664329107138032060e-01 1.238230175415024198e-01 1.226288047773791967e-01 1.215500516152993454e-01 1.146471157755082904e-01 1.083512613787123297e-01
4.458014159861057868e-01 2.096300334312804214e-01 7.007597969794721049e-02 6.762399524865289613e-02 6.553095468615478814e-02 6.094810859943272652e-02 5.702347149195984011e-02
2.157584136961093191e-01 1.450727833301886094e-01 8.898028187911245779e-02 1.014809191546219569e-01 1.124653238119345672e-01 1.363089995070224381e-01 1.564423955847708270e-01
2.390272025289448821e-01 2.253206547970121598e-01 2.133876945141205406e-01 1.866279382877982229e-01 1.647969635746327766e-01 1.391806863160128527e-01 1.150165152274819358e-01
1.541127649615151862e-01 1.387610297587923147e-01 1.250344501436859712e-01 1.199794777623113123e-01 1.150650530219764628e-01 1.013188437411281090e-01 8.794955989337480129e-02
1.428675515001022189e-01 1.065526558486153824e-01 7.150358420527330727e-02 6.827242933174607065e-02 6.503296099008730458e-02 6.563363406458036509e-02 6.620923275516500672e-02
1.204264957926703405e-01 1.063789553662707887e-01 9.560602332769488343e-02 8.605247590999685892e-02 7.733739396998610960e-02 7.492937032434048017e-02 7.265748313136918823e-02
4.494265272156610647e-01 2.943923960748645596e-01 1.642752429093168598e-01 1.525817358403438739e-01 1.407176401283458111e-01 1.342305102150086749e-01 1.278743741145333679e-01
4.457388591851774717e-01 2.866873409930037475e-01 1.498153449588869035e-01 1.298629742772580697e-01 1.116079354622840497e-01 1.045342454876389549e-01 9.798164701830902601e-02
4.486253505089983773e-01 4.117439367141918494e-01 3.747248469709104080e-01 3.656246087129456646e-01 3.568995354313572732e-01 3.330673902984938595e-01 3.105308083495105786e-01
3.782361709630285840e-01 2.136966969054015508e-01 8.662959979548172373e-02 7.626496385711666048e-02 6.640061009882526621e-02 6.772822024343416736e-02 6.901350854918002209e-02
1.399312760040149761e-01 1.379824797518926227e-01 1.361268140076550281e-01 1.313777781449447513e-01 1.269233103468855595e-01 1.212862552626364498e-01 1.157376820213841806e-01
4.784959122621925687e-01 3.923851648672669334e-01 2.918634549151150614e-01 2.829088806203781670e-01 2.746287543176719748e-01 2.435426425505745063e-01 2.156671845677774757e-01
4.416598471946488469e-01 3.018623902686736749e-01 1.637824615841806386e-01 1.519380469010631618e-01 1.406674376403822535e-01 1.323380940697526376e-01 1.243603344911098918e-01
4.831385026627245116e-01 2.840102077283405690e-01 1.484104832781754368e-01 1.327251170731641727e-01 1.188351199897993565e-01 1.006961870542119331e-01 8.482968444743065051e-02
8.276107691671534816e-01 4.211951633907139447e-01 2.168007132930679648e-01 2.038254845534016313e-01 1.910011867440997158e-01 1.862807868433456471e-01 1.816465492364800205e-01
3.995529458141682255e-01 2.539438034025448543e-01 1.525086455371295613e-01 1.277040655482458709e-01 1.048198123855177272e-01 1.021864139594241688e-01 9.982061196997669972e-02
4.419739873227626070e-01 3.735714529888694013e-01 3.107561635080508533e-01 3.048185690844580353e-01 2.993211789509442888e-01 2.863067861093744892e-01 2.735706390638208974e-01
5.829257078710315537e-02 8.023194718189086139e-02 9.881653148467232917e-02 8.772548281680771221e-02 7.601113614746514424e-02 7.184926768810490083e-02 6.750151959093741993e-02
3.966991864878754437e-01 3.100226056546290243e-01 2.384175036278547988e-01 2.398779633110162124e-01 2.412043429851133403e-01 2.268912363738589399e-01 2.130212546929869666e-01
7.199266736034964920e-02 5.105801888775103603e-02 2.990424654124772957e-02 2.977134699335222054e-02 2.964932975802172035e-02 3.525177946273939933e-02 3.993210620972655056e-02
6.445040433561864957e-01 4.660144032459611063e-01 2.239694157451543044e-01 2.409010284882510955e-01 2.576198004039044753e-01 2.042108123846765877e-01 1.476222269678519328e-01
2.537455328485282435e-01 1.540518739791169600e-01 8.849662216491938072e-02 8.219709694450454129e-02 7.635736106914249588e-02 7.886901837436170737e-02 8.135786038817058308e-02
6.768748853972204049e-01 4.327841105578256742e-01 2.562372850785513134e-01 2.559848437840508417e-01 2.557487922563043692e-01 2.432870876536571969e-01 2.315349890108408804e-01
