3.854546168031735220e+00 3.849725546514366048e+00 3.844706127763173331e+00 3.819437080272487961e+00 3.794876652435839492e+00 3.702928391477135595e+00 3.614989477932083695e+00
1.696240701808876761e+00 1.134790529732282449e+00 7.683336969710317099e-01 9.612002308074260037e-01 1.138019395200059902e+00 1.083884093965880036e+00 1.034938788235934437e+00
2.733971452193908913e+00 2.254338771080404591e+00 1.880840657918048775e+00 1.801916685267300089e+00 1.729076548402880276e+00 1.641675382739407496e+00 1.560321752030730647e+00
1.099025564044132430e+01 1.355909060219999951e+01 1.609970572269737943e+01 1.729993938900238604e+01 1.841550897230452932e+01 1.870768376132611266e+01 1.899921263829601870e+01
1.594664567543784983e+01 9.924523831399802987e+00 6.711423153497466210e+00 6.294568445105927168e+00 5.945961411119820461e+00 5.741726111627269091e+00 5.552809383407103283e+00
1.461395555921709277e-01 2.900940261709278878e-01 3.439115419376155836e-01 3.468892517163021938e-01 3.493898630501884317e-01 3.311442038781282071e-01 3.123528768632479191e-01
9.557173159383115513e-01 8.833736179798765686e-01 8.220830264601691750e-01 7.644147236453856520e-01 7.134892407558979244e-01 6.804399298363495996e-01 6.476451453410075887e-01
0.000000000000000000e+00 0.000000000000000000e+00 0.000000000000000000e+00 0.000000000000000000e+00 0.000000000000000000e+00 0.000000000000000000e+00 0.000000000000000000e+00
5.053788342373882969e+00 4.811311832981384207e+00 4.579332590103655676e+00 4.022957812105099507e+00 3.590576872887601745e+00 3.502941568270502959e+00 3.418690181353591928e+00
2.349166591522741321e+00 1.825403979385544107e+00 1.400582272761108582e+00 1.283061823724706230e+00 1.177723819982692932e+00 1.139247948295308843e+00 1.100106722570363127e+00
2.270661940424240299e+00 1.125839423112164894e+00 6.917225181648448684e-01 6.818359849757473778e-01 6.731497986946968215e-01 6.327741985297202776e-01 5.977600805265118611e-01
1.056971592360278933e+00 6.050463291899023099e-01 2.953762939338806515e-01 2.680336328995477913e-01 2.405571808023918567e-01 2.326983413970276637e-01 2.250601257782437470e-01
2.149757727685647879e+00 1.363893494258857420e+00 8.580489839464479074e-01 8.036925271364421253e-01 7.516138157753984306e-01 7.005351027441346634e-01 6.553874620886961377e-01
4.969076321482936542e+00 4.642242322086298500e+00 4.332748697935669746e+00 4.179000073474777643e+00 4.029996976448947166e+00 3.912097265146329494e+00 3.799899941600787923e+00
1.285825645051671184e+00 8.459463693276414453e-01 4.917549822419693961e-01 4.268317068408716275e-01 3.618709877290854915e-01 3.493875295656209690e-01 3.370783760239894344e-01
2.880576590218886679e+00 2.563126360851881724e+00 2.258781200023639357e+00 2.269465394433643368e+00 2.280442899785799948e+00 2.229483416177389543e+00 2.180340994673667154e+00
1.135658202913147674e+00 8.571878022767792649e-01 6.354267000920943431e-01 5.433240351457500061e-01 4.653491314416301483e-01 4.562165330289327247e-01 4.471712973716917006e-01
1.803152784180434054e+01 1.831667543204762083e+01 1.861448011306832839e+01 1.667563246169776647e+01 1.512084786414267690e+01 1.443727697127479104e+01 1.381420536642752595e+01
2.908935089970750010e+00 2.378492556883966547e+00 1.996882008899637517e+00 1.752901305972281110e+00 1.561387963662716372e+00 1.490316913871078119e+00 1.423369288247914088e+00
8.319932627549128101e-01 7.961218218316367112e-01 7.624458595629359792e-01 7.545602090162661924e-01 7.476488451219340803e-01 7.414328099650067116e-01 7.359362051407014604e-01
3.631187197392932831e+00 2.915374030237479097e+00 2.339040990959405431e+00 2.030877203036005163e+00 1.761657557858878231e+00 1.658877506606022179e+00 1.565920381521903382e+00
2.867901873423999604e+00 2.682131645823750077e+00 2.486782561039411643e+00 2.233549492528200897e+00 2.017657192174206138e+00 1.926823672908637430e+00 1.840444018161849105e+00
1.262974187357999378e+00 9.140512351725350593e-01 6.348442741861756167e-01 5.340839153637069181e-01 4.466711312792296384e-01 4.439440881274727135e-01 4.411654468127881867e-01
5.270285647096206283e+00 5.087695206072004872e+00 4.887849766666556128e+00 4.411684808961682691e+00 4.008806988221175871e+00 3.863660223270223515e+00 3.727966516828289389e+00
2.277868659812465335e+00 1.262937033271561704e+00 7.214206738024168120e-01 7.048388640593689081e-01 6.909718370202586613e-01 6.751823783834720594e-01 6.605772005643552047e-01
1.241924708261003207e+00 8.538949411094501896e-01 5.219051946658972430e-01 4.964673632889439747e-01 4.714976710055539533e-01 4.543635022776477683e-01 4.377156242237233430e-01
4.913018489998073335e+01 2.332274858139873075e+01 1.491303329471107020e+01 1.474391468432565411e+01 1.459268537293534607e+01 1.345643518739820443e+01 1.249329978012342579e+01
9.846495260289224172e-01 8.235219939778609666e-01 6.858239711145047712e-01 6.638918199262402453e-01 6.507255592290618340e-01 6.093876220942561206e-01 5.736482451529455462e-01
5.650318746893140620e+00 5.453088379726472645e+00 5.273815524955973721e+00 5.056532090467856122e+00 4.859102959803134780e+00 4.761352571658763466e+00 4.667360326564431006e+00
1.094958815039632682e+01 1.033679272161378115e+01 9.718685960459565010e+00 9.613216180545107292e+00 9.511330704172912931e+00 8.865311085159348181e+00 8.280305004951829417e+00
1.209101527537166376e+00 1.026174390303852491e+00 8.905888848335565822e-01 8.616487352340018724e-01 8.369882110438225942e-01 8.012963483266553055e-01 7.693232955113876725e-01
2.908935089970750010e+00 2.378492556883966547e+00 1.996882008899637517e+00 1.752901305972281110e+00 1.561387963662716372e+00 1.490316913871078119e+00 1.423369288247914088e+00
1.373488237284674796e+01 1.234957747793960969e+01 1.107370446962008970e+01 9.518947842097860601e+00 8.366895796968739418e+00 7.704912513847059330e+00 7.120406588606630116e+00
1.507924408449838660e+00 1.313920226954349069e+00 1.146278060917629071e+00 1.100747388753063660e+00 1.062063010664942242e+00 1.030697335448292007e+00 1.002804356801216379e+00
3.161328147575087399e+00 2.676702277865742996e+00 2.228435981035343794e+00 2.007055949962020858e+00 1.814308690804447677e+00 1.770480751652007356e+00 1.728313002445864166e+00
5.764878090919062892e+00 5.936492600902920636e+00 6.110754106172493039e+00 6.088991867458240392e+00 6.068948875453167524e+00 6.028148431773201033e+00 5.988387766139362967e+00
1.922917687125819786e+00 1.806655335503242643e+00 1.662226265989453555e+00 1.593072960875854260e+00 1.528871862972399187e+00 1.417334280381264078e+00 1.320265411657238985e+00
4.941483049477704448e+00 4.031238698633938355e+00 3.292943238801826045e+00 3.059198143560581062e+00 2.849683612948357148e+00 2.730011714989146743e+00 2.608270359549238027e+00
1.323031290688922779e+00 8.385883143389781802e-01 4.655672338164198454e-01 4.614580404611519637e-01 4.571389872875943339e-01 4.523987316093172617e-01 4.477385284633448315e-01
4.151370991503616104e+00 2.642398592895979892e+00 1.848124523057680824e+00 1.846172480590901888e+00 1.844128780657215083e+00 1.806042498517043571e+00 1.768789554166717348e+00
5.339268332298304998e+00 4.846081589353853580e+00 4.398819190503696852e+00 3.817935267352742024e+00 3.355692561923829143e+00 3.226726793108408042e+00 3.105948360174908274e+00
1.682038221459889726e+01 1.671031073786021537e+01 1.660582709264658874e+01 1.583031632187749516e+01 1.515596578761312863e+01 1.443714077344985647e+01 1.374818713277280047e+01
3.376027651074494873e+00 2.927946762443597084e+00 2.592739223124214121e+00 2.333032774920077657e+00 2.115193114083080417e+00 1.959535369656146386e+00 1.820860148608145268e+00
2.692488510973714000e+00 1.756380083430273631e+00 1.288406102653708585e+00 1.187297933761362945e+00 1.099809337489524808e+00 1.061011242645306440e+00 1.023645581293090467e+00
6.345050497601940620e+00 6.420518663947532012e+00 6.499044952709149392e+00 5.928601566243186127e+00 5.462811066600221643e+00 5.247921253545528408e+00 5.050339160067710331e+00
2.908935089970750010e+00 2.378492556883966547e+00 1.996882008899637517e+00 1.752901305972281110e+00 1.561387963662716372e+00 1.490316913871078119e+00 1.423369288247914088e+00
2.078244275817819453e+00 1.873461331533336383e+00 1.682109379222694656e+00 1.570994863064532288e+00 1.474684679658821551e+00 1.450979444215679814e+00 1.427389360103059834e+00
2.331826839998706991e+00 1.740690221128211146e+00 1.232645879881696382e+00 1.274465653548793931e+00 1.309024405690505599e+00 1.266889367715339443e+00 1.227736607544921421e+00
