0.000000000000000000e+00 0.000000000000000000e+00 0.000000000000000000e+00 0.000000000000000000e+00 0.000000000000000000e+00 0.000000000000000000e+00 0.000000000000000000e+00
3.975907261787515190e-01 4.336373374813550646e-02 4.291406112812089918e-02 2.701679846766591453e-02 2.405299645513481882e-02 1.388021229360185578e-02 1.267725731467094635e-02
0.000000000000000000e+00 0.000000000000000000e+00 0.000000000000000000e+00 0.000000000000000000e+00 0.000000000000000000e+00 0.000000000000000000e+00 0.000000000000000000e+00
0.000000000000000000e+00 0.000000000000000000e+00 0.000000000000000000e+00 0.000000000000000000e+00 0.000000000000000000e+00 0.000000000000000000e+00 0.000000000000000000e+00
0.000000000000000000e+00 0.000000000000000000e+00 0.000000000000000000e+00 0.000000000000000000e+00 0.000000000000000000e+00 0.000000000000000000e+00 0.000000000000000000e+00
0.000000000000000000e+00 0.000000000000000000e+00 0.000000000000000000e+00 0.000000000000000000e+00 0.000000000000000000e+00 0.000000000000000000e+00 0.000000000000000000e+00
4.244352796485336698e-01 4.248380211119547750e-02 3.642078882881686491e-02 3.505062381425588097e-02 3.471301256243119332e-02 3.448102795877985155e-02 3.406024196289908490e-02
0.000000000000000000e+00 0.000000000000000000e+00 0.000000000000000000e+00 0.000000000000000000e+00 0.000000000000000000e+00 0.000000000000000000e+00 0.000000000000000000e+00
4.444969409975947916e-01 2.571021030536461693e-01 1.949351012244023018e-01 1.794138559372929764e-01 1.765047650059072826e-01 1.867279171160695639e-01 1.630917607095263844e-01
0.000000000000000000e+00 0.000000000000000000e+00 0.000000000000000000e+00 0.000000000000000000e+00 0.000000000000000000e+00 0.000000000000000000e+00 0.000000000000000000e+00
0.000000000000000000e+00 0.000000000000000000e+00 0.000000000000000000e+00 0.000000000000000000e+00 0.000000000000000000e+00 0.000000000000000000e+00 0.000000000000000000e+00
1.799662646537965871e-01 6.958635684753211939e-03 6.340267990917906882e-03 6.358821067198227629e-03 4.852082522851803269e-03 4.921392891153157471e-03 5.017281561632803803e-03
2.196984618741228482e-02 2.153553105077883265e-02 2.109026686495512823e-02 2.046835803949560717e-02 1.984218784848503989e-02 1.836157370170607081e-02 1.780603715161273304e-02
2.833322602642689425e-01 1.256411914735914015e-01 4.909750875025024192e-02 4.756868463484652254e-02 4.945098351108727364e-02 5.192484027197400570e-02 5.067225130200708055e-02
2.887058024469821849e-01 3.305719022774630117e-02 3.241597777049838591e-02 2.935478037213811245e-02 2.573338001477938272e-02 2.548321337235958176e-02 2.475033188711456625e-02
6.112182088592262863e-01 1.234183641697184364e-01 1.166757772182006880e-01 1.123557119731248000e-01 1.018281287955921516e-01 9.933369776460122813e-02 9.516541398805546115e-02
4.231028935708860406e-01 3.039775881163704271e-02 3.143522602224489704e-02 3.009470900631983081e-02 2.888825704150622259e-02 2.684810871667239751e-02 2.196405904523972275e-02
0.000000000000000000e+00 0.000000000000000000e+00 0.000000000000000000e+00 0.000000000000000000e+00 0.000000000000000000e+00 0.000000000000000000e+00 0.000000000000000000e+00
6.070073334273671239e-01 6.397018709531478164e-02 4.784079859127464418e-02 3.421209655791122156e-02 2.701681821112458456e-02 2.233473407310027428e-02 1.795537378509901374e-02
0.000000000000000000e+00 0.000000000000000000e+00 0.000000000000000000e+00 0.000000000000000000e+00 0.000000000000000000e+00 0.000000000000000000e+00 0.000000000000000000e+00
0.000000000000000000e+00 0.000000000000000000e+00 0.000000000000000000e+00 0.000000000000000000e+00 0.000000000000000000e+00 0.000000000000000000e+00 0.000000000000000000e+00
1.978033177052281391e-02 1.720465462849387825e-02 1.715064595305576534e-02 1.705104613911247527e-02 1.699989872969357232e-02 1.720543942596580375e-02 1.551559261411967518e-02
5.641414206826402822e-01 8.704072084095858253e-02 6.049420107150392523e-02 5.673569820490890342e-02 4.233476203108105934e-02 3.728374140084059901e-02 2.737484951356196697e-02
3.265074776981546356e-01 1.800269979057847122e-02 1.485631347292658104e-02 1.481783362622973027e-02 1.502605062637444276e-02 1.338376691200976118e-02 1.296137806654512441e-02
3.624507078918066116e-01 0.000000000000000000e+00 0.000000000000000000e+00 0.000000000000000000e+00 0.000000000000000000e+00 0.000000000000000000e+00 0.000000000000000000e+00
0.000000000000000000e+00 0.000000000000000000e+00 0.000000000000000000e+00 0.000000000000000000e+00 0.000000000000000000e+00 0.000000000000000000e+00 0.000000000000000000e+00
0.000000000000000000e+00 0.000000000000000000e+00 0.000000000000000000e+00 0.000000000000000000e+00 0.000000000000000000e+00 0.000000000000000000e+00 0.000000000000000000e+00
0.000000000000000000e+00 0.000000000000000000e+00 0.000000000000000000e+00 0.000000000000000000e+00 0.000000000000000000e+00 0.000000000000000000e+00 0.000000000000000000e+00
0.000000000000000000e+00 0.000000000000000000e+00 0.000000000000000000e+00 0.000000000000000000e+00 0.000000000000000000e+00 0.000000000000000000e+00 0.000000000000000000e+00
3.409790899005015752e-01 1.463386377933155284e-02 1.554415400406542087e-02 1.551435429877247307e-02 1.424765101084901446e-02 1.265956750852919796e-02 1.084035519528964153e-02
4.261597256016301793e-01 4.345799126811032975e-01 2.947331054685309315e-01 2.357559211156905477e-01 2.791755729475653425e-01 2.466305104599438858e-01 2.661624337046298860e-01
0.000000000000000000e+00 0.000000000000000000e+00 0.000000000000000000e+00 0.000000000000000000e+00 0.000000000000000000e+00 0.000000000000000000e+00 0.000000000000000000e+00
4.025478042124776001e-01 1.928388615073233225e-01 2.510436936249319309e-02 2.345049964829796357e-02 1.763889641380969597e-02 1.454267300707584240e-02 1.413209618836784066e-02
1.843437106665520575e-01 0.000000000000000000e+00 0.000000000000000000e+00 0.000000000000000000e+00 0.000000000000000000e+00 0.000000000000000000e+00 8.754192972082821839e-05
2.074192797831914681e-01 9.681073865771515352e-02 9.836007266318685938e-02 9.737053760927530388e-02 9.113613433645723072e-02 8.898041529467359823e-02 7.969611551228250601e-02
0.000000000000000000e+00 0.000000000000000000e+00 0.000000000000000000e+00 0.000000000000000000e+00 0.000000000000000000e+00 0.000000000000000000e+00 0.000000000000000000e+00
0.000000000000000000e+00 6.608046672410392008e-02 6.621239298879735835e-02 6.476855141338250244e-02 6.321881548881179425e-02 6.069700982148400203e-02 5.880061928245165076e-02
0.000000000000000000e+00 0.000000000000000000e+00 0.000000000000000000e+00 0.000000000000000000e+00 0.000000000000000000e+00 0.000000000000000000e+00 0.000000000000000000e+00
1.046727537323819124e-01 0.000000000000000000e+00 0.000000000000000000e+00 0.000000000000000000e+00 0.000000000000000000e+00 0.000000000000000000e+00 0.000000000000000000e+00
0.000000000000000000e+00 0.000000000000000000e+00 0.000000000000000000e+00 0.000000000000000000e+00 0.000000000000000000e+00 0.000000000000000000e+00 0.000000000000000000e+00
1.036128470968281645e-01 3.551956873066083181e-02 1.725394303309415664e-02 1.495702893670318619e-02 1.090610867966875473e-02 9.683739299813851065e-03 7.923066407189141222e-03
0.000000000000000000e+00 0.000000000000000000e+00 0.000000000000000000e+00 0.000000000000000000e+00 0.000000000000000000e+00 0.000000000000000000e+00 0.000000000000000000e+00
0.000000000000000000e+00 0.000000000000000000e+00 0.000000000000000000e+00 0.000000000000000000e+00 0.000000000000000000e+00 0.000000000000000000e+00 0.000000000000000000e+00
8.372645348536084109e-02 0.000000000000000000e+00 0.000000000000000000e+00 0.000000000000000000e+00 0.000000000000000000e+00 0.000000000000000000e+00 0.000000000000000000e+00
0.000000000000000000e+00 0.000000000000000000e+00 0.000000000000000000e+00 0.000000000000000000e+00 0.000000000000000000e+00 0.000000000000000000e+00 0.000000000000000000e+00
0.000000000000000000e+00 0.000000000000000000e+00 0.000000000000000000e+00 0.000000000000000000e+00 0.000000000000000000e+00 0.000000000000000000e+00 0.000000000000000000e+00
6.985869657803399635e-01 1.849658218132274323e-01 1.766964384618228689e-01 1.714625960264841986e-01 1.530085946119449092e-01 1.471309328289847340e-01 1.400109340368850819e-01
1.026517396137466731e+00 0.000000000000000000e+00 0.000000000000000000e+00 0.000000000000000000e+00 0.000000000000000000e+00 0.000000000000000000e+00 0.000000000000000000e+00
