4.129564019503614292e-01 3.835325272261703722e-01 3.541126854407814495e-01 3.416283901643854537e-01 3.289843875746308877e-01 3.207620758658328297e-01 3.128077333463483156e-01
3.020574159961981198e-01 2.251844968464349894e-01 1.619109991274658988e-01 1.536500049056007122e-01 1.457665726459500821e-01 1.385939225961095311e-01 1.320243838561264704e-01
4.482361775195023434e-01 3.282619801212093291e-01 2.284133262556568567e-01 2.378082159278582242e-01 2.454398168095482113e-01 2.362486760337706992e-01 2.270732858571300750e-01
1.662714232856283003e-01 1.493398636789307066e-01 1.326922302512097140e-01 1.293614393444842969e-01 1.262371813426669820e-01 1.260425222449379767e-01 1.258514988078741070e-01
4.218712994286057949e-01 2.955450006106168925e-01 1.904226890315531551e-01 1.547989105137333732e-01 1.238769194011126312e-01 1.044589054318441068e-01 8.498436631995064106e-02
2.585384326576410374e-01 1.989034921686252400e-01 1.640362940078425036e-01 1.565437421910522708e-01 1.509021842122779122e-01 1.377354835248228160e-01 1.255764129551873165e-01
2.681529935626044692e-01 2.460285665574526437e-01 2.274386350250487132e-01 2.129323730956119154e-01 1.998281293000378489e-01 1.910432770585370477e-01 1.825822011515031706e-01
0.000000000000000000e+00 0.000000000000000000e+00 0.000000000000000000e+00 0.000000000000000000e+00 0.000000000000000000e+00 0.000000000000000000e+00 0.000000000000000000e+00
4.067307189623585728e-01 3.311747281470674986e-01 2.583795476883986031e-01 2.406850217003359271e-01 2.259974525420351543e-01 2.148602477718800086e-01 2.043395072749427110e-01
3.710921999052317899e-01 2.588982929245213782e-01 1.456133361391423187e-01 8.874550525639711418e-02 4.755135203416459982e-02 4.454745705406758238e-02 4.163852014821125408e-02
1.510019570749845663e-01 7.045147986391270267e-02 2.740587441487853451e-02 2.875188895396024388e-02 2.991953521253305076e-02 2.369270881174596541e-02 1.841384049952848878e-02
4.155500629934102963e-01 2.691965488295679498e-01 1.294482514558872310e-01 1.075935168709645784e-01 8.623083994111124806e-02 8.462377973217201366e-02 8.301511975922844233e-02
7.049704089380186556e-01 4.715108060554257241e-01 2.806244323362503956e-01 2.414042337789806536e-01 1.994848730286002403e-01 1.970502700899209869e-01 1.945846962121664803e-01
4.998044236063726720e-01 3.840958942205384141e-01 2.799485049202929954e-01 2.680829997129678954e-01 2.565757409382116161e-01 2.511418133639829464e-01 2.457649186078282866e-01
4.932187168782456443e-01 3.304078964710077115e-01 1.926827558575348875e-01 1.544123812299673104e-01 1.216394560913116873e-01 1.204253898921721910e-01 1.192223918591910625e-01
4.674377531426382459e-01 4.034206897036778927e-01 3.407411014117567860e-01 2.924262958449960759e-01 2.384478171655452228e-01 2.350322309684854671e-01 2.316304704258029534e-01
3.361317708763590373e-01 2.307035508692433790e-01 1.481682559385003317e-01 1.061811867131414594e-01 6.718192409813933397e-02 6.420027251700691218e-02 6.117395442744519990e-02
4.963886227477390389e-02 3.133080098842652705e-02 1.220669497231232845e-02 1.208913810031324657e-02 1.197563418227198286e-02 1.021319933486196201e-02 8.554066166502395999e-03
3.599068854271659790e-01 3.110916191022782273e-01 2.635266770655986246e-01 2.498804512726227056e-01 2.357538211179797116e-01 2.282362761988208644e-01 2.205405219945835715e-01
2.982407050249900049e-01 2.887421837947892755e-01 2.792832150178518047e-01 2.697032834650096023e-01 2.596813475522937731e-01 2.520456920522359257e-01 2.442681398070564447e-01
5.284142065878524308e-01 3.256604348428204232e-01 1.668566085967030654e-01 1.388732036902998457e-01 1.124339288812780391e-01 1.076921803538440220e-01 1.029463577491989412e-01
3.755558677560871805e-01 3.054590011885621736e-01 2.315359686992295718e-01 2.175146420111497281e-01 2.044937848849188999e-01 1.970315918699737656e-01 1.896616476127452877e-01
4.161378586520112499e-01 3.608805858904678976e-01 3.081025664696185884e-01 2.722445863062853966e-01 2.328431097776730851e-01 2.303355489429693426e-01 2.277813244499998779e-01
5.603177362444475840e-01 3.992766476849243240e-01 2.331020030983313451e-01 2.062508405213323570e-01 1.816097851518208017e-01 1.748024718100033292e-01 1.681610056788343244e-01
5.155592954439763842e-01 2.930045051676948842e-01 1.320814264070298838e-01 1.247121086682307645e-01 1.179271019645561913e-01 1.160172120331174755e-01 1.140955419892328015e-01
4.272585354303700123e-01 2.180005098743778569e-01 7.879145487656266655e-02 7.017123934973230892e-02 6.257476625762885269e-02 5.888599801535789741e-02 5.526392730040582263e-02
1.933195100595223037e-01 1.512982511033478528e-01 1.119183707046397941e-01 1.050134690299789064e-01 9.873384427596612611e-02 1.378676520129189786e-01 1.654242116011154506e-01
2.068370946193965887e-01 2.100894795746723054e-01 2.129603707985262273e-01 1.938122660982764256e-01 1.789386396592041462e-01 1.588091666843615413e-01 1.394403938362286099e-01
1.441179853344461137e-01 1.342596185282675658e-01 1.254955456921109103e-01 1.173468577635033427e-01 1.095923277096958609e-01 1.008803967580568367e-01 9.266040091367047649e-02
1.045243533277213088e-01 8.725781375932169237e-02 6.978883870734021999e-02 6.552756316674127057e-02 6.145573971477395758e-02 6.045110305336491574e-02 5.944050462772588334e-02
1.511135021104560439e-01 1.154678792619435318e-01 8.512149333854129862e-02 7.708093331764021006e-02 6.972802698975763547e-02 6.645528841478838544e-02 6.331211704998990220e-02
4.493478640234582211e-01 3.220792980857701271e-01 2.092985089872971272e-01 1.874352735578599105e-01 1.641195966034465492e-01 1.563282901135187031e-01 1.485184230975657438e-01
4.404472085088787514e-01 2.999746654219059283e-01 1.619740001502573967e-01 1.447789144209319090e-01 1.282849546075078284e-01 1.275212084162383464e-01 1.267672820062342998e-01
4.456919467962537906e-01 4.168331109955003000e-01 3.870086887330049241e-01 3.499589763028774225e-01 3.168475921701573994e-01 3.164550398767891348e-01 3.160818519634772672e-01
3.644879155649048963e-01 2.097082742237005026e-01 8.252391293158617414e-02 6.798844519106576889e-02 5.396981844918694038e-02 5.206082473775113656e-02 5.021097980653472376e-02
1.284020986961413036e-01 1.231352360047185679e-01 1.178874455809922894e-01 1.190231431253969685e-01 1.200774554251305276e-01 1.184739003223507642e-01 1.168588373903538119e-01
4.668714585039797638e-01 3.918149418965989339e-01 3.035760662335122984e-01 2.740550207666609950e-01 2.446944584558647107e-01 2.260461657723462636e-01 2.092408451996318752e-01
4.421661360399838925e-01 3.151206913674652332e-01 1.973668551321334508e-01 1.576551159051023943e-01 1.212878387797902691e-01 1.153193344110348822e-01 1.094579871114026021e-01
4.558320437659504343e-01 2.920774045277810260e-01 1.636708203335319467e-01 1.328118441693525720e-01 1.055730181547809704e-01 9.022555508004694025e-02 7.501382853584245836e-02
8.351079184329055494e-01 5.534229624199752395e-01 3.866405256175499683e-01 3.547367932922717015e-01 3.180539983110297619e-01 3.158976115324491629e-01 3.137614688859837742e-01
3.943624385886694839e-01 2.662809320237378152e-01 1.592507069992392388e-01 1.545852970775996871e-01 1.503774348903033631e-01 1.456246603207538570e-01 1.409774501562978677e-01
4.362997726493106354e-01 3.897917233625982636e-01 3.451058643203810394e-01 3.381428039143795639e-01 3.314988032314469812e-01 3.170996891948387741e-01 3.032642466198402498e-01
5.884566316032013855e-02 4.252739811202838061e-02 2.638098317840662302e-02 8.080439381248551156e-02 1.223436453614389491e-01 1.133839023135045504e-01 1.035766409709855118e-01
3.959553491594383079e-01 3.402877655365930676e-01 2.892191062453614014e-01 2.796619059419030995e-01 2.703614119464571863e-01 2.616944648722307476e-01 2.532432318313190822e-01
5.548295057020539295e-02 3.917927545961882863e-02 2.218586017988163558e-02 2.145872224996170016e-02 2.076130121435501227e-02 1.784726738266211726e-02 1.506250921128346812e-02
6.401875334459211642e-01 5.070247274017308792e-01 2.995016781747553702e-01 2.474074350444360471e-01 1.875989233117753285e-01 1.860391627358757849e-01 1.844699915273595170e-01
2.496472324971728829e-01 1.766990940616488259e-01 1.173165107878258451e-01 1.088826235421938016e-01 1.012498958306000396e-01 9.247094745239883840e-02 8.418903821557549572e-02
6.862131589272874033e-01 5.077798520009000338e-01 3.449137444043878786e-01 3.411934470302044331e-01 3.376912531716353971e-01 3.333839504356881922e-01 3.289251988631409218e-01
