4.119831416849103478e-01 3.643707648734137439e-01 3.137466685967364444e-01 2.777198899855242709e-01 2.403269586511412592e-01 2.295312060303912327e-01 2.190050437307709541e-01
3.043938403370915480e-01 2.084804088985870441e-01 1.321030596541983293e-01 1.269445389380980949e-01 1.223480203745077599e-01 1.191501000014195122e-01 1.161695706158301783e-01
4.294123270047221497e-01 3.185387183045957915e-01 2.264705094064507207e-01 2.197970979321120233e-01 2.131750276673652633e-01 1.945526393608560389e-01 1.771135237732660572e-01
1.741740475539959865e-01 1.527210302197390401e-01 1.320892757457952371e-01 1.327375809885765756e-01 1.333540816824642650e-01 1.317523349094666674e-01 1.301936554086188524e-01
4.460589420766084556e-01 2.817331687432883536e-01 1.740494018137609677e-01 1.622413178894548669e-01 1.533119022551574784e-01 1.409965605235235786e-01 1.293815420774998559e-01
2.337836317962750099e-01 1.598199466781239364e-01 1.204842385994312204e-01 1.127942491516836093e-01 1.064203968753079238e-01 1.008981422526829957e-01 9.527266501990021286e-02
2.591483697315884460e-01 2.387842195606806328e-01 2.227562517795410035e-01 2.064404780822632068e-01 1.917099282359449319e-01 1.829236585023735762e-01 1.745425565589495132e-01
0.000000000000000000e+00 0.000000000000000000e+00 0.000000000000000000e+00 0.000000000000000000e+00 0.000000000000000000e+00 0.000000000000000000e+00 0.000000000000000000e+00
4.065256796831714925e-01 2.954973409256727579e-01 1.921460884327457208e-01 1.514077363421226230e-01 1.164956975991580240e-01 1.126981327106256342e-01 1.089751580210022164e-01
3.663497436237134197e-01 2.119661947708195715e-01 5.748762534687960196e-02 4.510541008221100046e-02 3.467267396391734979e-02 3.465744507200650693e-02 3.464214640287943681e-02
3.283222456210446727e-01 1.316071999316078822e-01 4.431322841768016441e-02 5.582705742144706412e-02 6.513116531411485000e-02 6.800840003898932229e-02 7.095977858222254908e-02
3.586484511999536995e-01 1.856520299766528936e-01 4.972971265505997385e-02 4.011561725138537704e-02 3.077697156003058460e-02 3.040858477103335761e-02 3.003799128514721486e-02
7.082898536435401349e-01 4.051549723578999895e-01 1.794687907471603783e-01 1.581755446090143957e-01 1.360576908114761174e-01 1.298602989326068657e-01 1.239511720256175203e-01
4.792235368521607919e-01 3.271110451417663656e-01 1.975367372002469479e-01 1.731091439249488884e-01 1.493907732793161303e-01 1.384041392098934453e-01 1.281518152096180196e-01
5.011708397643658275e-01 3.407402346053599596e-01 1.727408181886782301e-01 1.458258178178989950e-01 1.189789779783554102e-01 1.141121267690837215e-01 1.092538590570794332e-01
4.787247266741705420e-01 3.492719897351111435e-01 2.200962456466548367e-01 2.016868190555500540e-01 1.835645686619973294e-01 1.849104916616643723e-01 1.862146443087115133e-01
2.949176905803336732e-02 2.837002249254487810e-02 2.728744516347812385e-02 2.654796676074953898e-02 2.583362897870454533e-02 2.540303081285204961e-02 2.498473472909243029e-02
6.056995547830833909e-02 4.410439327129862808e-02 2.973186374995765921e-02 5.342485280816235138e-02 6.988390061318874857e-02 6.127203199648841719e-02 5.342576683866816917e-02
3.550760791208275591e-01 2.801145645735692025e-01 2.187271020500491103e-01 1.876993886591922234e-01 1.597799877055144924e-01 1.550200638999887082e-01 1.503127831365352607e-01
2.860475427141440652e-01 2.752292307701963425e-01 2.642703905220459837e-01 2.537467563094297773e-01 2.426644335899395544e-01 2.368011479505538197e-01 2.308888031873503888e-01
5.386870908599460384e-01 3.613462953612227024e-01 1.934104315115122985e-01 1.737420990428897027e-01 1.535218285389880477e-01 1.459731444568777015e-01 1.386513010113973043e-01
3.529063368027259839e-01 2.393530175372898527e-01 1.390096707992006519e-01 1.330398874449129354e-01 1.272208476313412551e-01 1.147038146835680922e-01 1.031724034501933368e-01
4.169104059337516710e-01 3.312652652447268253e-01 2.508219839928846340e-01 2.179333528379966134e-01 1.838979732272790490e-01 1.798326449836291363e-01 1.755877542872750496e-01
5.687047657359064479e-01 4.012366671473256430e-01 2.231509089249011923e-01 1.866909407875375626e-01 1.526042162457506846e-01 1.452928224935574886e-01 1.380801625560534041e-01
3.283222456210446727e-01 1.316071999316078822e-01 4.431322841768016441e-02 5.582705742144706412e-02 6.513116531411485000e-02 6.800840003898932229e-02 7.095977858222254908e-02
3.964481717071963174e-01 2.305413976029673240e-01 8.795415874715237226e-02 7.816100136467811488e-02 6.978244841035798063e-02 6.550778424055700433e-02 6.136488047627171316e-02
2.080940942882144873e-01 1.750741735722562697e-01 1.484835788067020157e-01 1.501955781277444779e-01 1.516692310067680738e-01 1.436797684579376733e-01 1.372870166566235450e-01
1.753454605882359130e-01 1.716543631758875588e-01 1.685575475458438999e-01 1.597394465624385751e-01 1.535096333401514135e-01 1.360367961908712231e-01 1.198651379512832987e-01
1.366943696407082742e-01 1.327058435114601698e-01 1.290998645603190498e-01 1.188556806861426063e-01 1.091914226823871986e-01 1.016175372891283124e-01 9.442160705721161507e-02
9.483519410646783221e-02 8.381651138234119669e-02 7.276082814838467916e-02 7.082248323390354094e-02 6.871985869336552644e-02 6.803073949363022677e-02 6.732352453644079027e-02
1.177847079851676304e-01 9.513432424659880315e-02 7.404819835982964782e-02 7.132217714088125160e-02 6.871232150773581848e-02 6.408138242874565627e-02 5.968418478591312748e-02
4.425705620216185410e-01 2.866969363101372625e-01 1.498639361410633308e-01 1.183400985189366761e-01 8.847296168262636096e-02 8.226747710816791070e-02 7.658663957787434362e-02
4.528787771960828823e-01 2.779711993115649982e-01 1.404959619549084882e-01 1.445757339186118096e-01 1.476143233403908739e-01 1.449240020493015313e-01 1.424364190780418871e-01
4.492584462917059152e-01 4.137835409945054832e-01 3.789618409648266018e-01 3.472600886331580483e-01 3.228307911753492965e-01 3.229179485808283401e-01 3.229992941982178789e-01
3.498012984493567568e-01 2.129020328974952359e-01 8.371850350542422992e-02 7.094318535901621148e-02 5.986443322956443852e-02 5.592753961386610212e-02 5.221421142523004211e-02
1.311532897111420959e-01 1.255844910669953185e-01 1.200875258939672896e-01 1.174802972233023324e-01 1.149594975809063585e-01 1.084156146637624413e-01 1.022061372601657803e-01
4.668777437320899004e-01 3.822350096014576204e-01 2.824625448868557931e-01 2.624681925819395412e-01 2.433217710531820344e-01 2.225127152073902437e-01 2.038007114414748244e-01
4.369624045217494479e-01 2.833501625103888588e-01 1.293638285469692339e-01 1.064075210140936201e-01 8.393482907843496932e-02 7.850062343077808535e-02 7.342363925431404093e-02
4.608006939036608518e-01 3.013609372774700979e-01 1.783401799931285392e-01 1.605225711452396564e-01 1.469447922024186837e-01 1.336617360412478972e-01 1.212696003461107841e-01
8.323026351920824739e-01 4.212011265938957472e-01 2.090489107684006531e-01 1.795295809153365785e-01 1.489492147084924001e-01 1.447768547663816074e-01 1.407613234631285848e-01
2.949176905803337773e-02 2.837002249254489891e-02 2.728744516347813773e-02 2.654796676074955633e-02 2.583362897870455921e-02 2.540303081285206696e-02 2.498473472909244417e-02
4.370174404455046124e-01 3.486237844765558980e-01 2.686830529087168573e-01 2.671448410291852316e-01 2.657363243528773622e-01 2.589710869676132843e-01 2.523438911186209332e-01
6.407103442703469820e-02 4.029447091108913359e-02 1.548315283970425581e-02 1.517557130805247990e-02 1.487467670887298102e-02 1.824221400079059641e-02 2.155374171948240547e-02
3.915090743372230953e-01 3.139046107271374897e-01 2.459399998168846635e-01 2.109869634889880718e-01 1.785148552027133739e-01 1.695758716332657345e-01 1.610065378000404279e-01
6.609520838249895169e-02 5.180802372700275826e-02 3.911359209768609096e-02 5.737910500152237914e-02 7.066407960873079264e-02 6.189689339675170932e-02 5.387063858678185768e-02
6.428376661583016238e-01 4.273526264284754905e-01 1.678856046378683908e-01 1.309109823435500586e-01 1.040905278134329343e-01 1.031960574492883642e-01 1.023309765980083691e-01
2.453087134707790107e-01 1.765634963959139825e-01 1.152510045545614009e-01 9.766170002350481327e-02 8.097705640610926292e-02 7.972795135907764785e-02 7.849648530570228766e-02
6.674067173688471577e-01 4.785069954825503236e-01 2.960663905772377702e-01 2.964629145369894747e-01 2.968489277429399720e-01 2.988715555650819922e-01 3.010197454470435741e-01
