3.145154161178294938e+00 3.094566442409932616e+00 3.167154244538408658e+00 3.278589683501790919e+00 3.435227976759092972e+00 3.450464110043264920e+00 3.526639595883578782e+00
3.923645978556643321e+00 3.911217441719304411e+00 3.928737163082485662e+00 4.265371609674621922e+00 4.181989778301717031e+00 4.023750645299818629e+00 3.927506256699002662e+00
2.532830072294196988e+00 3.358653440084197417e+00 2.191503441233664695e+00 2.105890573375426733e+00 2.108319679289410331e+00 2.095342914559090719e+00 2.070884152775071652e+00
4.328937820063204711e+00 4.455202109013095324e+00 4.386777519776543066e+00 5.274694064467023935e+00 5.260160120805132067e+00 6.200097061300559709e+00 6.065642304194352796e+00
1.490241455526292391e+00 1.399386047564801672e+00 1.360699528102799594e+00 1.317348917347697101e+00 1.296771580110050559e+00 1.142833963096252736e+00 1.124780627527768528e+00
1.468314082228528328e+00 1.455490287249693759e+00 1.456434485302883663e+00 1.481432847702203848e+00 1.473113657424937051e+00 1.468755434560208295e+00 1.474615858170777560e+00
4.721170325849068372e-01 6.750522411495545050e-02 5.945127596688868504e-02 5.586576461243451808e-02 5.575712182527809563e-02 5.574072012988687264e-02 5.551635555537113437e-02
1.505217839209665343e+00 1.371129013982008704e+00 1.231135942453940091e+00 1.182343327472097805e+00 1.171739273369466039e+00 1.161197455797922995e+00 1.152769644682443362e+00
1.031169858688768759e+00 7.862555804901876222e-01 7.430806497575629388e-01 7.402400202669675577e-01 7.288270509069660896e-01 7.223833365940360851e-01 7.168604337217636679e-01
2.188130940953048054e+00 2.403748800848178213e+00 2.393231658735444078e+00 2.417560758975140889e+00 2.433264024575708451e+00 2.432464605523499301e+00 2.481165154695694763e+00
1.436624514096051186e+01 1.460037741720425153e+01 1.377003408072504698e+01 1.384434480656331878e+01 1.377085774019306008e+01 1.068460316467803395e+01 1.064088621956213743e+01
1.534143514709893630e+00 1.261412020245007648e+00 1.219412686416541325e+00 1.166063729765957513e+00 1.131294943148326126e+00 1.130909240737570487e+00 1.127162132806793560e+00
1.207350814543418638e+00 3.918412320868197019e-01 3.938733852233293198e-01 3.974516326833657520e-01 3.247295612710749402e-01 3.252976994638501207e-01 3.096412419686902506e-01
1.102230174535537177e+00 9.689059051929367339e-01 8.549816448788434275e-01 8.299573045874124588e-01 8.577342643653760312e-01 8.583501706207584681e-01 8.909794738357625921e-01
9.805210849266801088e-01 3.450154161612369874e-01 3.443719174655027193e-01 3.447694799068086735e-01 3.094349155356979075e-01 3.128378947418852807e-01 3.152484474144003901e-01
2.800563084662976987e+00 1.836783517951461997e+00 1.117254501996235216e+00 1.101185531998149392e+00 1.025446211991435819e+00 1.023230136098975063e+00 1.021529476119590996e+00
1.403301810537691541e+00 8.590328109486737862e-01 8.530303148346960462e-01 8.501308502642611620e-01 8.508231436551367821e-01 8.467333044424463218e-01 8.460098569807691371e-01
7.912640365121422548e+00 8.281239584209737714e+00 8.377125602543117111e+00 8.950674236869634370e+00 8.540950235938041146e+00 8.436602546429297078e+00 7.654827460630592384e+00
2.729646723055866531e+00 2.698095084500757412e+00 2.588787628343630853e+00 2.380093387000843830e+00 2.200217312377766188e+00 1.879945965281087927e+00 1.707035219905608470e+00
1.267151795856488405e+00 1.254266171968011934e+00 1.243870711134961393e+00 1.001184015917916614e+00 9.937196421225104048e-01 9.822756644600542097e-01 8.836037458690317870e-01
1.554020019503747019e+00 7.641068606270435826e-01 6.852120416373248535e-01 6.749802520692589347e-01 6.600737642113970738e-01 6.321684308030736110e-01 6.278593263924634460e-01
1.262899514573129434e+00 8.879348512321024733e-01 8.501867413008120655e-01 8.229510115522858937e-01 8.302561593800922290e-01 8.118987392713273854e-01 7.945005501724228258e-01
1.250774171615251840e+00 4.369970711363872495e-01 3.961076444257240481e-01 3.743412183989180408e-01 3.687578683958562809e-01 3.652947937856483307e-01 3.409691931946444154e-01
2.000488503665375895e+00 1.392691605382116560e+00 1.062159897375931195e+00 1.036360245546632530e+00 9.150426207465659489e-01 7.975414547996542147e-01 7.032553159618634142e-01
9.844946413390971429e+00 5.074034777558599885e+00 4.968744278162320782e+00 4.922072348867131630e+00 4.930507387923887208e+00 4.601045680725786013e+00 4.465362031640476737e+00
1.725602121820541734e+00 1.266676658598585803e+00 1.263022337449704491e+00 1.239617792315623301e+00 1.030790805138725563e+00 1.007401352668892969e+00 9.962696136526195678e-01
3.444805363853757019e+00 3.649996400390377982e+00 3.512324926028101313e+00 3.576587920103747376e+00 3.621331401132759975e+00 3.619929733666346738e+00 3.688605403836685781e+00
4.354078887603024306e+00 4.239628726752818544e+00 4.295039384275916916e+00 4.223975177605964859e+00 4.220551283677567156e+00 4.081264517932496005e+00 4.088764551153714955e+00
1.341757451574980164e+00 1.201146993644782945e+00 1.184711942313070088e+00 1.109387250000271719e+00 1.054489357649253112e+00 1.050263526093375699e+00 9.951791780507224239e-01
7.162758306005808651e-01 1.550079496005728197e-01 1.518000897421081519e-01 1.464654019234607751e-01 1.370735263068300624e-01 1.264650897910275240e-01 1.218098628237591075e-01
5.035691164853678181e+00 4.842478451639209425e+00 4.845946052384527469e+00 4.738290844313187478e+00 4.675405310888110400e+00 4.621374968428148655e+00 4.510468452300073317e+00
2.251261174252022990e+00 2.260706618525540446e+00 2.020254420242230786e+00 1.984771686512130984e+00 1.928090004499988019e+00 1.925009953567116128e+00 1.869423303630590727e+00
1.782119201625334881e+00 1.147650249920086907e+00 9.601194163817384775e-01 7.985100589849803976e-01 6.548105093567158086e-01 6.398509038957868045e-01 5.703365657512801112e-01
1.160040379107630582e+00 7.849939986201337483e-01 7.237606033157015784e-01 7.178818462632364783e-01 7.028164358339732409e-01 7.035972158518513098e-01 6.916771609795965281e-01
1.009383472736486320e+00 6.387117066341273519e-01 6.179204952906008907e-01 5.964001620298412520e-01 5.383207734951890311e-01 5.060345133020069941e-01 5.000502316576099782e-01
1.359672325406313576e+01 1.374276013838218091e+01 1.355925023608224755e+01 1.373318348802895095e+01 1.375359612998943781e+01 1.378207734225557068e+01 1.380144115315654929e+01
1.664823378321337088e+00 1.602418300656736516e+00 1.576826446045594077e+00 1.571243237173654217e+00 1.574717916109944493e+00 1.568505435927201708e+00 1.575371552619186932e+00
2.341593538927445817e+00 1.776701815796506878e+00 1.672315259070234150e+00 1.640390585630040698e+00 1.508692216882252524e+00 1.467062127642967617e+00 1.428835322573611455e+00
6.192773324422163661e+00 6.498136880238711832e+00 6.776917540194197898e+00 6.646646164633162712e+00 6.098037680525384197e+00 5.458349482239579054e+00 5.925729504858600727e+00
3.853627183045420512e+00 3.354484971233421486e+00 3.498699155099533442e+00 3.451310052833722164e+00 3.286605109502540589e+00 3.258203230035377373e+00 3.087238187585304772e+00
6.753477220251841162e-01 4.502739653157377120e-01 4.197734862970861069e-01 4.144244420326996248e-01 3.911447275354809627e-01 3.784342939599745770e-01 3.578391947624235958e-01
2.079441762927875637e+00 2.111917875529253585e+00 2.081499400147335699e+00 2.123000280076701163e+00 2.118020056762493386e+00 2.155535394199569410e+00 2.195880128756998229e+00
1.094276356388434790e+00 1.202169830785594140e+00 1.105316319275466697e+00 1.125390531457666654e+00 1.106029804763206226e+00 1.167943536376414571e+00 1.133445973592301925e+00
1.505217839209665343e+00 1.371129013982008704e+00 1.231135942453940091e+00 1.182343327472097805e+00 1.171739273369466039e+00 1.161197455797922995e+00 1.152769644682443362e+00
1.682932170259778104e+01 1.625317119267125321e+01 1.607869399425979395e+01 1.608156529123832001e+01 1.613220394520574530e+01 1.598136712033550211e+01 1.596796951002681908e+01
2.136060647737396234e+00 3.451098063081703415e+00 3.444004692675088464e+00 3.514031453813632577e+00 3.502238752965564750e+00 3.488991451043860437e+00 3.470303538830985968e+00
1.967756765183868994e+00 1.045142164028942000e+00 1.042468065659201137e+00 1.016399868372534598e+00 9.572014048265827801e-01 9.483398062998353861e-01 9.051162326753128262e-01
1.682296013656089828e+00 7.838854350880510857e-01 6.943241560875718088e-01 5.697103697838959979e-01 5.903917572182820761e-01 4.328872176288617868e-01 4.543821880503096100e-01
