3.868250057861379876e+00 3.822270241782668165e+00 3.774730304814853721e+00 3.698433867918414109e+00 3.624809345606006872e+00 3.427305135425874560e+00 3.249091969723389095e+00
1.866221401943244373e+01 1.745209681151537140e+01 1.648201645040208874e+01 1.479727119695069426e+01 1.330432210691579975e+01 1.233443742296940293e+01 1.144114236952549390e+01
2.739986943561672827e+00 2.240662498344937248e+00 1.852577313368513057e+00 1.752075047818665299e+00 1.659469990331065681e+00 1.582708551376464490e+00 1.509426502720110586e+00
1.099853881722859938e+01 1.329887336916360496e+01 1.557145916621815829e+01 1.695883375428273254e+01 1.825826155158888042e+01 1.806746138938989787e+01 1.788231563095297716e+01
4.592537415281523039e+00 3.672422214610178592e+00 2.907259596240383104e+00 2.469628390128715267e+00 2.126382328703732671e+00 1.924231043539043728e+00 1.746646872143559515e+00
1.320656472390542568e-01 1.091246864390920529e-01 9.449965937615732725e-02 1.727031945675400471e-01 2.211993360820560250e-01 2.382265826161214239e-01 2.521606105665702424e-01
9.536860974268223101e-01 9.076105262113430827e-01 8.664149985773361706e-01 8.121754956670559356e-01 7.640723769285240330e-01 7.260951831339225171e-01 6.900450933255437569e-01
0.000000000000000000e+00 0.000000000000000000e+00 0.000000000000000000e+00 0.000000000000000000e+00 0.000000000000000000e+00 0.000000000000000000e+00 0.000000000000000000e+00
5.051438594406540084e+00 4.626935878089588172e+00 4.246858090095910754e+00 3.637620954341103996e+00 3.182717228709916135e+00 3.086040398245280425e+00 2.994743358510689291e+00
2.348023272645021642e+00 1.763554640906254578e+00 1.301564114984554044e+00 1.183110083557317616e+00 1.075777508000115290e+00 1.062093963198935009e+00 1.048198985714183795e+00
2.280555185919334704e+00 1.399924439778808871e+00 9.351669517797090991e-01 8.707352620050696768e-01 8.170269807689445329e-01 7.100697579177764895e-01 6.247150237349318180e-01
1.699373461265853980e+00 1.144143156343409906e+00 7.399129000595593419e-01 6.691648783681730661e-01 6.045569775098484921e-01 5.595115336197019618e-01 5.183042434008200416e-01
2.170051942453959715e+00 1.512993262567154051e+00 9.993637502455847699e-01 9.428908673621846370e-01 8.869661679531243292e-01 8.724409033433399019e-01 8.580374335568485833e-01
4.842686057198295480e+00 4.250055369521933635e+00 3.746200960779028311e+00 3.408466101835599726e+00 3.119164185477648399e+00 2.829135279410044390e+00 2.583950341011838514e+00
1.255944085811942834e+00 9.357494961745842499e-01 5.903546584144463427e-01 5.183888391171076471e-01 4.515852803014403505e-01 3.761416994342585141e-01 3.172725274999113609e-01
2.893063119553521023e+00 2.664423454209403630e+00 2.422187090220127459e+00 2.427038449036801104e+00 2.432228042475731655e+00 2.375219925909991314e+00 2.320126269789933193e+00
1.116546251428288450e+00 7.839447447561860294e-01 5.390543097411841789e-01 4.604027297567175325e-01 3.945800742991116827e-01 3.732802828107386617e-01 3.540286875756442631e-01
1.821279663009332239e+01 1.832069751715342321e+01 1.843585323529804398e+01 1.699957796821420430e+01 1.579946070588890095e+01 1.470102500620422070e+01 1.373248519344968166e+01
3.239406299877381823e+00 3.084742681399453179e+00 2.938489228385541718e+00 2.833243852688097864e+00 2.733176299991357805e+00 2.655528618036398836e+00 2.580566835779700696e+00
8.628530643820271351e-01 8.534347365129549834e-01 8.438395085979367716e-01 8.560545439058628858e-01 8.689804722025687989e-01 8.611395101568031230e-01 8.531523794570746722e-01
3.666694097836748156e+00 3.027114821947161527e+00 2.476367677392226074e+00 2.105515577105312897e+00 1.804783178049007564e+00 1.698114433706759963e+00 1.603116741102262877e+00
3.320645529183054112e+00 3.058323673522379327e+00 2.806662914886721705e+00 2.644269013921975553e+00 2.494534576841704432e+00 2.388017806434983736e+00 2.288173827375001856e+00
8.433805437877346378e+00 8.120559529833814238e+00 7.819921678212019778e+00 8.102027427715260188e+00 8.398754188567771450e+00 8.226341174016001290e+00 8.060496207157308746e+00
5.287121434554030941e+00 4.972192568168913418e+00 4.639799535054987878e+00 4.043502174286495610e+00 3.567400454340399651e+00 3.172501914115925636e+00 2.846835672551454977e+00
1.617960813763203332e+00 9.875079997487508088e-01 5.270717904479870208e-01 4.824928470097631372e-01 4.460839830171635656e-01 4.133088984390653753e-01 3.847271665431212795e-01
1.214529594862855166e+00 7.430979900195165966e-01 4.044724254143107767e-01 3.235234004184406320e-01 2.649992579876425114e-01 2.448187496629268267e-01 2.266286807530770442e-01
1.794300576866121588e+01 1.675339702304470180e+01 1.564730478068809028e+01 1.733314905347638302e+01 1.891526068258897908e+01 1.574252772241261944e+01 1.337370295175554169e+01
1.197654310883268458e+00 1.118043282508792702e+00 1.048322676312233082e+00 8.711101634089033485e-01 7.428849494942367793e-01 6.804581162380612946e-01 6.230614835299250753e-01
5.739649178258961371e+00 5.546617184161124925e+00 5.370381606939280239e+00 5.216146622744945560e+00 5.072863817745612458e+00 4.870559346281709168e+00 4.683709409944541768e+00
1.077034903614728023e+01 1.029395601613989264e+01 9.808304003647913660e+00 1.001637175039587291e+01 1.022168216637514959e+01 8.859471644185303418e+00 7.673495177759761532e+00
8.917547780101389154e-01 8.213804233512452813e-01 7.611404096524487795e-01 7.148083858461691253e-01 6.740881049323670382e-01 6.526688257836530394e-01 6.326665603237880964e-01
5.718399714372115916e+00 5.530426473697368728e+00 5.341506470174341992e+00 5.116629656698159501e+00 4.906578080025506772e+00 4.596890423101562817e+00 4.317871608716372656e+00
5.855365950902321259e+00 5.326719291665039435e+00 4.787243767092840052e+00 4.563893406032389244e+00 4.365147581791071651e+00 3.831622293994687567e+00 3.354847524786143786e+00
1.531562922821072315e+00 1.384325760651950121e+00 1.241380339191504367e+00 1.184595512342403456e+00 1.127722476918392669e+00 1.072701112256079670e+00 1.022154925205564835e+00
3.084376783641226361e+00 2.491753790989592154e+00 1.984352131942878739e+00 1.766844624579990697e+00 1.580481776252502746e+00 1.539074046055622036e+00 1.497741872501458849e+00
5.762348039541104860e+00 5.883192507888080236e+00 6.006297522174219417e+00 5.909391110298989780e+00 5.822790213372623924e+00 5.753010132844888602e+00 5.685286874744777563e+00
1.937857440481045135e+00 1.809819818460137286e+00 1.651768152120809852e+00 1.581349539554969263e+00 1.514960196707885398e+00 1.411894437806322289e+00 1.319457700812590506e+00
5.835190820255565569e+00 5.324725462452051694e+00 4.844159359036010137e+00 4.633292432815710349e+00 4.433397238981636512e+00 4.277264204700302663e+00 4.128055875204840852e+00
1.487169370786109113e+00 1.082862915424799066e+00 7.459932347573045019e-01 5.565649208296630235e-01 4.161268874332866852e-01 3.601910718723417282e-01 3.098454608535406440e-01
4.153265575547669286e+00 2.735792768091995342e+00 1.925487472673038658e+00 1.905556207736337493e+00 1.883967305913641699e+00 1.828754485337802382e+00 1.775978449174497209e+00
2.718466987623738618e+00 2.219251509788569887e+00 1.806723020413102621e+00 1.578650198038166641e+00 1.394607181129480011e+00 1.291649054890320336e+00 1.200723889417625090e+00
1.696391005211942726e+01 1.700578620220732518e+01 1.704482376843305502e+01 1.649202097580175064e+01 1.598430908860774480e+01 1.472442554530736913e+01 1.358514407466142337e+01
3.425179366775318979e+00 3.330248443952910975e+00 3.238088300303390454e+00 2.925828587865189068e+00 2.681784070212301252e+00 2.569106581111261445e+00 2.462572258889053067e+00
2.039390031162314099e+00 1.848997361351833568e+00 1.676159401830441542e+00 1.561195318418291400e+00 1.456112817326594477e+00 1.381716967781719818e+00 1.313149725978453253e+00
6.411557778094239879e+00 6.427637498338332200e+00 6.444729121926548565e+00 6.012025750918252420e+00 5.647340262289515245e+00 5.319680252962348810e+00 5.025212872796728014e+00
4.124040709401652016e+00 4.338344614699884083e+00 4.680149360627700261e+00 4.222746643778102715e+00 3.850745680857565301e+00 3.635832431165188172e+00 3.442151146682085994e+00
4.090699263780767758e+00 3.722849061641578139e+00 3.394646860161547597e+00 3.066239670106949422e+00 2.790107634949896109e+00 2.600113571703822846e+00 2.429455340813217123e+00
2.352983817948841594e+00 1.825540852197914843e+00 1.355724072424564053e+00 1.367977777726575805e+00 1.378418401699759155e+00 1.254142982274731422e+00 1.145649811875744106e+00
