3.981511963238306695e+00 3.958636747555161151e+00 3.934771443212640385e+00 3.811135687010810624e+00 3.696830650167496568e+00 3.477284057815897444e+00 3.276338353561011996e+00
1.899716679499439920e+01 1.843525947134996557e+01 1.795432184006528331e+01 1.587022032946402916e+01 1.416480180453638837e+01 1.322665449878246413e+01 1.237298184459269024e+01
2.837095715984649047e+00 2.560854866756233417e+00 2.308740302791103982e+00 2.188633759419409408e+00 2.076411788364219468e+00 2.055190362500320056e+00 2.033609375031653954e+00
1.115908243381950271e+01 1.325517530285205758e+01 1.525898502680308688e+01 1.633142051276360718e+01 1.729831678345625789e+01 1.698524013547520894e+01 1.669148421545701666e+01
1.630873456510914821e+01 1.023636491589122421e+01 6.749139268454238838e+00 6.275347663900098460e+00 5.883946997461097617e+00 5.811291429135228448e+00 5.736271013094261129e+00
1.163495568816881737e-01 8.968444860842554600e-02 7.746301810792899367e-02 9.307858085121399616e-02 1.062283683917122079e-01 8.840959101445079737e-02 7.165675730009529731e-02
9.700138851897769365e-01 8.763603662647233561e-01 7.990637563382663178e-01 7.172701546460308331e-01 6.491359147932675988e-01 5.515494217546507150e-01 4.768784796973265516e-01
0.000000000000000000e+00 0.000000000000000000e+00 0.000000000000000000e+00 0.000000000000000000e+00 0.000000000000000000e+00 0.000000000000000000e+00 0.000000000000000000e+00
5.151746262627898254e+00 4.629370807265808629e+00 4.171116620429780930e+00 3.880273644823910129e+00 3.633998703806175623e+00 3.451552762472652081e+00 3.280512298995884812e+00
2.402019456876278714e+00 2.096121026886223593e+00 1.777073210381287183e+00 1.585325979512019146e+00 1.429710479966125103e+00 1.306853882228985020e+00 1.193435598582104129e+00
2.266705186611590150e+00 1.195865935268840774e+00 7.197787213621656965e-01 7.098300528230110373e-01 7.005059361139853724e-01 5.818455764432863830e-01 4.912123020278996721e-01
1.108535964483495340e+00 7.240335928727570369e-01 3.841063866377233960e-01 3.527757112012470109e-01 3.222799409734481424e-01 3.205853342867397981e-01 3.188852207230755131e-01
2.192791782577106829e+00 1.393912142183730607e+00 8.501296030043893337e-01 8.319833175762008093e-01 8.131637811389501591e-01 7.685127375026641339e-01 7.276391526278529476e-01
4.956231726353384381e+00 4.698974845721760829e+00 4.444399743757691645e+00 4.201102861983049941e+00 3.971987925548578158e+00 3.877672370814262415e+00 3.786928416084146320e+00
1.274129035730628745e+00 9.178043244032781933e-01 5.466892569370498389e-01 5.056697307152285825e-01 4.631163089850193204e-01 4.095444231161506909e-01 3.647504285358554310e-01
2.928663203005733795e+00 2.576393271937590157e+00 2.230211500899242694e+00 2.142080156198729490e+00 2.062978398566875260e+00 1.846996375262811130e+00 1.665536136435455061e+00
8.991592515095522264e-01 8.823610473536273036e-01 8.661553933173175013e-01 8.503848303944463449e-01 8.351788523766319194e-01 6.793088431279548089e-01 5.273438041478449856e-01
1.807673424314688049e+01 1.708237478067578508e+01 1.608936002034393553e+01 1.451700202384325955e+01 1.322857485675871381e+01 1.107153847153409032e+01 9.514476435466770354e+00
3.340416840348417793e+00 2.839457592182433654e+00 2.443739864194153011e+00 2.160873395118470874e+00 1.937459095884613847e+00 1.834584574337346341e+00 1.739606247008106177e+00
8.519862887849899424e-01 8.352760346430003757e-01 8.188822382036611280e-01 8.492095123632983356e-01 8.831561527406646128e-01 8.411500920751934229e-01 7.977220482188603912e-01
3.735805895289904921e+00 2.912482801147204814e+00 2.233137567315830019e+00 2.126609695180041726e+00 2.024566336250239740e+00 1.889623863962310191e+00 1.769795947798540769e+00
3.381639933888956673e+00 3.325757496735495256e+00 3.264020245629748906e+00 3.059367682265246913e+00 2.874787179510951418e+00 2.759810466577582222e+00 2.651450122296555634e+00
8.760910842931677323e+00 7.849332185582989396e+00 7.083274222415684385e+00 7.291794619001018773e+00 7.505785084358230108e+00 7.439520234238034213e+00 7.373075198822433229e+00
5.519624198334400766e+00 5.344970568339911132e+00 5.147655643053138164e+00 4.814616686592168904e+00 4.506550378698744197e+00 4.266025564921889668e+00 4.038517435409466394e+00
2.281042369484838517e+00 1.285025240673161262e+00 7.130349506344175747e-01 7.019968131453069304e-01 6.928781746385120899e-01 6.948942988983866087e-01 6.969760454768135771e-01
1.188855982362589936e+00 7.728068374562453435e-01 4.478989499242238548e-01 4.049197038659508308e-01 3.669748161650345231e-01 3.511038235571395383e-01 3.354906848359688887e-01
4.903181039106750916e+01 2.521208765777606686e+01 1.578889490651992311e+01 1.556735847241719206e+01 1.534861499057960188e+01 1.184080361066960663e+01 9.443264076963000520e+00
1.203242389718519822e+00 1.038181835708749556e+00 9.114059184019130955e-01 8.013781927359275858e-01 7.357806466742728979e-01 6.320846899905704364e-01 5.555145100083157539e-01
5.806564445633679128e+00 5.553073713176472026e+00 5.326583035117661957e+00 5.120541664606954591e+00 4.932098032451716740e+00 4.690462087794968760e+00 4.469082705617388740e+00
1.072108858018974864e+01 9.926413661995592719e+00 9.149347085344031072e+00 9.167604672033178304e+00 9.185273436609797670e+00 8.618702197190797776e+00 8.080647374936164695e+00
1.211415881665175664e+00 1.088814517165780815e+00 9.887486955826658708e-01 8.933928562754762659e-01 8.451172483433935234e-01 7.282698298124641312e-01 6.267269822045937744e-01
5.841214198558490445e+00 5.061497526879044528e+00 4.416141248260171182e+00 4.139627266898842528e+00 3.893269785741415134e+00 3.812556888576415837e+00 3.734690547352253809e+00
1.339305214660837962e+01 1.162463082794657332e+01 1.008984436397404849e+01 8.325305508177596181e+00 7.134321315842764299e+00 6.159172774570273567e+00 5.369982302987327039e+00
1.545791071765909575e+00 1.332623958955265975e+00 1.145232213385641185e+00 1.016730728215077040e+00 9.340735687457100145e-01 8.767161186532180794e-01 8.297657375862094176e-01
3.227793595522241432e+00 2.792953404445801535e+00 2.375323743507468777e+00 2.114958512386879708e+00 1.889763106032741113e+00 1.744583687321194398e+00 1.611092130146801304e+00
7.785208364633381173e+00 8.084872297553731713e+00 8.400122181025075463e+00 7.109629391050038549e+00 6.223426620786974617e+00 6.261402839712959967e+00 6.302208967034599318e+00
1.950088662500747860e+00 1.793401598237004846e+00 1.606736138392306668e+00 1.540390978358568752e+00 1.478823953147098580e+00 1.345660608332984953e+00 1.229261510933008950e+00
5.941427120887267321e+00 5.529398133664176207e+00 5.124041179086820996e+00 5.015142521227351047e+00 4.911521996117484967e+00 4.768452132626187279e+00 4.629876848995785998e+00
1.447109844105333609e+00 1.059318135469851097e+00 7.364843051762308690e-01 5.924421885765684959e-01 4.749397634839319093e-01 4.104438232253831420e-01 3.518972675608879608e-01
4.122483976768808844e+00 2.592227542782394867e+00 1.761301513146487752e+00 1.703543376935415576e+00 1.647466973144203095e+00 1.605091891230694845e+00 1.564665489709954338e+00
8.991592515095527816e-01 8.823610473536278587e-01 8.661553933173180564e-01 8.503848303944469000e-01 8.351788523766323635e-01 6.793088431279552530e-01 5.273438041478454297e-01
1.734949448533405914e+01 1.722518378325809607e+01 1.711066729331951919e+01 1.615085091919622684e+01 1.534237128887124690e+01 1.461000693674109918e+01 1.391866373550444003e+01
3.383473646473690977e+00 3.181308466196424600e+00 3.000283978987870359e+00 2.321063012686761518e+00 1.931958182077033959e+00 1.541038354637380925e+00 1.275978473695174920e+00
2.107008422306957840e+00 1.832603102267886586e+00 1.600605821953760666e+00 1.421253225305290524e+00 1.275980621590011355e+00 1.175005913908683253e+00 1.085345079099959698e+00
6.345529771920370266e+00 6.048200742198397428e+00 5.748722553282702208e+00 5.128627066524624745e+00 4.635819298361652407e+00 4.009228866604563457e+00 3.527501820919447528e+00
4.211035985305591645e+00 3.784957320268068415e+00 3.287381926179821168e+00 2.661024265462843541e+00 2.239156491045275477e+00 2.130033626777519284e+00 2.030501256844266411e+00
4.142993845895325933e+00 3.764625149679026173e+00 3.426985014607410562e+00 3.213688301978107287e+00 3.013886160545482529e+00 2.982001695430086308e+00 2.950310657777974299e+00
2.390112901080977625e+00 1.850913682178129571e+00 1.347888182800065282e+00 1.432473455456203526e+00 1.512505434281904870e+00 1.515719224247950248e+00 1.519071301169267585e+00
