3.861868619558020299e+00 3.895393389366355485e+00 3.930084044065232263e+00 3.894838850607459602e+00 3.861594379114583475e+00 3.726466165353554238e+00 3.601632493285794379e+00
1.860340886884923961e+01 1.812376325382405895e+01 1.771240303156026741e+01 1.606853681124928102e+01 1.461521700737734619e+01 1.323601714336994384e+01 1.200356305434399395e+01
2.742423643080302842e+00 2.302823700713050759e+00 1.949268946552540349e+00 1.794482343408721592e+00 1.664245789065748049e+00 1.615215573060444498e+00 1.567541426111258573e+00
1.103603374396972825e+01 1.327422568600086095e+01 1.545100050104503175e+01 1.698018920028982848e+01 1.840838104853490265e+01 1.853170773288167084e+01 1.865538063272772362e+01
4.606206096353094637e+00 3.785230541931215331e+00 3.118416799398660011e+00 2.792637998782584230e+00 2.522984584625833637e+00 2.243121679825296422e+00 2.000781466400527897e+00
1.527155116817067726e-01 1.301799824754076296e-01 1.156495909008588147e-01 1.948028846033290351e-01 2.408417953883008056e-01 2.639446034971954513e-01 2.828177752773092801e-01
9.528819129478230954e-01 8.985406055365242617e-01 8.516553963418933559e-01 8.068470082422394274e-01 7.668445530069791793e-01 7.304195369564366880e-01 6.964920109744484611e-01
0.000000000000000000e+00 0.000000000000000000e+00 0.000000000000000000e+00 0.000000000000000000e+00 0.000000000000000000e+00 0.000000000000000000e+00 0.000000000000000000e+00
5.049458423386471217e+00 4.892849910334567731e+00 4.741079746342510504e+00 4.125730941973559496e+00 3.672714483195221202e+00 3.455535859782617347e+00 3.262883067673607140e+00
2.351143054977990587e+00 2.094202581891968507e+00 1.850184303934061969e+00 1.583622993993135664e+00 1.370924071346535156e+00 1.327471307371833609e+00 1.286153094768893723e+00
2.291111810001809523e+00 1.655618248332254794e+00 1.253498013136858935e+00 1.063488641798528755e+00 9.318019719655675770e-01 8.264994072204233655e-01 7.408859181311966413e-01
1.705222575159817122e+00 1.194211149186094056e+00 8.207194303269665925e-01 7.523986898280872193e-01 6.884589216401214573e-01 6.751366851367320843e-01 6.622841982574784181e-01
2.169816111925026547e+00 1.558782598694398613e+00 1.103808268089216726e+00 1.063866902016121108e+00 1.023583048014034214e+00 1.038319873810324534e+00 1.052572905722889640e+00
4.847541252270159973e+00 4.311657933024693357e+00 3.856270098670147028e+00 3.380480785576741365e+00 3.017169582125077909e+00 2.829582752245697108e+00 2.664776036648115465e+00
1.260462509356178984e+00 9.977542788272414365e-01 7.342527282582582693e-01 6.291862274706536695e-01 5.374867375828228377e-01 5.259498467319505544e-01 5.157738616271588805e-01
2.888927894564917054e+00 2.666285434322301917e+00 2.457545753430269375e+00 2.484338179021646997e+00 2.512888878565759931e+00 2.509046139972334721e+00 2.505267536706028864e+00
1.115077739818221891e+00 8.343679026096141316e-01 6.261825425412690382e-01 5.662459366432618380e-01 5.094772970496925790e-01 4.875949123376810967e-01 4.673556244979693575e-01
1.821041632988582748e+01 1.838772900928915988e+01 1.857198720673531156e+01 1.777007231352995831e+01 1.705659599215140787e+01 1.571927703783480545e+01 1.459084094210602878e+01
3.240872517383378337e+00 3.153680942130903109e+00 3.068814098252470757e+00 3.072448348756917191e+00 3.076075043735216230e+00 3.024357583693988882e+00 2.974709892750743379e+00
8.628353072654640910e-01 8.520165521725669988e-01 8.411749947605738909e-01 8.529044937582194175e-01 8.650989001615557727e-01 8.443934111248244667e-01 8.242065887409983915e-01
3.662967877715430642e+00 3.093773255232516561e+00 2.611309006954432466e+00 2.370484551266485163e+00 2.169797693112854642e+00 2.027491437509528538e+00 1.904690249666143309e+00
3.328998234712692295e+00 3.125694513592226276e+00 2.928611086968673671e+00 2.748437505253257029e+00 2.593036725979909196e+00 2.549630862276905052e+00 2.507393796261673469e+00
8.410537717981819483e+00 8.034494634254908618e+00 7.684863982690994355e+00 8.299535611638447108e+00 8.981254954380938571e+00 9.252885384598091179e+00 9.536940493855615486e+00
5.282025884083018319e+00 5.008489930276283530e+00 4.723566913639682951e+00 4.039254567129447082e+00 3.516025316491538266e+00 3.228223312268021505e+00 2.984742829701437561e+00
1.626340362955243313e+00 1.037572603491027756e+00 6.205271347127726544e-01 5.894842349372380053e-01 5.643570116302273343e-01 5.427676832846749511e-01 5.240339751538810598e-01
1.223200803920318824e+00 7.735281494740672281e-01 4.524226773067565599e-01 4.092566892179809734e-01 3.727731563311157958e-01 3.364575769371624947e-01 3.059658675212972301e-01
1.792714884172745471e+01 1.770951062380150987e+01 1.748900221091655993e+01 1.705918447953662920e+01 1.674820528211555271e+01 1.416083187897414675e+01 1.222607352842011608e+01
1.160495198866002164e+00 1.089878314282162197e+00 1.027383446767093256e+00 8.803684627634795756e-01 7.688670128764376610e-01 7.130620724926830523e-01 6.594882431597040018e-01
5.755639829646186811e+00 5.511458696524502265e+00 5.293965499218661108e+00 5.136359814612179164e+00 4.989280124352007739e+00 4.855419920037323145e+00 4.728564236874525761e+00
1.083328510720775029e+01 1.059657012424156619e+01 1.035654458915496434e+01 1.050555061600893225e+01 1.064989010834691108e+01 1.050322037662972896e+01 1.036149635050205298e+01
9.527372151813652268e-01 8.560112220608341316e-01 7.738664862758927177e-01 7.322027485526551027e-01 6.952761468423890312e-01 6.876131917561266738e-01 6.802912875082246513e-01
5.722512993333348064e+00 5.584441063689529194e+00 5.445450988188924590e+00 5.546486946844823684e+00 5.651916486064733292e+00 5.517357441053209577e+00 5.388964780090783613e+00
5.880907980340460917e+00 5.558127754703241052e+00 5.235451219802846445e+00 4.933970221370417519e+00 4.674564300251982552e+00 4.449638043618521444e+00 4.246892634536386879e+00
1.529512342967016103e+00 1.458265737714034449e+00 1.387540175984771862e+00 1.315149676182779892e+00 1.250172567656514966e+00 1.257297964491932651e+00 1.264193858284727856e+00
3.093396418077389409e+00 2.583464254380271719e+00 2.138598686046188746e+00 1.958439785290434720e+00 1.800410893306412685e+00 1.760136743521555802e+00 1.721830799170691151e+00
5.760265814188207933e+00 5.842941879250298953e+00 5.924113600208735342e+00 5.926564963714290535e+00 5.928820762340953898e+00 5.779166472340452110e+00 5.637150924083863757e+00
1.939072939789955763e+00 1.828470765247299790e+00 1.699338871840016196e+00 1.642056496722412051e+00 1.588200730107704794e+00 1.495070276882539462e+00 1.413672015857503794e+00
5.833535668321225387e+00 5.622859213013630786e+00 5.413854028884336422e+00 5.190619148032633134e+00 4.981226686450883179e+00 4.827363485715570945e+00 4.681928326299299670e+00
1.495797760679440147e+00 1.142117848378291223e+00 8.509727012854563233e-01 7.204419668197727944e-01 6.105355649591719391e-01 5.054834730422962386e-01 4.165564152010421961e-01
4.156586049034762809e+00 2.711355233778304008e+00 1.960760495052672914e+00 1.990227574185014170e+00 2.021686334837065058e+00 2.007230779463184511e+00 1.993387004739337165e+00
2.722012577646984344e+00 2.248318587603182817e+00 1.855536123016068739e+00 1.661764611978452599e+00 1.505819025584532733e+00 1.404595704946350221e+00 1.315525604705655827e+00
1.690632761772718595e+01 1.743790134398889791e+01 1.795892909618643429e+01 1.736047262371596389e+01 1.681771020586360876e+01 1.591714783598681571e+01 1.505728050709170063e+01
3.424675377796639886e+00 3.370421864077846941e+00 3.316388079645954168e+00 2.983738183293540569e+00 2.720673497177259925e+00 2.791361248524783178e+00 2.867800302990980210e+00
2.040698515115485723e+00 1.940490093553196127e+00 1.845826794569530804e+00 1.752312279536120787e+00 1.667174451408569569e+00 1.577274710759133169e+00 1.496594878327838218e+00
6.411236898216806424e+00 6.447064036868780157e+00 6.484070696145779245e+00 6.260718038566620791e+00 6.061003889006516765e+00 5.612206711265184111e+00 5.230366880125276730e+00
4.143768259801552389e+00 4.490770775807492399e+00 5.045533267755349272e+00 5.003895395910869404e+00 4.964532946327353535e+00 4.932173571770539056e+00 4.900774764080163770e+00
4.089575967854174543e+00 3.772237867120323607e+00 3.487796281220807870e+00 3.301086699562611582e+00 3.143628772683721539e+00 2.922978528511746887e+00 2.729295855900218726e+00
2.361078601369312580e+00 1.868457442360041298e+00 1.445171338112808845e+00 1.471733891438077535e+00 1.494279410680473541e+00 1.427018142843449189e+00 1.364988762300336722e+00
