4.203055899878477275e-01 3.366657090108183814e-01 2.538829672029929152e-01 2.230514874564973604e-01 1.911132408123530357e-01 1.739870697391247278e-01 1.578984238068960044e-01
2.997479567584975246e-01 1.960521189714978518e-01 1.179461014394845714e-01 1.049032701801809603e-01 9.275695266482987533e-02 8.833242033299791574e-02 8.409482298345678786e-02
4.348772783664516250e-01 3.095829276287272447e-01 2.056845538862514811e-01 1.879323117165742352e-01 1.707784611545420661e-01 1.460616521046767813e-01 1.224556095024891128e-01
1.640061230609914378e-01 1.429315513471504095e-01 1.228030782939689841e-01 1.178169179515411447e-01 1.129656330657830970e-01 1.134596914066675344e-01 1.139394109972899638e-01
4.436143426499433717e-01 2.804920806727976279e-01 1.465397100431641286e-01 1.270787436728976205e-01 1.090634744620048030e-01 8.998370967764586503e-02 7.163370474242823638e-02
2.082117935112696716e-01 2.489063257745388613e-01 2.638062430486243226e-01 2.577897027104817385e-01 2.530335871856492780e-01 2.195263699394014167e-01 1.862681971498123534e-01
2.558029927845686391e-01 2.422027774714674564e-01 2.296064338471028310e-01 2.117034855414758332e-01 1.958001463649284291e-01 1.836497144071805865e-01 1.719279247265113608e-01
0.000000000000000000e+00 0.000000000000000000e+00 0.000000000000000000e+00 0.000000000000000000e+00 0.000000000000000000e+00 0.000000000000000000e+00 0.000000000000000000e+00
4.203055899878477275e-01 3.366657090108183814e-01 2.538829672029929152e-01 2.230514874564973604e-01 1.911132408123530357e-01 1.739870697391247278e-01 1.578984238068960044e-01
3.685441844801888300e-01 2.276110911175105445e-01 8.419627001538157463e-02 5.274657702918518487e-02 3.074231838644551212e-02 2.929037018941120160e-02 2.788174030654324426e-02
3.199328036436550615e-01 1.309190269598791978e-01 2.063709941334395878e-02 1.993503437077615015e-02 1.927155007863230393e-02 1.893648655203332767e-02 1.861216821342034575e-02
3.576244935916578216e-01 1.999982216171775351e-01 4.966316674162626899e-02 4.285509945769602758e-02 3.635708955323614655e-02 3.622593080681560385e-02 3.609169627593263041e-02
6.644507889603060713e-01 4.132105444416142581e-01 1.595343978443355126e-01 1.426552810168387475e-01 1.266087583714488873e-01 1.156592058588475358e-01 1.050882070340978663e-01
4.959695889558569104e-01 3.177935898593192143e-01 1.695870796875710573e-01 1.305736798835331613e-01 9.077517895272721460e-02 7.930969022696753024e-02 6.810494217641192838e-02
5.119797888103121419e-01 3.386406609525415834e-01 1.561789128418581418e-01 1.031487197038272602e-01 6.450434301110596902e-02 5.883687245496960899e-02 5.303295874799397736e-02
4.761718111587959212e-01 3.300490974145667278e-01 1.853078909855655765e-01 1.470484885087188776e-01 1.109306582840667438e-01 1.091004313258655961e-01 1.072585915345490998e-01
3.466724362240649615e-01 2.005977566056089123e-01 9.712427921997016100e-02 7.380575213004700319e-02 5.324911123606721614e-02 4.997508316920960814e-02 4.662038003791287022e-02
5.018321212750216642e-02 3.145891431927611004e-02 1.362691435681405612e-02 1.358408037269490977e-02 1.354550795257144363e-02 1.123244774108983664e-02 9.129589029654361018e-03
3.540994921258603378e-01 2.793149768796286403e-01 2.118076756274728245e-01 1.790536352842024836e-01 1.480639092907330701e-01 1.421862998326758054e-01 1.362125898300568239e-01
3.076365141706254303e-01 2.954311515642223385e-01 2.853564875203473683e-01 2.831210033455161534e-01 2.812076719286850657e-01 2.754441805123280518e-01 2.697635652597420441e-01
5.254046324960244263e-01 3.035928352402986752e-01 1.082987891955616983e-01 1.003925048502977285e-01 9.276350313994156938e-02 8.526776436173409690e-02 7.807666339604693584e-02
3.695847524841768261e-01 2.481866452861121453e-01 1.307483082260801066e-01 9.668690831853878065e-02 6.432220864502617708e-02 5.838046849967570839e-02 5.248694542881747471e-02
4.638453293789231435e-01 2.514708118830175643e-01 1.144228408642300465e-01 8.482373497469961054e-02 5.929974156813666575e-02 5.556948822295067897e-02 5.170603370830558626e-02
5.618811961417017331e-01 3.646522664598043084e-01 1.620765337569608500e-01 1.339462366642298341e-01 1.046121843624992775e-01 9.437820406000324569e-02 8.433962362971914040e-02
5.593196816478679390e-01 3.330165339471627406e-01 1.282065463490322521e-01 1.109165329008145462e-01 9.433667922443095266e-02 8.569521285417673606e-02 7.707181367798082716e-02
4.255695048199146791e-01 2.643775326917998658e-01 9.361459857558195041e-02 7.071547137006688188e-02 5.117249959926527952e-02 4.984425238012188397e-02 4.849503265304833111e-02
1.963371544835496862e-01 1.536522975229719090e-01 1.133763457613518183e-01 1.032175424890502402e-01 9.328268946058691780e-02 8.965216613025836501e-02 8.596146839638753312e-02
2.638478821237070782e-01 2.468310145017380275e-01 2.336006775962159443e-01 2.085580878249507775e-01 1.877044026930995702e-01 1.629185908865130872e-01 1.398554684553944549e-01
1.324688812359069434e-01 1.210718849634899175e-01 1.111812324518259704e-01 9.560357012241545160e-02 8.252072156959205929e-02 7.655745685489249996e-02 7.078962448998994683e-02
8.790188685343479358e-02 8.030067056661750746e-02 7.273393152858970145e-02 7.167239605910381839e-02 7.050196271720618468e-02 7.129659262378691686e-02 7.211391915289233623e-02
2.683452872778913090e-01 2.240028672995998393e-01 1.865090874751813843e-01 1.830041524420613352e-01 1.795533791589328798e-01 1.510370677780990545e-01 1.273705895106094499e-01
4.423669034669531763e-01 3.196708032665050991e-01 1.947849540163410775e-01 1.465422208893738532e-01 9.727279158870397180e-02 8.657335631898480099e-02 7.621625707535929772e-02
4.423642009710206935e-01 2.714651677610798175e-01 1.000407900908157344e-01 8.120593175333454261e-02 6.339561915355770849e-02 5.550014403650142120e-02 4.768894716330253358e-02
4.455438314775651554e-01 3.344729567890128430e-01 2.381994983214399952e-01 2.247403420278832054e-01 2.105016490482633507e-01 2.080378871915381511e-01 2.055875620717826369e-01
4.258722000897046112e-01 2.710259067191401749e-01 8.089929448416850744e-02 5.300910414112334351e-02 3.677722925938967102e-02 3.684859226459275688e-02 3.692278673437462966e-02
1.244009669928742984e-01 1.153796867867766252e-01 1.064371833567639702e-01 1.049070429169163404e-01 1.034888836568447351e-01 1.050842615200509172e-01 1.066445383494498272e-01
4.653763198511033372e-01 3.768888683506325110e-01 2.646168948580626679e-01 2.382440234291098580e-01 2.123896611657054012e-01 1.910873892612706682e-01 1.720285186692568913e-01
4.383686734289399256e-01 3.135640460090128867e-01 1.763187752231069605e-01 1.252696531305917127e-01 7.809589297049386591e-02 6.955729325621051728e-02 6.134667154525821897e-02
4.819350994375639075e-01 2.866590758063760624e-01 8.583266202387007660e-02 6.465614137501075886e-02 4.753920705630971383e-02 4.769290783789626592e-02 4.785126577786610880e-02
8.316963843211458984e-01 4.300437661309863824e-01 1.975666843918597593e-01 1.491164850192056857e-01 9.722149757975409590e-02 9.192737050886913563e-02 8.668970505542006322e-02
2.905093997389925423e-02 2.806189179569441514e-02 2.710890176078303154e-02 2.640781845784726661e-02 2.572843543735230457e-02 2.525717842843060515e-02 2.479669053599046352e-02
4.367071789689311312e-01 3.656146758902330540e-01 3.090545440994560966e-01 3.000639721402329485e-01 2.932741166246663478e-01 2.734018467000892127e-01 2.545573289535383310e-01
5.816845198946996726e-02 7.788009698822144500e-02 9.110939038804925783e-02 7.416711073689330469e-02 5.591159901876593952e-02 4.809710156243342943e-02 3.970919577098661057e-02
4.210240919843722396e-01 3.188496575908863484e-01 2.289934934557246171e-01 2.015160497320087896e-01 1.731045059080288662e-01 1.583439882802866183e-01 1.443420295694351485e-01
5.557927357476234731e-02 3.901355185055637581e-02 2.312848800550855108e-02 2.309833722939609243e-02 2.307111678343347003e-02 1.969686251164647420e-02 1.656397724255101456e-02
6.404796450397838292e-01 4.385913825131399491e-01 1.562400185587738688e-01 1.301118108804566187e-01 1.099868538908148341e-01 1.085227458202698558e-01 1.070676727743028050e-01
2.445037902574703492e-01 1.552254971975861875e-01 8.377203847773177781e-02 7.607706930749548457e-02 6.863012811984581241e-02 6.196381174980424011e-02 5.567906793339795490e-02
6.770143621486003349e-01 4.787367697245316078e-01 3.120713846140670267e-01 2.994482372684476035e-01 2.895733480792174186e-01 2.727776091985525397e-01 2.561821252332355803e-01
