4.135483964929869138e-01 3.911448517220564858e-01 3.681445760404337686e-01 3.516586009413427139e-01 3.356029589491282827e-01 3.309620125066257135e-01 3.264976135824704806e-01
3.039839471777677216e-01 2.419545241275754544e-01 1.883927913933620690e-01 1.719830582650075657e-01 1.572480113512151056e-01 1.514792178886131269e-01 1.462056347721640004e-01
4.472767632164899032e-01 3.723209671430225964e-01 2.946451287444176170e-01 2.732330093489087619e-01 2.570636953306755790e-01 2.525378925407272268e-01 2.481275093096418638e-01
1.724877100911295091e-01 1.576702888159558502e-01 1.432494982954966578e-01 1.380385451123808671e-01 1.331280802241673056e-01 1.311026378467687326e-01 1.290911376638954056e-01
4.322695287219358584e-01 3.308349191782614107e-01 2.460871943936790984e-01 2.086473302939809704e-01 1.755802952747267665e-01 1.456777190151594126e-01 1.176199630995917178e-01
2.142775829045518166e-01 1.669704481938782126e-01 1.385683764570063148e-01 1.465094847288613555e-01 1.524508541608342038e-01 1.478409656548334838e-01 1.437779585533622839e-01
2.710231408447098533e-01 2.493347643082222675e-01 2.309006301408770834e-01 2.158074584897027581e-01 2.022176913383201546e-01 1.934506926337851429e-01 1.850277466886521560e-01
0.000000000000000000e+00 0.000000000000000000e+00 0.000000000000000000e+00 0.000000000000000000e+00 0.000000000000000000e+00 0.000000000000000000e+00 0.000000000000000000e+00
4.106021303040430781e-01 3.506180047908413200e-01 2.897497075569017699e-01 2.729923473824560354e-01 2.596387437887242022e-01 2.464738512988515762e-01 2.343886820322332587e-01
3.699024697158359021e-01 1.994396458737296984e-01 7.934974638514806500e-02 6.438965710127406150e-02 5.009394735250149999e-02 4.717043131239316567e-02 4.428512146994841026e-02
1.528447113186988671e-01 8.115449467968750830e-02 3.879756826125756175e-02 3.929174610552770702e-02 3.967330402515626547e-02 3.890074747647184750e-02 3.816512566560331665e-02
4.115659822963274039e-01 2.259122694479216709e-01 9.728352374705609429e-02 7.564063779709560842e-02 5.531177422138148364e-02 5.558684965439560782e-02 5.586152918816688490e-02
7.026178870039876401e-01 4.775968981768554111e-01 2.953674689501223360e-01 2.653770835956466012e-01 2.344872243719802740e-01 2.384862634241165791e-01 2.425256539483132689e-01
5.007435692340520550e-01 3.754590637968764910e-01 2.730765711374387172e-01 2.411700403794014014e-01 2.129028136469678367e-01 2.123823572109609370e-01 2.118695794377441488e-01
4.965590220260697185e-01 3.937996037143698946e-01 2.888354337392871618e-01 2.108020075159860451e-01 1.462621277793038077e-01 1.456593077677359738e-01 1.450628530094469071e-01
4.685233112058481697e-01 4.035460549393971030e-01 3.381475336349376026e-01 3.060762709835218032e-01 2.723387461148562561e-01 2.730041290081210992e-01 2.736695540741836963e-01
3.372607865835860474e-01 2.056487798747803075e-01 1.210651426138737302e-01 9.066276808306789059e-02 6.027256113503352830e-02 5.992754729920055090e-02 5.958535611341991139e-02
5.110054715931681285e-02 3.239082966192267238e-02 1.300040436890290314e-02 1.443403113494547661e-02 1.580704887917842166e-02 1.449968168470939546e-02 1.338711267172508664e-02
3.599695028677499797e-01 3.076098225465350722e-01 2.579880115924345629e-01 2.468022984511734630e-01 2.353062259120780042e-01 2.287817746167214450e-01 2.222621069865181598e-01
2.969612511203593708e-01 2.878675534388288049e-01 2.788544456133936200e-01 2.689339942255646876e-01 2.585262917658704418e-01 2.468444159996678322e-01 2.351388714778095967e-01
5.318658565791533066e-01 3.739422461830542721e-01 2.358650925943902021e-01 2.061947226601971717e-01 1.798727322659429417e-01 1.688485312108760628e-01 1.584198278860053932e-01
3.762684074127337075e-01 2.910168200018661278e-01 2.129424854752213769e-01 2.027975307595749899e-01 1.928717871066947809e-01 1.865902008144728341e-01 1.804430842269971469e-01
4.149096926211988112e-01 3.396782819795444719e-01 2.750746739502128446e-01 2.485136844571981252e-01 2.181567188086666331e-01 2.167222571202513659e-01 2.152664869394050051e-01
5.626255555690260479e-01 4.143700448848912643e-01 2.660042421773008980e-01 2.094111184493103184e-01 1.623416090688984126e-01 1.562297966061221011e-01 1.504581987785573172e-01
5.027030591525127878e-01 2.815281550768013452e-01 1.265887053614173086e-01 1.228894917361499639e-01 1.196187767120712453e-01 1.232618751651948369e-01 1.268784037250489660e-01
4.312079535789886675e-01 2.675588118722349029e-01 1.238775054718046220e-01 1.059641322526351931e-01 9.131568145569024519e-02 8.585965846289038417e-02 8.084087669198654347e-02
2.002441011405117766e-01 1.658133962743203738e-01 1.323074001796170074e-01 1.360827615285239434e-01 1.390963746323334027e-01 1.792130785062178155e-01 2.088797703925409921e-01
2.097950532807114077e-01 2.092244770418766053e-01 2.087376568948790256e-01 1.919793901640677036e-01 1.790402620843845050e-01 1.561979705300706733e-01 1.339568733426058644e-01
1.492742382617354979e-01 1.367899733081711644e-01 1.255433988257281530e-01 1.165392007409338099e-01 1.079476880042730957e-01 1.005048186025103985e-01 9.349064071381361918e-02
1.164969228473740209e-01 9.780545593752240641e-02 7.895952583220232357e-02 7.734496156266305877e-02 7.573094716203218613e-02 7.702247395110441153e-02 7.831927658598454578e-02
1.445861438750486172e-01 1.137969386893857848e-01 8.702776335805249841e-02 7.888530134896760970e-02 7.156252808269354670e-02 6.719954593121219011e-02 6.304889464977660174e-02
4.491857988712572025e-01 3.392768770655676946e-01 2.302866711264571209e-01 2.090101349479918935e-01 1.876554616458398217e-01 1.844441275957615645e-01 1.813482770008136291e-01
4.280316812349116984e-01 2.835115900952437928e-01 1.477125499532127018e-01 1.380570144071601446e-01 1.291847806263262399e-01 1.300263746658357755e-01 1.308471049423626242e-01
4.465191268972401040e-01 4.177915250426464389e-01 3.880957960981110677e-01 3.651014261742916434e-01 3.440805742925190924e-01 3.423716134053605975e-01 3.407170173821720272e-01
3.644945353074604544e-01 2.180265980270365556e-01 9.974807710339671230e-02 7.974910474179958131e-02 6.088884034709932808e-02 5.530339736649649701e-02 5.010620380437302845e-02
1.311606746837788995e-01 1.289025634267212672e-01 1.266998439768552698e-01 1.265780519862470255e-01 1.264641042541168880e-01 1.215144755086026984e-01 1.165522535128851456e-01
4.659267702517578824e-01 3.911123621238390968e-01 3.042437733240671016e-01 2.789591288862333651e-01 2.545256359284946424e-01 2.317200367930849769e-01 2.112042161971442733e-01
4.411979879088498979e-01 2.980068804005823191e-01 1.726911276858953959e-01 1.533258594556596854e-01 1.344765252653799537e-01 1.324946011182046302e-01 1.305743482821326573e-01
4.658180977233953857e-01 3.563913955222691721e-01 2.527212862440614272e-01 2.059272453486664656e-01 1.659409159285430979e-01 1.364196084539475440e-01 1.096387967177274020e-01
8.317878425399776177e-01 5.579507620260606426e-01 3.924552741500986208e-01 3.661751266425236628e-01 3.390722751319694139e-01 3.473960620048459069e-01 3.556800157507847837e-01
3.972154799107625589e-01 2.694746868417984831e-01 1.617637024803633139e-01 1.569326520674926839e-01 1.527650719310798544e-01 1.439933228900939777e-01 1.356843082684000834e-01
4.380297756807949305e-01 3.953643304850846807e-01 3.542541098937843635e-01 3.379398590908174183e-01 3.231012530015596740e-01 3.101755506883535629e-01 2.975313876396616375e-01
5.858538358797624884e-02 3.987651789954616693e-02 2.176062510832054223e-02 7.292070645497467085e-02 1.130347090378176905e-01 9.992776145705389856e-02 8.548699932151336556e-02
3.973608763638209473e-01 3.466219838432642031e-01 2.991209760852444610e-01 2.867272636919280249e-01 2.751075718096218647e-01 2.693886963034726190e-01 2.638898727680688006e-01
5.617593752590042955e-02 4.005271354489303715e-02 2.346536746922441713e-02 2.430165788965672757e-02 2.509851518464218875e-02 2.267943941580936873e-02 2.057331516783882444e-02
6.360202359540876316e-01 4.976757439685654538e-01 2.967584427028508998e-01 2.589735985852374966e-01 2.173177768528341269e-01 2.000954854515043235e-01 1.822769364011930238e-01
2.513734678016677493e-01 1.926065040290839414e-01 1.400143861242362509e-01 1.334832282089730149e-01 1.277507962523251883e-01 1.187748818790483885e-01 1.102395107731737461e-01
6.751051919880172170e-01 4.843734448026235095e-01 3.189953806288322591e-01 3.113230598527813586e-01 3.043453785804313694e-01 3.045719154923504646e-01 3.048035970129978067e-01
