4.226192502717118771e-01 3.524976257751583075e-01 2.831523928412421065e-01 2.510694120454658451e-01 2.196350061490638939e-01 2.055639178572298553e-01 1.920880376257314004e-01
3.008865549597741218e-01 2.057032000247656645e-01 1.317390078331517889e-01 1.240347258509553602e-01 1.169206460991854130e-01 1.120480887598358233e-01 1.074802183425228180e-01
4.419031308546664261e-01 3.147202774822723259e-01 2.138859645124836228e-01 2.096773739368815725e-01 2.059714859180018509e-01 1.849942765167574554e-01 1.651304385723188217e-01
1.757410917966996944e-01 1.519186628434778252e-01 1.286154521270579665e-01 1.260700653176675679e-01 1.236090857770302670e-01 1.269208487181667233e-01 1.300995139977091375e-01
4.376464793409213794e-01 3.138359720704728129e-01 2.090960078248765563e-01 1.715483470186194570e-01 1.391275223725336740e-01 1.166837857327413935e-01 9.565784638733262901e-02
2.228382330138731215e-01 2.484617516536619664e-01 2.584863363115558754e-01 2.415521675829236936e-01 2.285773996850720413e-01 1.963292914978617132e-01 1.653564777279575293e-01
2.639714099788868507e-01 2.464319863668527621e-01 2.316262085594922027e-01 2.132945879833696989e-01 1.964142677967877781e-01 1.794923172363146191e-01 1.623998196680044859e-01
0.000000000000000000e+00 0.000000000000000000e+00 0.000000000000000000e+00 0.000000000000000000e+00 0.000000000000000000e+00 0.000000000000000000e+00 0.000000000000000000e+00
4.226192502717118771e-01 3.524976257751583075e-01 2.831523928412421065e-01 2.510694120454658451e-01 2.196350061490638939e-01 2.055639178572298553e-01 1.920880376257314004e-01
3.692150908430924527e-01 2.404250470878122048e-01 1.224572222288238810e-01 8.385489932200250462e-02 5.282176368999393773e-02 4.369939924157510008e-02 3.509125330630470663e-02
3.185107957517211430e-01 1.337583632321542870e-01 3.388368436318026089e-02 3.976921777468708091e-02 4.502301027072767164e-02 4.715157501463102668e-02 4.919853975329942231e-02
3.664428361365839604e-01 2.128405382886697506e-01 7.105995875052174837e-02 5.383454946953075693e-02 3.696062296699396954e-02 3.663872375051156066e-02 3.631273681218963323e-02
6.688942847753064358e-01 4.387330867875717244e-01 2.201536985475540387e-01 1.890463271713800353e-01 1.572620983945688666e-01 1.536034690795100022e-01 1.499035861173395323e-01
4.988186998337636457e-01 3.734508156239728094e-01 2.606436725220680484e-01 2.194013446406442303e-01 1.832662283801195779e-01 1.812326201682128990e-01 1.792444340477457321e-01
5.194904709092260653e-01 3.890121679167936053e-01 2.516569201777866249e-01 2.024837533412941482e-01 1.536862983635914337e-01 1.522815413858669698e-01 1.508927225603665101e-01
4.764636717747835482e-01 3.733147544634083381e-01 2.750407326394387342e-01 2.464955471100510054e-01 2.162958861641349761e-01 2.139344827267093962e-01 2.116096766501155413e-01
3.496814405653764779e-01 2.240350643950398679e-01 1.273270340439038584e-01 9.611280550091011454e-02 6.527707395388354650e-02 6.198331053079241676e-02 5.864200632482387959e-02
5.503189908676862918e-02 3.384088593272107509e-02 1.280782319391274640e-02 1.169902465441462897e-02 1.074606850818352576e-02 1.002844699360217091e-02 9.366774190246058077e-03
3.599671678906865568e-01 3.105463785139006561e-01 2.639613805321207041e-01 2.489728317462816809e-01 2.339318141203052259e-01 2.199883656942650811e-01 2.063153547428301926e-01
3.107978311022828732e-01 2.947422385829280844e-01 2.817282223851999556e-01 2.780333564473008168e-01 2.752278894263217035e-01 2.731630619871778243e-01 2.712918314289344268e-01
5.329491853650426547e-01 3.531159099818655389e-01 1.917248034556942038e-01 1.696846260926606897e-01 1.480041768082246967e-01 1.364638120260193710e-01 1.251658130165958505e-01
3.711161852013942775e-01 2.767367351367734929e-01 1.852296113012153467e-01 1.676637842211635421e-01 1.520528719309028887e-01 1.455841865188933770e-01 1.394032489033233402e-01
4.655459184886814317e-01 2.842188584988772360e-01 1.541836039382667167e-01 1.149843962396610297e-01 7.605029748411974710e-02 7.228626911940681798e-02 6.841910594445135829e-02
5.663948116324230009e-01 4.086010879509565097e-01 2.439105187090343796e-01 1.971269224203815174e-01 1.562263003981940179e-01 1.502023948546168386e-01 1.443263828634711865e-01
5.563531224641007356e-01 3.286087187114248853e-01 1.388600765437786322e-01 1.344025524845673392e-01 1.302577455213838054e-01 1.276740028401288918e-01 1.251210883117138128e-01
4.277887109951186151e-01 2.458265890274855536e-01 9.344168884387840657e-02 8.668365226679551616e-02 7.998087903287816325e-02 7.329192560062484929e-02 6.703955220034500673e-02
2.105312943283338123e-01 1.546690992906993578e-01 1.076844671800456649e-01 1.009974964651233070e-01 9.463717021108228322e-02 1.044366151064090031e-01 1.133077030205627972e-01
2.683455857463970529e-01 2.361807947567696742e-01 2.117833478491122634e-01 1.770838960099177795e-01 1.482343439546176811e-01 1.460162044068887832e-01 1.439954057515631658e-01
1.466106721591202700e-01 1.349719770232253035e-01 1.247867069174479343e-01 1.113727038165266553e-01 9.917054654095285027e-02 8.747142371870753053e-02 7.628471203191385108e-02
1.036659299207311896e-01 8.574737652626707174e-02 6.742125810347392167e-02 6.674743685609672850e-02 6.602352415333660740e-02 6.680141632804435792e-02 6.759159403552975065e-02
3.811406265027748042e-01 2.892506650912033961e-01 2.167606014838939776e-01 1.760412379152916096e-01 1.451589412597009965e-01 1.354996023389397619e-01 1.264376625635594276e-01
4.479330940661688798e-01 3.610023012473869142e-01 2.704474790281707341e-01 2.440386616612438830e-01 2.174938629130574730e-01 2.006098385517628424e-01 1.849026550781443790e-01
4.362312857603531935e-01 2.716510671203163363e-01 1.191684199845213926e-01 1.118213973366338210e-01 1.050706405158770701e-01 1.035008438295340616e-01 1.019586767655547149e-01
4.485079808599231610e-01 4.022124323014031888e-01 3.584478250652285980e-01 3.417647898987145605e-01 3.271712036008306845e-01 3.263670567434076575e-01 3.256262777360487970e-01
4.334213361238420381e-01 3.163517427754005129e-01 1.687432068502092430e-01 1.423879381963189805e-01 1.104317481554660668e-01 1.086608680603154548e-01 1.069243124260616379e-01
1.373682753900785092e-01 1.249976460280169122e-01 1.124181524294420031e-01 1.121311490467225558e-01 1.118680354952717310e-01 1.105591171568276465e-01 1.092946523306142503e-01
4.705363188147237419e-01 3.957086432484233085e-01 3.066257186441335714e-01 2.842311134004985029e-01 2.632239720660835003e-01 2.424187654660369950e-01 2.232529645516313777e-01
4.410757816580649915e-01 3.362432278914032624e-01 2.276081740296212463e-01 1.915471199634743993e-01 1.588974888696807475e-01 1.471563099627783699e-01 1.361298012445209538e-01
4.844518140245425153e-01 2.670043691442462452e-01 8.590129791626781308e-02 8.028296669137231778e-02 7.434989594727535456e-02 6.977943670756155126e-02 6.558637076259084264e-02
8.334832837489420942e-01 4.838445159175531196e-01 2.995898965919815971e-01 2.610160248397819793e-01 2.196337431616190161e-01 2.137948089206239966e-01 2.078936399710120120e-01
2.954318758058784369e-02 2.848430829184595003e-02 2.746238351970000519e-02 2.683016672620472734e-02 2.621790809580111514e-02 2.568760613733428108e-02 2.517318846433593341e-02
4.356122109866114034e-01 3.523467273489485629e-01 2.866778696033468465e-01 2.836562177312084709e-01 2.815169914666059148e-01 2.587703852360733192e-01 2.379697041519405476e-01
5.804601558456223137e-02 7.852428567961945716e-02 9.094516382549269751e-02 7.205624468947019468e-02 5.060180745262220225e-02 5.355418857189733761e-02 5.671585873200666456e-02
4.234916363458057220e-01 3.341278929261145003e-01 2.549583045435068196e-01 2.259196154539050427e-01 1.976491532872426682e-01 1.840443215429999335e-01 1.711462454904518482e-01
6.197675152879405375e-02 4.176171100457600621e-02 2.161363878716508410e-02 1.955215501833906799e-02 1.776554954846870302e-02 1.651272570071999832e-02 1.535138447813367939e-02
6.450330674955229160e-01 5.030766204220380455e-01 2.977111591016023961e-01 2.565212947721568493e-01 2.178375297080764605e-01 1.974802120448007625e-01 1.783858591871932686e-01
2.484693104302447275e-01 1.768353740798001839e-01 1.151693384298361350e-01 1.050679871125340253e-01 9.539400464300816507e-02 8.719007497079125923e-02 7.935372166361666368e-02
6.737635116681042202e-01 4.521578058353084573e-01 2.757587209026555741e-01 2.745422106384243222e-01 2.736453454949592246e-01 2.556814715528926141e-01 2.387157035084801482e-01
