9.262979528473164192e-01 7.726641302659411625e-01 6.206047428165956115e-01 5.774625697172433014e-01 5.327717090598629301e-01 5.013540434310864713e-01 4.718396997895771272e-01
1.843494816033028982e+01 1.617152362317886016e+01 1.446666178538480985e+01 1.343251053663624717e+01 1.246944284247768486e+01 1.186452856159374747e+01 1.128517170280637494e+01
2.791453713769757705e+00 2.375215448721799572e+00 2.030056400662249239e+00 1.965437231660875250e+00 1.902996242072210187e+00 1.814954807146351934e+00 1.730869929546470898e+00
1.072146140901406142e+01 1.400312503580318335e+01 1.713746526242085011e+01 1.752687869435098733e+01 1.790575850705150174e+01 1.779831744253002412e+01 1.769399457370442263e+01
4.638390039948490084e+00 3.580409274903824102e+00 2.711619020032652649e+00 2.651555882964635735e+00 2.595954657242141028e+00 2.418850092190371281e+00 2.248519394748353051e+00
1.501012965212123185e-01 3.205886814025216691e-01 3.830110214498971821e-01 3.886116792799853004e-01 3.930390368904854714e-01 3.436451690708318130e-01 2.946184242170459266e-01
9.706913862003366811e-01 9.293653424099566074e-01 8.910896948385750305e-01 8.289084150216331492e-01 7.736722624908335399e-01 7.393959323874763623e-01 7.063288007913404165e-01
0.000000000000000000e+00 0.000000000000000000e+00 0.000000000000000000e+00 0.000000000000000000e+00 0.000000000000000000e+00 0.000000000000000000e+00 0.000000000000000000e+00
9.262979528473164192e-01 7.726641302659411625e-01 6.206047428165956115e-01 5.774625697172433014e-01 5.327717090598629301e-01 5.013540434310864713e-01 4.718396997895771272e-01
2.386239215872978381e+00 2.107662381805824658e+00 1.824180015331930527e+00 1.400279281590359526e+00 1.103690650719125088e+00 1.099619401379137162e+00 1.095669616192153528e+00
2.283400155122461417e+00 1.282597560367060519e+00 6.986695463374176240e-01 7.140710197062558606e-01 7.286261321766349663e-01 6.937053005916407056e-01 6.599043488808201685e-01
1.065242427405756587e+00 7.121873823863605901e-01 3.754633775474069957e-01 3.508477682860468572e-01 3.273532189354278477e-01 3.204693853993346164e-01 3.134241200959353990e-01
1.384677201326817597e+00 9.105416298963644461e-01 4.318090727155113329e-01 3.924391930564362085e-01 3.550113067545608847e-01 3.355668193118954701e-01 3.167945769149829727e-01
4.924217354415795889e+00 4.236190485922069371e+00 3.663890840622462619e+00 3.637385736638144795e+00 3.610347247019463079e+00 3.522533403201794311e+00 3.436716564612332991e+00
1.287381958137134630e+00 9.306729719590568495e-01 5.551908405487366860e-01 4.170490780359903948e-01 3.163818544857418535e-01 2.983410933862176706e-01 2.798660047919892535e-01
2.910366276895959281e+00 2.559946879608187231e+00 2.212840498814197865e+00 2.089332591359921221e+00 1.972738046122704425e+00 1.964223042941293462e+00 1.955654011864337072e+00
1.173257669392104185e+00 8.133916584081111179e-01 5.584769281709927036e-01 4.926475855170577844e-01 4.346151826982507238e-01 3.938650330546078493e-01 3.521107622240748913e-01
1.817642816568638509e+01 1.776897962408636289e+01 1.738094785633030881e+01 1.666647091630431277e+01 1.602307746911641573e+01 1.489647727179537284e+01 1.387225791620670279e+01
3.362285267885253059e+00 3.086809366239173791e+00 2.838139777101623462e+00 2.687362271662162350e+00 2.544706479259813303e+00 2.538567814507417086e+00 2.532328780884002928e+00
8.177513771887358063e-01 7.772691432053357996e-01 7.438539207100752781e-01 7.389831601324411414e-01 7.348143186161490981e-01 7.391951020899006908e-01 7.435128920580860168e-01
3.667708690116373127e+00 2.809835906350053758e+00 2.054522397302412262e+00 2.020017005270205335e+00 1.986721757675436129e+00 1.903466678955209268e+00 1.823595208684128721e+00
3.381450836647416747e+00 3.103391394740339759e+00 2.834401711003916358e+00 2.683969086076830379e+00 2.541029960260531961e+00 2.497280324841777421e+00 2.453885716633636527e+00
1.280219636649067683e+00 7.977996717920223801e-01 4.864879469101165421e-01 4.127010709538090905e-01 3.490729416978564092e-01 3.357898260217360153e-01 3.220323922823659091e-01
5.322110964654896748e+00 4.858322521761649249e+00 4.381960946460587536e+00 4.509715848914517267e+00 4.642937655212270087e+00 4.561367970685627604e+00 4.481355715962613395e+00
1.464708826188773738e+00 9.613743755962579352e-01 5.058441559286870337e-01 4.745907482242177067e-01 4.446210244770174014e-01 4.132539310552981182e-01 3.819524185592704790e-01
1.244664385521376371e+00 9.304141059961200666e-01 5.975048483568886626e-01 5.014621006203616727e-01 4.194956269220489475e-01 4.101158495753411404e-01 4.005879691858021951e-01
1.765710332678745331e+01 1.682858475547451249e+01 1.604682334433460511e+01 1.775533067519562991e+01 1.942617405853351187e+01 1.919406498972831088e+01 1.895810881032739204e+01
1.028883669997903372e+00 8.436183623058300940e-01 6.995776086181829667e-01 6.934641105954574281e-01 6.883732248689978794e-01 5.999256035264958209e-01 5.176253611264759469e-01
5.889992335528647871e+00 5.534528211961665001e+00 5.226045867795853006e+00 4.814117367505220457e+00 4.468160569242925817e+00 4.392222791112248004e+00 4.318773699821492507e+00
1.836553975476925005e-01 1.671776768287003834e-01 1.507746950008639619e-01 1.479069150288102596e-01 1.447449431559877098e-01 1.369586391397084046e-01 1.289499387579559064e-01
1.569005113243928662e-01 1.306965264992303588e-01 1.085397195852631641e-01 1.088008185271567840e-01 1.090578827079263513e-01 9.379837723585444931e-02 8.113409012647206098e-02
5.810981860542711708e+00 5.648534915867664097e+00 5.483188791494563397e+00 5.460092212764928732e+00 5.436504095362620248e+00 5.326880214718043405e+00 5.220763827947560998e+00
5.927576836787945780e+00 5.410331893443464324e+00 4.891496936624286640e+00 4.694735358080231791e+00 4.508676872335133368e+00 4.376178054525895256e+00 4.245093561695531648e+00
1.549029968628819143e+00 1.276315174386370987e+00 1.039932806005697596e+00 1.029870860044497016e+00 1.019226139365561057e+00 1.017571816077730507e+00 1.015926515052672618e+00
1.292113484559901826e+00 9.397387596574771074e-01 5.070786602478017935e-01 3.358391475267979986e-01 2.361790766879664494e-01 2.274507244040991083e-01 2.183760579445257477e-01
5.703976306285935216e+00 5.816352196421305187e+00 5.927746783445329903e+00 5.926314702953165536e+00 5.924987427261180883e+00 5.779242537921120970e+00 5.636704284705297496e+00
1.957821714010435921e+00 1.846463075923528763e+00 1.705172374796313228e+00 1.637893855136620891e+00 1.571938078401680983e+00 1.470956015271451367e+00 1.380608653170935618e+00
5.912009962495732296e+00 5.895404902822908966e+00 5.877144635088249913e+00 5.460046883925640415e+00 5.074612845686889528e+00 5.001687183208990639e+00 4.931562684150322617e+00
1.335968621281078850e+00 9.820842684517896437e-01 6.181413524147663097e-01 5.219206361200500188e-01 4.441456461571098302e-01 4.431122904432638898e-01 4.420476238852181772e-01
4.122650488326322638e+00 2.678652324858424194e+00 1.842864223706939475e+00 1.792804519464437085e+00 1.739185592060113805e+00 1.713223205768524382e+00 1.687537707111646856e+00
8.833150114335102110e-01 8.662718497047035004e-01 8.498500376546418433e-01 8.365671257831309715e-01 8.236953532698692015e-01 6.504602244020072366e-01 4.811838468018383441e-01
1.663906857356433022e+01 1.505495026029028871e+01 1.379464943121722165e+01 1.222351254110012242e+01 1.103695927981086911e+01 1.048092466282382240e+01 9.953646991612741246e+00
3.385983005393705447e+00 2.731303286363730098e+00 2.291920876295318266e+00 2.350383874849495403e+00 2.413378464548044722e+00 2.464182863600242523e+00 2.518715162756036907e+00
9.667666177338700706e-01 7.676957316395189856e-01 5.926250662464690455e-01 5.558469259892626635e-01 5.178185069635065085e-01 4.905084405899334254e-01 4.646018679752524361e-01
6.404836673477364961e+00 6.261231707118631640e+00 6.123527229339006617e+00 5.919800652180079226e+00 5.735874100371964879e+00 5.393191947704257139e+00 5.075022722269443953e+00
4.228504673374610334e+00 4.172928589188528825e+00 4.095202509540326830e+00 3.553366818040782249e+00 3.136023993721060776e+00 3.105518996489851524e+00 3.075202245881468954e+00
4.128270626763251627e+00 3.434423387650411996e+00 2.879106038285552227e+00 2.793177963944300846e+00 2.710019565017585119e+00 2.548208528354158897e+00 2.395659375921656231e+00
2.415683454808862152e+00 1.889890849025384956e+00 1.447927508338278102e+00 1.429170631485180643e+00 1.414497422388508951e+00 1.351249839282120169e+00 1.288756354550974814e+00
