2.224533405758475357e-01 2.049070797356682405e-01 2.126461195007681160e-01 2.031251643977946275e-01 1.982659400733316479e-01 1.848886190886573633e-01 1.721810858574548964e-01
1.004840584924849622e+00 1.109320913031969003e+00 1.135310918692980842e+00 1.237023307636236025e+00 1.071477330030806030e+00 1.110874663184643119e+00 1.042000187891132024e+00
0.000000000000000000e+00 0.000000000000000000e+00 0.000000000000000000e+00 0.000000000000000000e+00 0.000000000000000000e+00 0.000000000000000000e+00 0.000000000000000000e+00
2.874339562760611644e-01 2.728581287516372855e-01 2.734549188644410656e-01 2.581429683764033256e-01 2.430444439604740603e-01 2.353547132603387437e-01 2.227438736176207412e-01
5.665266952931103939e-01 3.363772344167054174e-01 3.222200075719346968e-01 2.993006645606082206e-01 2.455809023794522650e-01 1.555998412780701390e-01 1.990654911194438825e-01
2.862850284602009299e-01 2.692991017487911809e-01 2.628669995177768670e-01 2.545717328159678439e-01 2.565385559497579404e-01 2.460216007067148880e-01 2.359759459462049125e-01
0.000000000000000000e+00 0.000000000000000000e+00 0.000000000000000000e+00 0.000000000000000000e+00 0.000000000000000000e+00 0.000000000000000000e+00 0.000000000000000000e+00
0.000000000000000000e+00 0.000000000000000000e+00 0.000000000000000000e+00 0.000000000000000000e+00 0.000000000000000000e+00 0.000000000000000000e+00 0.000000000000000000e+00
3.838846393961269921e-01 3.295898171270348342e-01 3.155147246855261600e-01 3.086812089318011210e-01 2.555732155606473821e-01 2.496130680534112412e-01 2.489313144665177835e-01
0.000000000000000000e+00 0.000000000000000000e+00 0.000000000000000000e+00 0.000000000000000000e+00 0.000000000000000000e+00 0.000000000000000000e+00 0.000000000000000000e+00
0.000000000000000000e+00 0.000000000000000000e+00 0.000000000000000000e+00 0.000000000000000000e+00 0.000000000000000000e+00 0.000000000000000000e+00 0.000000000000000000e+00
0.000000000000000000e+00 0.000000000000000000e+00 0.000000000000000000e+00 0.000000000000000000e+00 0.000000000000000000e+00 0.000000000000000000e+00 0.000000000000000000e+00
2.684361976545861922e-02 2.601101181190157777e-02 2.545118275391315688e-02 2.400990951503918780e-02 1.308790299747575152e-02 1.481287077103357087e-02 1.188828008192129027e-02
0.000000000000000000e+00 0.000000000000000000e+00 0.000000000000000000e+00 0.000000000000000000e+00 0.000000000000000000e+00 0.000000000000000000e+00 0.000000000000000000e+00
0.000000000000000000e+00 0.000000000000000000e+00 0.000000000000000000e+00 0.000000000000000000e+00 0.000000000000000000e+00 0.000000000000000000e+00 0.000000000000000000e+00
7.169396446488341956e-01 6.122140016764874293e-01 4.454122134293291291e-01 3.892420302397058274e-01 2.190672046608211632e-01 1.885025019635345467e-01 2.716045787597494710e-01
3.918775780116643959e-01 2.912099609166227676e-01 2.974612556613641656e-01 3.397212423390711944e-01 3.185982704407572808e-01 3.230319910601693878e-01 3.167111191648274149e-01
0.000000000000000000e+00 0.000000000000000000e+00 0.000000000000000000e+00 0.000000000000000000e+00 0.000000000000000000e+00 0.000000000000000000e+00 0.000000000000000000e+00
0.000000000000000000e+00 0.000000000000000000e+00 0.000000000000000000e+00 0.000000000000000000e+00 0.000000000000000000e+00 0.000000000000000000e+00 0.000000000000000000e+00
0.000000000000000000e+00 0.000000000000000000e+00 0.000000000000000000e+00 0.000000000000000000e+00 0.000000000000000000e+00 0.000000000000000000e+00 0.000000000000000000e+00
0.000000000000000000e+00 0.000000000000000000e+00 0.000000000000000000e+00 0.000000000000000000e+00 0.000000000000000000e+00 0.000000000000000000e+00 0.000000000000000000e+00
4.742991932136095268e-01 2.892011851014600343e-01 1.888085473702783568e-01 1.644783274864234368e-01 1.383232764105305213e-01 1.267241355161750904e-01 1.145844344967753142e-01
0.000000000000000000e+00 0.000000000000000000e+00 0.000000000000000000e+00 0.000000000000000000e+00 0.000000000000000000e+00 0.000000000000000000e+00 0.000000000000000000e+00
2.606350732982873897e-01 2.162332734629567321e-01 1.765718209332348132e-01 1.798028956930049216e-01 1.534546627634198190e-01 1.508417142882641504e-01 1.513358346048924441e-01
0.000000000000000000e+00 0.000000000000000000e+00 2.800246544382078290e-02 4.565595204234292742e-02 6.266729652836014464e-02 8.375924157572209316e-02 1.007805109823196599e-01
4.720346915919125252e-01 2.039088407007496329e-01 9.455187595921640820e-02 9.456681893411923723e-02 8.075591554983506393e-02 8.048956152261535490e-02 7.526210248026196648e-02
0.000000000000000000e+00 0.000000000000000000e+00 0.000000000000000000e+00 0.000000000000000000e+00 0.000000000000000000e+00 0.000000000000000000e+00 0.000000000000000000e+00
0.000000000000000000e+00 0.000000000000000000e+00 0.000000000000000000e+00 0.000000000000000000e+00 0.000000000000000000e+00 0.000000000000000000e+00 0.000000000000000000e+00
0.000000000000000000e+00 0.000000000000000000e+00 0.000000000000000000e+00 0.000000000000000000e+00 0.000000000000000000e+00 0.000000000000000000e+00 0.000000000000000000e+00
0.000000000000000000e+00 0.000000000000000000e+00 0.000000000000000000e+00 0.000000000000000000e+00 0.000000000000000000e+00 0.000000000000000000e+00 0.000000000000000000e+00
5.143450045168490581e-01 5.093145852613475411e-01 3.200835556074515531e-01 2.887814360239522316e-01 3.095878459212504374e-01 2.485617997171119808e-01 2.630014472866723518e-01
5.461922055307956159e-01 5.099087794952500419e-01 5.797603884063510238e-01 4.511385889701297058e-01 3.666498332074968336e-01 3.588175326821635425e-01 3.654664548413770753e-01
0.000000000000000000e+00 0.000000000000000000e+00 0.000000000000000000e+00 0.000000000000000000e+00 0.000000000000000000e+00 0.000000000000000000e+00 0.000000000000000000e+00
3.894536377016605960e-02 4.973945658879280057e-02 3.048088708443933911e-02 1.522603067686124911e-02 2.719366104143037394e-02 2.683674626683586056e-02 2.643883802445711612e-02
0.000000000000000000e+00 0.000000000000000000e+00 0.000000000000000000e+00 0.000000000000000000e+00 0.000000000000000000e+00 0.000000000000000000e+00 0.000000000000000000e+00
0.000000000000000000e+00 0.000000000000000000e+00 0.000000000000000000e+00 0.000000000000000000e+00 0.000000000000000000e+00 0.000000000000000000e+00 0.000000000000000000e+00
3.208318136409170074e-01 2.645453359274652638e-01 2.584540754770815463e-01 2.421635648240890171e-01 2.415504814841053505e-01 2.340162819999754562e-01 2.308636415874834313e-01
0.000000000000000000e+00 0.000000000000000000e+00 0.000000000000000000e+00 0.000000000000000000e+00 0.000000000000000000e+00 0.000000000000000000e+00 0.000000000000000000e+00
0.000000000000000000e+00 0.000000000000000000e+00 0.000000000000000000e+00 0.000000000000000000e+00 0.000000000000000000e+00 0.000000000000000000e+00 0.000000000000000000e+00
0.000000000000000000e+00 0.000000000000000000e+00 0.000000000000000000e+00 0.000000000000000000e+00 0.000000000000000000e+00 0.000000000000000000e+00 0.000000000000000000e+00
1.042365598274805349e-01 8.018926426116848583e-02 7.340453981825030561e-02 6.617063188055392897e-02 6.059172954973122971e-02 5.998933555263948753e-02 5.687725762810066227e-02
1.172909620946769871e-01 1.235066655327882457e-01 1.218327691440431321e-01 1.189314160719657509e-01 8.919702700999165845e-02 7.280347756726388009e-02 7.360940177412354790e-02
0.000000000000000000e+00 0.000000000000000000e+00 0.000000000000000000e+00 0.000000000000000000e+00 0.000000000000000000e+00 0.000000000000000000e+00 0.000000000000000000e+00
4.621571854253724854e-01 4.594912504096427264e-01 4.354418964667979841e-01 4.674793150538909536e-01 4.148778158648480097e-01 3.966354247178981440e-01 4.119794720544742161e-01
0.000000000000000000e+00 0.000000000000000000e+00 0.000000000000000000e+00 0.000000000000000000e+00 0.000000000000000000e+00 0.000000000000000000e+00 0.000000000000000000e+00
2.730694413426404954e-01 5.726240549708454530e-01 2.436122651080594725e-01 2.391618139490507278e-01 1.913614300602885232e-01 2.245200887869254758e-01 2.226131017712141558e-01
4.168148804783526618e-02 3.807315987639030980e-02 3.978106638010096840e-02 3.956146987143140809e-02 3.726894354937765330e-02 3.627865281344234971e-02 2.569117306060866857e-02
1.035902071447363515e-01 1.112143204966478810e-01 1.094705816907751983e-01 1.091000761825412224e-01 6.577387744395710167e-02 6.578299698522026284e-02 2.661530681855123204e-02
