0.000000000000000000e+00 0.000000000000000000e+00 0.000000000000000000e+00 0.000000000000000000e+00 0.000000000000000000e+00 0.000000000000000000e+00 0.000000000000000000e+00
3.836960999256660010e-01 4.334055010906236877e-02 4.288987406219126747e-02 2.699921050591037180e-02 2.403465678102516268e-02 1.386860468733040405e-02 1.271763964007657267e-02
0.000000000000000000e+00 0.000000000000000000e+00 0.000000000000000000e+00 0.000000000000000000e+00 0.000000000000000000e+00 0.000000000000000000e+00 0.000000000000000000e+00
0.000000000000000000e+00 0.000000000000000000e+00 0.000000000000000000e+00 0.000000000000000000e+00 0.000000000000000000e+00 0.000000000000000000e+00 0.000000000000000000e+00
0.000000000000000000e+00 0.000000000000000000e+00 0.000000000000000000e+00 0.000000000000000000e+00 0.000000000000000000e+00 0.000000000000000000e+00 0.000000000000000000e+00
0.000000000000000000e+00 0.000000000000000000e+00 0.000000000000000000e+00 0.000000000000000000e+00 0.000000000000000000e+00 0.000000000000000000e+00 0.000000000000000000e+00
4.244329111087704054e-01 4.359954985067838323e-02 3.313419830671686384e-02 3.210698225409355094e-02 3.180381908083031173e-02 3.153353677204900202e-02 3.124414351041444535e-02
0.000000000000000000e+00 0.000000000000000000e+00 0.000000000000000000e+00 0.000000000000000000e+00 0.000000000000000000e+00 0.000000000000000000e+00 0.000000000000000000e+00
4.337059271683421091e-01 2.098398048007640293e-01 1.798792085170583810e-01 1.742270481662117898e-01 1.694176599615865586e-01 1.544423056707069919e-01 1.591165198429929095e-01
0.000000000000000000e+00 0.000000000000000000e+00 0.000000000000000000e+00 0.000000000000000000e+00 0.000000000000000000e+00 0.000000000000000000e+00 0.000000000000000000e+00
0.000000000000000000e+00 0.000000000000000000e+00 0.000000000000000000e+00 0.000000000000000000e+00 0.000000000000000000e+00 0.000000000000000000e+00 0.000000000000000000e+00
1.564081974737176750e-01 6.958635684753211939e-03 6.340267990917906882e-03 6.358821067198227629e-03 4.852082522851803269e-03 4.921392891153157471e-03 5.017281561632803803e-03
1.981424505157508911e-02 2.161637582754488696e-02 2.116259726548774117e-02 2.051409485206026617e-02 1.990407890560135645e-02 1.848359123755256503e-02 1.394012468973253142e-02
2.969961619758748061e-01 1.350541509028864440e-01 5.797118455985315194e-02 4.784714162203090176e-02 5.038964528521399505e-02 5.295596113350795053e-02 5.159197334684437197e-02
2.973721138457147695e-01 3.239760003973048835e-02 3.171560164693248279e-02 2.873341534639279118e-02 2.561961608512585906e-02 2.502680748005201364e-02 2.453593716835291566e-02
6.812854675881955258e-01 1.333132900792826925e-01 1.293410164910878679e-01 1.267563818878598147e-01 1.121121212105977982e-01 1.090045456879787378e-01 9.785819630450957873e-02
3.897967706112402397e-01 3.119920113218601493e-02 3.319343141666534353e-02 3.439624164699182918e-02 2.840510439800842876e-02 2.519116619212639213e-02 2.180448468694360861e-02
0.000000000000000000e+00 0.000000000000000000e+00 0.000000000000000000e+00 0.000000000000000000e+00 0.000000000000000000e+00 0.000000000000000000e+00 0.000000000000000000e+00
6.006107051455158441e-01 6.397018709531478164e-02 4.784079859127464418e-02 3.421209655791122156e-02 2.701681821112458456e-02 2.233473407310027428e-02 1.795537378509901374e-02
0.000000000000000000e+00 0.000000000000000000e+00 0.000000000000000000e+00 0.000000000000000000e+00 0.000000000000000000e+00 0.000000000000000000e+00 0.000000000000000000e+00
0.000000000000000000e+00 0.000000000000000000e+00 0.000000000000000000e+00 0.000000000000000000e+00 0.000000000000000000e+00 0.000000000000000000e+00 0.000000000000000000e+00
2.034834072269446278e-02 1.718606222670486169e-02 1.762714478893649336e-02 1.807068658372593117e-02 1.794999282105789670e-02 1.802000893943762894e-02 1.507353272447530847e-02
5.230506094662432659e-01 1.081344883260585560e-01 6.459048969785026462e-02 6.109795847133647068e-02 4.334239978482874039e-02 3.746316923821475797e-02 2.753474577950329114e-02
3.164612321967892883e-01 1.217545105144091089e-01 1.487627043936212180e-02 1.483873672955032634e-02 1.504674033126293144e-02 1.336097074464684918e-02 1.289085355935814213e-02
3.349257745595626279e-01 0.000000000000000000e+00 0.000000000000000000e+00 0.000000000000000000e+00 0.000000000000000000e+00 0.000000000000000000e+00 0.000000000000000000e+00
0.000000000000000000e+00 0.000000000000000000e+00 0.000000000000000000e+00 0.000000000000000000e+00 0.000000000000000000e+00 0.000000000000000000e+00 0.000000000000000000e+00
0.000000000000000000e+00 0.000000000000000000e+00 0.000000000000000000e+00 0.000000000000000000e+00 0.000000000000000000e+00 0.000000000000000000e+00 0.000000000000000000e+00
0.000000000000000000e+00 0.000000000000000000e+00 0.000000000000000000e+00 0.000000000000000000e+00 0.000000000000000000e+00 0.000000000000000000e+00 0.000000000000000000e+00
0.000000000000000000e+00 0.000000000000000000e+00 0.000000000000000000e+00 0.000000000000000000e+00 0.000000000000000000e+00 0.000000000000000000e+00 0.000000000000000000e+00
3.301153262568969349e-01 2.622746319188664493e-02 1.948259146000886483e-02 1.820790592131744934e-02 1.774278686717246575e-02 1.555365389351092906e-02 1.306524443354436030e-02
2.891289280336664658e-01 2.837368404136985656e-01 2.356761081868787022e-01 1.567683884607340983e-01 1.539876687637808939e-01 1.093938036736010200e-01 9.991687235959796631e-02
0.000000000000000000e+00 0.000000000000000000e+00 0.000000000000000000e+00 0.000000000000000000e+00 0.000000000000000000e+00 0.000000000000000000e+00 0.000000000000000000e+00
4.174532912058009360e-01 2.407620762229622235e-01 4.927702797076695396e-02 2.379737520059622621e-02 1.771119388858582652e-02 1.460162278669357473e-02 1.416049052217718644e-02
1.844234529794808175e-01 0.000000000000000000e+00 0.000000000000000000e+00 0.000000000000000000e+00 0.000000000000000000e+00 0.000000000000000000e+00 0.000000000000000000e+00
2.090444978797732500e-01 9.166291034973196583e-02 9.458166577022250610e-02 9.413220826159973686e-02 8.500284041763225829e-02 8.294705319988468495e-02 7.399925128317555445e-02
0.000000000000000000e+00 0.000000000000000000e+00 0.000000000000000000e+00 0.000000000000000000e+00 0.000000000000000000e+00 0.000000000000000000e+00 0.000000000000000000e+00
0.000000000000000000e+00 8.115293552217191231e-02 7.793265304363716783e-02 7.674514668044805921e-02 7.576376200689255436e-02 7.541702025864870096e-02 7.530049278473843755e-02
0.000000000000000000e+00 0.000000000000000000e+00 0.000000000000000000e+00 0.000000000000000000e+00 0.000000000000000000e+00 0.000000000000000000e+00 0.000000000000000000e+00
1.046727537323819124e-01 0.000000000000000000e+00 0.000000000000000000e+00 0.000000000000000000e+00 0.000000000000000000e+00 0.000000000000000000e+00 0.000000000000000000e+00
0.000000000000000000e+00 0.000000000000000000e+00 0.000000000000000000e+00 0.000000000000000000e+00 0.000000000000000000e+00 0.000000000000000000e+00 0.000000000000000000e+00
1.027759704531504975e-01 3.159431853112805444e-02 1.670206639434578325e-02 1.448570115422202591e-02 1.090601622660084327e-02 9.653387795751953299e-03 7.311610197361884285e-03
0.000000000000000000e+00 0.000000000000000000e+00 0.000000000000000000e+00 0.000000000000000000e+00 0.000000000000000000e+00 0.000000000000000000e+00 0.000000000000000000e+00
0.000000000000000000e+00 0.000000000000000000e+00 0.000000000000000000e+00 0.000000000000000000e+00 0.000000000000000000e+00 0.000000000000000000e+00 0.000000000000000000e+00
8.372645348536084109e-02 2.069492189468451811e-03 1.588362267474808642e-03 1.670294919285752891e-03 1.720540518222844414e-03 1.727791644768851814e-03 1.709730064660211013e-03
0.000000000000000000e+00 0.000000000000000000e+00 0.000000000000000000e+00 0.000000000000000000e+00 0.000000000000000000e+00 0.000000000000000000e+00 0.000000000000000000e+00
0.000000000000000000e+00 0.000000000000000000e+00 0.000000000000000000e+00 0.000000000000000000e+00 0.000000000000000000e+00 0.000000000000000000e+00 0.000000000000000000e+00
7.072345627405658419e-01 1.749936562596482170e-01 1.759695987303768472e-01 1.758802043308208551e-01 1.655388574702586768e-01 1.582596128836303850e-01 1.497431825969255115e-01
1.026517396137466731e+00 0.000000000000000000e+00 0.000000000000000000e+00 0.000000000000000000e+00 0.000000000000000000e+00 0.000000000000000000e+00 0.000000000000000000e+00
