3.932045600310100752e+00 3.864134686876345981e+00 3.795004009040993331e+00 3.809350054747089764e+00 3.823789920179222257e+00 3.722804228855509212e+00 3.627556013985150596e+00
1.895602794818427128e+01 1.713100574711752344e+01 1.574913634787488448e+01 1.481390330117720033e+01 1.395831492168806243e+01 1.334844453844877776e+01 1.277207192564059390e+01
2.817248819549885486e+00 2.453836430370635480e+00 2.144674354455689436e+00 1.912640153709914470e+00 1.718770148959924304e+00 1.671453237225639210e+00 1.625100288466440057e+00
1.122240175073476642e+01 1.464006230742681325e+01 1.790175635035310364e+01 1.805269702149119837e+01 1.819290051721009505e+01 1.827456277826827957e+01 1.835541667116094189e+01
1.545326772836342499e+01 9.247720785197522275e+00 6.054862569271184825e+00 5.730416482641926379e+00 5.433193725481943126e+00 5.248023989468562078e+00 5.056902039221296441e+00
9.587655685767361435e-02 1.039859770346451273e-01 1.081646714008399901e-01 1.129571778259475939e-01 1.170411561374376380e-01 1.310475852709951095e-01 1.440772678342975288e-01
9.465677461301053031e-01 8.390577759834005889e-01 7.553309710335990301e-01 6.976611084850143918e-01 6.489101944804132049e-01 6.079617608396470363e-01 5.706222749257960913e-01
0.000000000000000000e+00 0.000000000000000000e+00 0.000000000000000000e+00 0.000000000000000000e+00 0.000000000000000000e+00 0.000000000000000000e+00 0.000000000000000000e+00
5.101135120871540529e+00 4.697487538470230817e+00 4.329189157382728581e+00 4.083878113500517770e+00 3.872433491178561393e+00 3.761214831647972989e+00 3.655889363166051620e+00
2.378009796458943725e+00 2.065430177318376082e+00 1.753310360639715793e+00 1.328410760035907634e+00 1.026199076271683719e+00 1.027230199489102436e+00 1.028252035737066361e+00
2.290314565953299297e+00 1.645177513402071634e+00 1.221386384868233588e+00 1.063671214565179879e+00 9.461050691164085702e-01 8.418655972639208507e-01 7.411389827442010914e-01
1.055762156843015109e+00 7.101646596064724593e-01 3.868509865882733267e-01 3.496587534546191645e-01 3.139346198655830755e-01 3.091566556561209378e-01 3.042798571534269803e-01
2.183762273124702169e+00 1.629950740684705135e+00 1.143866894315082039e+00 1.114527055756550311e+00 1.083827619407708553e+00 1.073916206240540072e+00 1.064114432616603434e+00
4.827214631072756390e+00 3.927512310029716680e+00 3.248917768895018376e+00 3.068641408337585030e+00 2.900140833397300444e+00 2.889040014811956603e+00 2.877927263449835849e+00
1.253354070175227930e+00 9.187997482886341993e-01 5.563169462746017091e-01 4.807798152944845471e-01 4.081454087639370676e-01 4.003042216480324211e-01 3.924290356012299918e-01
2.923157290941104769e+00 2.620308617332923085e+00 2.320935136037520774e+00 2.301287394681253318e+00 2.281583395656577196e+00 2.256343947357368762e+00 2.231535039373851337e+00
8.994089118096784130e-01 8.826248578492952301e-01 8.664338084854368294e-01 8.514981100736934705e-01 8.370690662885432731e-01 7.216549909741531987e-01 6.091380027174206901e-01
1.808803477235093382e+01 1.706592506806297038e+01 1.615053346671269452e+01 1.557654124251782157e+01 1.505492569819023352e+01 1.337783045062107945e+01 1.200774146528635633e+01
3.227973712601748701e+00 2.846009187670862417e+00 2.530906916459743972e+00 2.289392444399334980e+00 2.081826278373026806e+00 2.057716252910957166e+00 2.034688181769123361e+00
8.472890440749166752e-01 8.238017228201270914e-01 8.012370206046147691e-01 8.237811985223445488e-01 8.485217567972078712e-01 8.538765805123936792e-01 8.594154657010649734e-01
3.644642094775046637e+00 2.807446206814052658e+00 2.105298474416172017e+00 1.976952469109910071e+00 1.853247936136433793e+00 1.802035406054383948e+00 1.752762777805342509e+00
3.330005367846024633e+00 3.162645475051437671e+00 2.990715682862621794e+00 2.826861658885980955e+00 2.674251092991903889e+00 2.594101298163016267e+00 2.517725770953269215e+00
8.561193043787868717e+00 8.145850102979236951e+00 7.757431903011517527e+00 8.397947071830126120e+00 9.134115248232969719e+00 9.128392057380013469e+00 9.122725782274798689e+00
5.365119467385699892e+00 4.814138625504938318e+00 4.268646782994572675e+00 3.993454491010604457e+00 3.748415206557866419e+00 3.704503165019398914e+00 3.661468399032252741e+00
2.225772941458298959e+00 1.177028143755509459e+00 6.374313162038276470e-01 6.127804123218296706e-01 5.901978942387390292e-01 5.648458336182606843e-01 5.386788401727303777e-01
1.227574382036706435e+00 1.093968541356836299e+00 8.919825396145995011e-01 7.964724154974579529e-01 7.102334933545001450e-01 6.343249341338985658e-01 5.693660778342173323e-01
5.054403860981238950e+01 4.368904330286196114e+01 3.828164433556089108e+01 3.057586101026926784e+01 2.567724598889948950e+01 2.221254990893805470e+01 1.899652479882215772e+01
1.134408133445616862e+00 9.834412826665300811e-01 8.645317799358939181e-01 7.556486587191142412e-01 6.863597129199048297e-01 6.717683811890274859e-01 6.574490335902931637e-01
5.711028509351044669e+00 5.479807298719864050e+00 5.273031786024597878e+00 5.037820205977371124e+00 4.824784496360147834e+00 4.766658193782720154e+00 4.709906514893468454e+00
1.143025735666742726e+01 1.094782829476452690e+01 1.048038254228938371e+01 1.063794480519848840e+01 1.079206707331703718e+01 1.058683944563651913e+01 1.038069554090198032e+01
1.213716056591357173e+00 1.127886355691537945e+00 1.053394309921715344e+00 9.642182524002416155e-01 9.126576023778100177e-01 8.849073372136069260e-01 8.599546143287236655e-01
5.687048807211983359e+00 4.839167866441504096e+00 4.163326359601780879e+00 3.955354803757057169e+00 3.761596986831616363e+00 3.722203622819710844e+00 3.684127683454907043e+00
1.438016686296455937e+01 1.290839921647732602e+01 1.163651835262842482e+01 1.048803163979532904e+01 9.594862321731273624e+00 9.094979717659580132e+00 8.626535118218624731e+00
1.530146682763425581e+00 1.283373397595535703e+00 1.082601080573591501e+00 1.029277066152502584e+00 9.844994773294140078e-01 9.717483995996964996e-01 9.596756579538620047e-01
3.148109242085877835e+00 2.675895711780632347e+00 2.233243594794540154e+00 2.166490907804762500e+00 2.102024227328632033e+00 2.001006019420643156e+00 1.906017724640393540e+00
7.937166701567895721e+00 7.978253658675462212e+00 8.019825810408098832e+00 8.063893268701225026e+00 8.103107908657912972e+00 7.676592516310144276e+00 7.275529937829715799e+00
1.935425610170062427e+00 1.808865527503222603e+00 1.652719954369741950e+00 1.590407576196545492e+00 1.531666710501038198e+00 1.423891179351098879e+00 1.329006560998023945e+00
5.840136341052756030e+00 5.334192303703006566e+00 4.863383344693962052e+00 4.468245729421536971e+00 4.107070388980276654e+00 4.071225929059207438e+00 4.036293590342948434e+00
1.495436242805943339e+00 1.348555517006232218e+00 1.174123390333604799e+00 9.871667050689849621e-01 8.257622080488236094e-01 6.743679599362814026e-01 5.411080650822930327e-01
4.102274608393169153e+00 2.857953661786120314e+00 2.096419358203266192e+00 2.082187514287477725e+00 2.067018795356859062e+00 2.035669065036153746e+00 2.005293640858845539e+00
8.994089118096788571e-01 8.826248578492956742e-01 8.664338084854372735e-01 8.514981100736939146e-01 8.370690662885437172e-01 7.216549909741535318e-01 6.091380027174209122e-01
1.712542726240515734e+01 1.680731987339600764e+01 1.652269286986391350e+01 1.640562286486115440e+01 1.629767612844002400e+01 1.606926569124741633e+01 1.583998708789083842e+01
3.384963485617325407e+00 2.735891832188955153e+00 2.297820790168300320e+00 2.309470289994624448e+00 2.321265938234071236e+00 2.195893149122200683e+00 2.089247304663206961e+00
2.058677365112923319e+00 1.776801035645733773e+00 1.543103502489905132e+00 1.409591433606463218e+00 1.290549912634450846e+00 1.259401054808340081e+00 1.230116472797347704e+00
6.376927983825988022e+00 6.051228712761350437e+00 5.753897855181533849e+00 5.575242764770118598e+00 5.413401134140409354e+00 4.853930608330375485e+00 4.387598417147819063e+00
4.114636074848531777e+00 3.741795517532651161e+00 3.309463450905766102e+00 2.688661747938383417e+00 2.248368895534141654e+00 2.269877100475277576e+00 2.290879879146962672e+00
4.097294795051909411e+00 3.428839118831397137e+00 2.898072496213814908e+00 2.873257832108409904e+00 2.848389318835805817e+00 2.753692142668175968e+00 2.663161675367630377e+00
2.405652387720949026e+00 1.981746258368735969e+00 1.556868924308358437e+00 1.655982878134512282e+00 1.750851408526893582e+00 1.739936461629598030e+00 1.728243458434733926e+00
