2.228754456810818074e-01 2.015531899408543326e-01 2.059130258576678529e-01 1.858388371692679675e-01 1.796342032393086763e-01 1.687034253458629396e-01 1.592434312376272421e-01
1.014779687720522849e+00 1.013028541518276038e+00 1.014207820238734570e+00 1.008780144166777859e+00 1.013194720091379786e+00 1.010013756113670169e+00 1.013085202011467789e+00
0.000000000000000000e+00 0.000000000000000000e+00 0.000000000000000000e+00 0.000000000000000000e+00 0.000000000000000000e+00 0.000000000000000000e+00 0.000000000000000000e+00
2.907537077424183214e-01 2.715289218090297663e-01 2.672772986087018077e-01 2.541883528634230616e-01 2.457840874108438989e-01 2.386797424319533345e-01 2.230931182939972224e-01
5.755316522717255356e-01 3.443504710323312956e-01 2.815558620918694466e-01 2.486871353366455761e-01 2.666021709740578061e-01 1.722172779809387488e-01 1.677941892840013050e-01
2.848772100453398348e-01 2.661799851558215302e-01 2.603805708883905057e-01 2.522154772425899139e-01 2.500713734925736342e-01 2.459837762156750207e-01 2.400106731659040482e-01
0.000000000000000000e+00 0.000000000000000000e+00 0.000000000000000000e+00 0.000000000000000000e+00 0.000000000000000000e+00 0.000000000000000000e+00 0.000000000000000000e+00
0.000000000000000000e+00 0.000000000000000000e+00 0.000000000000000000e+00 0.000000000000000000e+00 0.000000000000000000e+00 0.000000000000000000e+00 0.000000000000000000e+00
3.826037617618087139e-01 3.334522170861610735e-01 2.922423314559486340e-01 2.820517009121655816e-01 2.487974388876456888e-01 2.467151949026015201e-01 2.436832478708375049e-01
0.000000000000000000e+00 0.000000000000000000e+00 0.000000000000000000e+00 0.000000000000000000e+00 0.000000000000000000e+00 0.000000000000000000e+00 0.000000000000000000e+00
0.000000000000000000e+00 0.000000000000000000e+00 0.000000000000000000e+00 0.000000000000000000e+00 0.000000000000000000e+00 0.000000000000000000e+00 0.000000000000000000e+00
0.000000000000000000e+00 0.000000000000000000e+00 0.000000000000000000e+00 0.000000000000000000e+00 0.000000000000000000e+00 0.000000000000000000e+00 0.000000000000000000e+00
2.672362754814649327e-02 2.600022489205203527e-02 2.547789902134611068e-02 2.400859765055654224e-02 2.208470741042593485e-02 2.115728921718940114e-02 2.050408368266075712e-02
0.000000000000000000e+00 0.000000000000000000e+00 0.000000000000000000e+00 0.000000000000000000e+00 0.000000000000000000e+00 0.000000000000000000e+00 0.000000000000000000e+00
0.000000000000000000e+00 0.000000000000000000e+00 0.000000000000000000e+00 0.000000000000000000e+00 0.000000000000000000e+00 0.000000000000000000e+00 0.000000000000000000e+00
7.210585784937418863e-01 5.680923716250916300e-01 4.358714714526661926e-01 2.793902053547399622e-01 1.843903365337376532e-01 1.762570193747873548e-01 2.391027330710335519e-01
3.924739635889580303e-01 2.993626177102187147e-01 2.954769748904017002e-01 3.033470189586340293e-01 3.015901914349787272e-01 2.992535665669862066e-01 2.829616945924341431e-01
0.000000000000000000e+00 0.000000000000000000e+00 0.000000000000000000e+00 0.000000000000000000e+00 0.000000000000000000e+00 0.000000000000000000e+00 0.000000000000000000e+00
0.000000000000000000e+00 0.000000000000000000e+00 0.000000000000000000e+00 0.000000000000000000e+00 0.000000000000000000e+00 0.000000000000000000e+00 0.000000000000000000e+00
0.000000000000000000e+00 0.000000000000000000e+00 0.000000000000000000e+00 0.000000000000000000e+00 0.000000000000000000e+00 0.000000000000000000e+00 0.000000000000000000e+00
0.000000000000000000e+00 0.000000000000000000e+00 0.000000000000000000e+00 0.000000000000000000e+00 0.000000000000000000e+00 0.000000000000000000e+00 0.000000000000000000e+00
4.766553301417289501e-01 2.680741950647611560e-01 1.885180066366368978e-01 1.838482508622048262e-01 1.420689358881242759e-01 1.465378274720879892e-01 1.379821759970609185e-01
0.000000000000000000e+00 0.000000000000000000e+00 0.000000000000000000e+00 0.000000000000000000e+00 0.000000000000000000e+00 0.000000000000000000e+00 0.000000000000000000e+00
2.650237993006907544e-01 2.209896610700819164e-01 1.713151958128011354e-01 1.487533740206343769e-01 1.216167499087297543e-01 1.252390086105983069e-01 1.293313274332561769e-01
0.000000000000000000e+00 0.000000000000000000e+00 3.347603840930633151e-02 5.532515299629388317e-02 9.377425151686029359e-02 1.194088388253367050e-01 1.304481013105137366e-01
4.749816511799931362e-01 1.331958890351179203e-01 1.004524547290105568e-01 1.003812849740592650e-01 8.570908149116079899e-02 8.544887841570647513e-02 7.984827240284220196e-02
0.000000000000000000e+00 0.000000000000000000e+00 0.000000000000000000e+00 0.000000000000000000e+00 0.000000000000000000e+00 0.000000000000000000e+00 0.000000000000000000e+00
0.000000000000000000e+00 0.000000000000000000e+00 0.000000000000000000e+00 0.000000000000000000e+00 0.000000000000000000e+00 0.000000000000000000e+00 0.000000000000000000e+00
0.000000000000000000e+00 0.000000000000000000e+00 0.000000000000000000e+00 0.000000000000000000e+00 0.000000000000000000e+00 0.000000000000000000e+00 0.000000000000000000e+00
0.000000000000000000e+00 0.000000000000000000e+00 0.000000000000000000e+00 0.000000000000000000e+00 0.000000000000000000e+00 0.000000000000000000e+00 0.000000000000000000e+00
5.026500614315270177e-01 5.042843946567528990e-01 2.895061415610207245e-01 2.672782218704053969e-01 3.066467761473277154e-01 2.644279461102748696e-01 2.817075362721193632e-01
5.467632471088723634e-01 5.078135211446722641e-01 4.361910655171017948e-01 3.845983564938583732e-01 3.592057608145975411e-01 3.546473314190967119e-01 3.500892762267933667e-01
0.000000000000000000e+00 0.000000000000000000e+00 0.000000000000000000e+00 0.000000000000000000e+00 0.000000000000000000e+00 0.000000000000000000e+00 0.000000000000000000e+00
4.144094692959499754e-02 2.976119188229177370e-02 2.937229462683197886e-02 2.536486134848264101e-02 2.512598425738820154e-02 2.487689174290737965e-02 2.461140439955663770e-02
0.000000000000000000e+00 0.000000000000000000e+00 0.000000000000000000e+00 0.000000000000000000e+00 0.000000000000000000e+00 0.000000000000000000e+00 0.000000000000000000e+00
0.000000000000000000e+00 0.000000000000000000e+00 0.000000000000000000e+00 0.000000000000000000e+00 0.000000000000000000e+00 0.000000000000000000e+00 0.000000000000000000e+00
3.222940775734932650e-01 2.631968788164507078e-01 2.552990310792970230e-01 2.387123792144023871e-01 2.345761752112286158e-01 2.311471647821059794e-01 2.242787289926897465e-01
0.000000000000000000e+00 0.000000000000000000e+00 0.000000000000000000e+00 0.000000000000000000e+00 0.000000000000000000e+00 0.000000000000000000e+00 0.000000000000000000e+00
0.000000000000000000e+00 0.000000000000000000e+00 0.000000000000000000e+00 0.000000000000000000e+00 0.000000000000000000e+00 0.000000000000000000e+00 0.000000000000000000e+00
0.000000000000000000e+00 0.000000000000000000e+00 0.000000000000000000e+00 0.000000000000000000e+00 0.000000000000000000e+00 0.000000000000000000e+00 0.000000000000000000e+00
1.039090421512557094e-01 8.238040661117956853e-02 7.285327404804305129e-02 6.589046405836780640e-02 6.522049596740102373e-02 6.496461069390993548e-02 6.166865655993120088e-02
1.199123997523680318e-01 1.105111745454548100e-01 1.064457982231118566e-01 1.088494434785752529e-01 8.575861080463814679e-02 6.905467432670689409e-02 7.415847206651202117e-02
0.000000000000000000e+00 0.000000000000000000e+00 0.000000000000000000e+00 0.000000000000000000e+00 0.000000000000000000e+00 0.000000000000000000e+00 0.000000000000000000e+00
4.586644456535582948e-01 4.520257001472859359e-01 4.488472071794264995e-01 4.422991005658267749e-01 4.369164408112144460e-01 4.319501890060264415e-01 4.227514703227222559e-01
0.000000000000000000e+00 0.000000000000000000e+00 0.000000000000000000e+00 0.000000000000000000e+00 0.000000000000000000e+00 0.000000000000000000e+00 0.000000000000000000e+00
2.709551120361833876e-01 2.441395953462392743e-01 2.436088172782689687e-01 2.390371066503826913e-01 2.267461182706567713e-01 2.250779369600091895e-01 2.233297868231902683e-01
4.218964313993157911e-02 4.139400411959937021e-02 4.089577600925110856e-02 4.023828740491652151e-02 3.959390434406302728e-02 3.904305399732849180e-02 2.875763585961477534e-02
1.067014170131170281e-01 1.098227513286125362e-01 1.097173818377073645e-01 1.095548146737375800e-01 6.491622835764543353e-02 6.491412727322515286e-02 2.582804601383099224e-02
