3.157544117467901756e+00 3.090352639947923752e+00 3.207795774745406003e+00 3.382108675906323914e+00 3.516007961242411550e+00 3.552689516549750071e+00 3.693399497266401710e+00
3.936877958522415621e+00 4.011500647201885705e+00 4.059719950051743353e+00 4.440969703650948119e+00 4.310582114426646072e+00 3.796779472049836013e+00 3.547596142196012714e+00
2.556654722452720296e+00 2.060745423899820405e+00 1.838488374012064552e+00 1.789193844885845763e+00 1.788173524511716295e+00 1.757228380171581561e+00 1.743656407594164293e+00
4.347909342180077630e+00 4.474607914476933956e+00 4.420843250958983006e+00 5.582912902453733395e+00 6.108781175282957498e+00 6.334765081525316255e+00 6.206559189885286543e+00
1.527606431211413929e+00 1.448495346282843377e+00 1.407901322970934288e+00 1.392007919764925994e+00 1.349692621724730701e+00 1.166043119497102820e+00 1.012326985746204722e+00
1.477097713389863731e+00 1.454486186945763482e+00 1.458711894699852518e+00 1.489145921628527214e+00 1.471545978387496456e+00 1.462438662448915183e+00 1.480559524461991794e+00
4.648190928348950868e-01 6.331863854607325259e-02 5.597084925702325992e-02 5.569101842731556673e-02 5.561442203917125321e-02 5.558048041328848138e-02 5.542823146862973366e-02
1.496113796232967363e+00 1.270412203388926242e+00 1.053697490100124812e+00 9.952271732881869948e-01 9.917181750027297404e-01 9.524208862875724879e-01 9.398404720905521037e-01
1.034918772087935812e+00 8.284743903934954634e-01 7.666747561582695214e-01 7.635254269791050818e-01 7.360449343086459262e-01 7.307200687335969613e-01 7.118947230494665490e-01
2.206029684670363977e+00 2.405898543060101868e+00 2.315896181772558737e+00 2.298811347493612267e+00 2.307640508596987772e+00 2.342974453405884283e+00 2.386995185303294242e+00
1.444189325133580049e+01 1.472880911154843986e+01 1.450501143262267689e+01 1.460795147579340103e+01 1.465503813638702191e+01 1.022440252680528872e+01 9.284835734905188431e+00
1.542358993813029322e+00 1.298124191375178205e+00 1.255990844077749635e+00 1.167805739324715208e+00 1.150737279275518610e+00 1.120777795856203962e+00 1.103306570283529409e+00
1.213323097840759646e+00 4.624493307889044336e-01 4.635566689152029185e-01 4.636136748926457662e-01 3.673894673389149212e-01 4.041156861471354445e-01 4.222043543151374201e-01
1.112318008799495939e+00 9.220192499281067988e-01 8.310522838799608847e-01 7.587991149473510832e-01 7.414152135980752734e-01 7.447628264533426856e-01 7.452583821591612923e-01
1.003309400403670448e+00 5.685682455031721982e-01 5.696388588171196199e-01 5.603889080992153771e-01 4.610356447829341286e-01 4.598317602279693994e-01 4.595799671983432644e-01
2.795374191539735875e+00 2.014165522632856309e+00 1.186161329205157156e+00 1.145899108502828723e+00 1.109996549221170969e+00 1.091375248221700511e+00 1.017560486865578095e+00
1.400920385792088219e+00 8.631944724504051480e-01 8.569067176585097867e-01 8.556162643829929859e-01 8.537519302244072072e-01 8.487735197835107881e-01 8.464235541608591262e-01
7.849683564785721046e+00 8.280689408673536533e+00 8.456499009425337832e+00 9.046696891146282837e+00 8.712529903981286239e+00 7.079040119552290733e+00 5.757077674744111029e+00
2.743198831403358628e+00 2.673584605363735989e+00 2.642497644496747622e+00 2.374859622938004566e+00 2.151154570964522783e+00 1.815818132043659716e+00 1.633357057860572725e+00
1.282851370628891763e+00 1.274563250182608520e+00 1.211197413371924547e+00 9.401750331915877945e-01 9.329281764319712345e-01 9.320320368177178461e-01 8.330290077950452954e-01
1.563928702452563213e+00 7.529712368755672180e-01 6.775292062021499584e-01 6.600926437318777040e-01 6.435714223921565891e-01 6.113861759384713324e-01 5.865035370714918317e-01
1.274842157275797971e+00 1.013808074015918548e+00 9.615477749934786544e-01 9.378364529580788256e-01 9.122713616248623314e-01 8.737869634033539334e-01 8.197202367025200331e-01
1.256374056934824512e+00 5.994415488804395453e-01 5.117538276513312612e-01 4.686322819412708229e-01 3.955439483133713074e-01 3.661639523747508562e-01 3.437879052163092530e-01
2.003450315854182318e+00 1.464242325308727999e+00 1.003585386567105386e+00 9.548276085694602511e-01 7.903955612639710360e-01 7.450584835343629919e-01 6.554505957506047142e-01
9.498448546040799911e+00 4.313695503444662904e+00 4.107952933278502528e+00 4.054999858150569736e+00 3.776035761646243216e+00 3.371500749926032992e+00 2.886202806089191775e+00
1.754508993638577152e+00 1.223805397179918542e+00 1.096077164587735409e+00 1.064193520177297847e+00 9.006088560814301536e-01 8.576519767727456278e-01 8.000303466932217056e-01
3.498869310843648606e+00 3.781560451818062774e+00 3.621036295981039821e+00 3.683954046209053867e+00 3.706953520535797519e+00 3.687478806261505149e+00 3.754065427241687569e+00
4.358900394213276464e+00 4.185092704579033374e+00 4.232471448259158109e+00 4.112595362048844017e+00 4.066278880726286182e+00 4.056388854079181705e+00 4.060678651976599163e+00
1.345647052858472525e+00 1.194097113136401100e+00 1.182619978850665277e+00 1.099605621775067377e+00 1.042505061971283009e+00 1.040288696336501895e+00 9.807992043946034411e-01
7.132577856296650198e-01 1.854070444585657063e-01 1.504242818925250746e-01 1.390374610028650149e-01 1.226768625922576988e-01 1.163282440322219446e-01 1.091990752967790801e-01
5.046652514886880603e+00 4.903281048932750075e+00 4.894598300858094220e+00 4.783869685754808643e+00 4.707859420287173080e+00 4.584831759064046608e+00 4.467406490351988779e+00
2.252970904361722759e+00 1.949008385808659538e+00 1.873892362785849475e+00 1.843356713510990730e+00 1.777434067833741693e+00 1.762617403727438692e+00 1.653742791927443223e+00
1.780343701033116899e+00 1.004500805636180827e+00 9.605352613800329786e-01 7.260578618022658359e-01 6.344348652447404646e-01 5.959352647340435682e-01 5.608940756374035663e-01
1.164839091616264311e+00 7.995705754671882382e-01 7.320083120684165445e-01 7.266422162505642435e-01 6.892016248279996260e-01 6.670629152298862552e-01 6.472724622014752738e-01
1.006281231362601947e+00 5.364726954438290285e-01 5.122158477435639901e-01 4.933336766833536502e-01 4.407687222499853674e-01 3.948706033086822886e-01 3.887102454181280420e-01
1.336906950267968597e+01 1.391645100480331898e+01 1.369206209763731330e+01 1.385359880038893010e+01 1.388902225752265629e+01 1.360634694623996666e+01 1.341725394927334136e+01
1.658809733694638577e+00 1.605388413183915119e+00 1.581447328489946846e+00 1.571405838292999846e+00 1.568159608501605407e+00 1.563892517679599470e+00 1.566738398597056880e+00
2.347513853594039634e+00 1.692695630980620702e+00 1.530500229497959053e+00 1.522427490313840170e+00 1.455556496209097439e+00 1.415280947611782469e+00 1.391100817806529166e+00
6.344168966184305702e+00 6.616996715811299445e+00 7.003147502973579464e+00 6.345371244658843501e+00 4.962319404273905832e+00 4.596181826875286092e+00 4.610619357591856371e+00
3.845937033112361014e+00 3.885844837335716395e+00 4.085105685181972923e+00 4.045283707456326816e+00 3.987697581378560674e+00 3.904587717315730622e+00 3.704454381250156914e+00
6.701856497092881781e-01 4.396618202089610516e-01 4.060777683027656515e-01 3.979896790616850311e-01 3.826910670045658991e-01 3.649486251661272496e-01 3.452121957679413211e-01
2.103818428315161970e+00 2.161798767533405830e+00 2.115833202958581349e+00 2.182812906597563885e+00 2.133977948605661368e+00 2.750270620037367220e+00 2.795827738384176087e+00
1.093250567781024474e+00 1.201291554278090867e+00 1.111554557854744330e+00 1.131491863340165827e+00 1.131948995112369794e+00 1.150341898715530276e+00 1.134602576081382930e+00
1.496113796232967363e+00 1.270412203388926242e+00 1.053697490100124812e+00 9.952271732881869948e-01 9.917181750027297404e-01 9.524208862875724879e-01 9.398404720905521037e-01
1.687505457630690131e+01 1.655967008019073816e+01 1.646233525883044280e+01 1.641226280897287637e+01 1.644178478609071092e+01 1.617746977323137259e+01 1.631357591534155560e+01
2.120223591863900303e+00 3.474589469806809827e+00 3.467534805661018460e+00 3.538025341801007251e+00 3.526225717814928551e+00 3.506918765846002817e+00 3.184018423742827508e+00
1.969937679735900504e+00 9.169868890622774327e-01 9.110782533389695237e-01 8.462679795797563020e-01 8.300845710159454605e-01 7.968318742517279674e-01 7.765081554337439629e-01
1.652947644077145339e+00 4.962674829308825752e-01 4.099987673575395397e-01 3.868518470512718466e-01 3.715478292881894129e-01 3.452578726087666139e-01 3.397945505969788282e-01
