3.943989617227416922e+00 3.936032829220812879e+00 3.927713557994239046e+00 4.045619298334339753e+00 4.171513543075749730e+00 3.986902047084039058e+00 3.817163822380666982e+00
1.678336178949561663e+00 5.930896308252393556e-01 -9.443807339010291957e-02 -6.817337923999429450e-02 -4.318778881855873941e-02 -5.234727868783136534e-02 -6.091048373638167923e-02
2.816098366878311943e+00 2.464640261701600554e+00 2.160408093851275080e+00 1.980239047416290088e+00 1.825687444816543881e+00 1.763287690889293602e+00 1.703190156133837618e+00
1.116535974956420141e+01 1.462311479867732444e+01 1.795467194167689229e+01 1.820350352714648778e+01 1.843906374808867454e+01 1.832515031796036808e+01 1.821490016605083184e+01
4.389146763214532676e+00 3.202230222481246003e+00 2.322188242805847569e+00 2.155750302529626516e+00 2.013929790679662268e+00 1.931290923339959997e+00 1.851681859154392207e+00
8.891227655600478230e-02 2.114893036686646688e-01 2.583837574096026768e-01 2.657462348171285571e-01 2.717994444119228303e-01 2.513028248575860379e-01 2.291216721319280780e-01
9.764196773575412047e-01 9.176862865865823560e-01 8.661449704092446522e-01 8.090924739162754786e-01 7.588362640692104533e-01 7.333705489459410032e-01 7.092103463423293785e-01
0.000000000000000000e+00 0.000000000000000000e+00 0.000000000000000000e+00 0.000000000000000000e+00 0.000000000000000000e+00 0.000000000000000000e+00 0.000000000000000000e+00
7.851951800006568227e+00 7.022380495587141169e+00 6.317113006857699276e+00 5.739636347772739455e+00 5.276385626539316753e+00 5.270557426261033740e+00 5.264749401347471824e+00
2.397582843306799383e+00 1.692744809291528929e+00 1.185025953730883597e+00 9.733808692603038715e-01 8.048857849150705679e-01 8.131564393746409936e-01 8.213509165851708982e-01
2.257933282915329354e+00 1.097206945128572642e+00 6.625878029891099086e-01 6.581211706158781594e-01 6.540336489840935519e-01 6.473538901644824151e-01 6.408810533666806641e-01
1.068104767526172560e+00 6.302671803738172374e-01 3.004074669432698630e-01 2.760581790380109424e-01 2.525387215998113333e-01 2.503087529777764386e-01 2.480579660532947206e-01
2.201396371275623043e+00 1.497217677553137838e+00 9.632395456477453877e-01 9.162019929173585986e-01 8.690649456765492387e-01 8.476898573570946782e-01 8.266521094053023155e-01
7.500812294130228430e+00 6.265924178799614275e+00 5.342465519236034410e+00 5.350726996406150349e+00 5.359282106744924334e+00 5.368163744951063521e+00 5.377130701050004902e+00
1.225302149495686166e+00 8.018320836650730810e-01 3.743825880109509230e-01 3.578134896720706060e-01 3.402713417673137175e-01 2.915085781019536304e-01 2.522724902430100724e-01
3.048775462295335359e+00 3.065776142526610570e+00 3.087686513255747833e+00 2.961858519201314710e+00 2.843521293207425416e+00 2.849870306989477520e+00 2.856254345616063173e+00
1.158247345720234023e+00 7.685463444391631427e-01 5.180283235476097481e-01 4.305958937296486821e-01 3.591405767924895631e-01 3.466782617277606171e-01 3.341510176505633756e-01
1.819100189950616908e+01 1.842559060316205333e+01 1.866645599027837932e+01 1.771660401285089037e+01 1.687624479735829652e+01 1.627366312519297153e+01 1.571560307874227114e+01
3.197899055452746886e+00 2.641557057003889319e+00 2.230524947685253334e+00 2.189215395597635005e+00 2.149381081887273837e+00 2.150856639963423245e+00 2.152272009326539948e+00
8.260571890493860758e-01 7.962460953749774806e-01 7.678306654581361634e-01 7.622838345947364758e-01 7.572659921369098157e-01 7.556679685014999759e-01 7.541331031466897983e-01
4.843656383211226490e+00 4.083285937093988238e+00 3.400702095396846314e+00 3.337559680223474157e+00 3.276326436395628150e+00 3.171003372150776656e+00 3.068853488982042244e+00
2.867693497583579720e+00 2.512034995015070216e+00 2.177888007539358295e+00 1.997155462281170246e+00 1.835582130196537154e+00 1.761161296018618483e+00 1.690395435815542857e+00
1.291071492145516864e+00 7.797459330544402878e-01 4.751655949018497305e-01 3.795839972649319716e-01 3.021333125373268369e-01 2.992960169047180208e-01 2.964078852179261037e-01
2.462455616922491597e+00 1.993093626890087844e+00 1.549148790325370451e+00 1.505395849043345002e+00 1.463814259725738198e+00 1.383672240779362239e+00 1.306836218188074383e+00
1.666760840689540668e+00 9.723506368815532097e-01 5.040836047237525763e-01 4.905669575233073676e-01 4.787678534246322393e-01 4.654131152613382172e-01 4.525761178739998725e-01
1.213152279442793580e+00 7.980251581734666422e-01 4.651592512358932452e-01 4.155463667943503636e-01 3.722311137231734679e-01 3.467643754691749902e-01 3.230158117715609678e-01
1.788067481432387495e+01 1.508337682808483571e+01 1.291080624803888988e+01 1.426451228494550172e+01 1.547866723700983194e+01 1.382671371277944949e+01 1.248656582145689420e+01
1.086860263503826696e+00 8.573336741933605953e-01 6.846541501379016514e-01 6.933958061017392316e-01 6.993494952877779003e-01 6.546349649930836012e-01 6.135157432200659677e-01
5.903046230158876639e+00 5.565801113595846061e+00 5.271328474117709995e+00 5.071929094701429719e+00 4.890437779202029489e+00 4.754767687559095179e+00 4.626513174502203007e+00
1.650590210177411143e-01 1.604304317331671503e-01 1.558815670670373743e-01 1.499295326578685972e-01 1.434379980988244874e-01 1.394354573950219722e-01 1.350829817231788132e-01
8.221960943982167258e-01 7.656968883048246299e-01 7.261566550940271592e-01 6.821711728982389200e-01 6.502176587915603490e-01 6.216241345436881449e-01 5.957927412876951045e-01
5.866118718167216528e+00 5.744094954061051972e+00 5.618097263154545828e+00 5.743724821696686966e+00 5.876707889934305484e+00 5.794094024776309304e+00 5.713993811310241533e+00
2.951967587316907338e+00 2.436044795603522939e+00 1.951216810937630886e+00 1.864547638196459189e+00 1.783788276878822909e+00 1.723760859515995225e+00 1.665712098330309088e+00
1.547969040615940539e+00 1.343883532361377364e+00 1.154521909583581918e+00 1.124936618124991128e+00 1.097495406186535627e+00 1.082221824650763997e+00 1.067958044107728099e+00
3.156437900912703487e+00 2.585327913326628479e+00 2.091165506158631171e+00 1.873552248862458969e+00 1.691072275232377242e+00 1.670340774422274022e+00 1.650122428572953659e+00
4.456022350009940070e+00 4.600723316424765841e+00 4.746452734508767257e+00 4.642273564686020926e+00 4.545737878760547801e+00 4.498583868020403109e+00 4.452166537715015693e+00
1.769951967427506601e+00 1.710617644584083497e+00 1.651975569614166917e+00 1.491356736713751463e+00 1.357280040335158366e+00 1.170875833051310932e+00 1.028424344143605840e+00
5.960928815671683978e+00 5.393385856316144533e+00 4.863925523740715740e+00 4.566277387799458687e+00 4.291154082528210623e+00 4.282513899081894060e+00 4.274015150356744286e+00
1.441043322225522560e+00 9.984740989077656170e-01 6.442183903782457977e-01 5.698265126968640182e-01 5.058327093796509688e-01 4.476685376785494164e-01 3.923875645281098556e-01
4.110254782021160125e+00 2.786639018972957516e+00 1.996064289779418965e+00 1.945151493772743434e+00 1.891628261950613066e+00 1.868890241869363367e+00 1.846062899460560125e+00
2.445805248457170844e+00 2.057867452715064882e+00 1.704774649540043319e+00 1.622179366513584853e+00 1.546208302204231222e+00 1.497661351361944115e+00 1.450711810967590498e+00
1.702300822887597676e+01 1.704428395440893240e+01 1.706422314308379029e+01 1.562412601056072781e+01 1.445778933105796860e+01 1.361361695505133262e+01 1.280570314766112006e+01
3.383869467693052080e+00 2.726412729783260325e+00 2.286756810208094848e+00 2.323619687848667681e+00 2.362228576569683547e+00 2.267134193689829491e+00 2.178111844497251592e+00
2.923513363719217217e+00 2.048214006647086194e+00 1.553758613988195814e+00 1.532638050184161216e+00 1.511986816929127064e+00 1.486936231999020475e+00 1.463677066456769760e+00
6.404374101982638123e+00 6.472502066733902382e+00 6.542507020335096790e+00 6.267095871945349117e+00 6.022473846407192077e+00 5.835713463856126104e+00 5.661415651410361072e+00
3.197899055452746886e+00 2.641557057003889319e+00 2.230524947685253334e+00 2.189215395597635005e+00 2.149381081887273837e+00 2.150856639963423245e+00 2.152272009326539948e+00
2.096938591793351403e+00 1.752470990299115572e+00 1.423017373807236918e+00 1.302975099823439731e+00 1.193456934854986606e+00 1.110045338773624657e+00 1.032568324070141097e+00
2.434818349630809120e+00 2.160904767726277154e+00 1.867067194181583734e+00 1.844139047593471803e+00 1.826671318339405881e+00 1.674865086377664625e+00 1.540224213598442304e+00
