4.113719690257506834e-01 3.574113927213370401e-01 3.010646779571233833e-01 2.559875086245167464e-01 2.110216930889264597e-01 1.913677791017674990e-01 1.730763331408033678e-01
3.027719947767387731e-01 1.967669598200280923e-01 1.159622690988695304e-01 1.073320563031845004e-01 9.952194015691033513e-02 9.443125907488050808e-02 8.964632978547333597e-02
4.269709738992473191e-01 3.057435075646822709e-01 2.059641483781828875e-01 1.671956432414515858e-01 1.337176823170623807e-01 1.167909311324904498e-01 1.000841984727072337e-01
1.725810380615553363e-01 1.508773845490180288e-01 1.301614189520870490e-01 1.316117602518440954e-01 1.329715273184195745e-01 1.273579217242620243e-01 1.218662275144668655e-01
3.089149138386753646e-01 1.167800791531446308e-01 1.769944456322200196e-02 1.688090730982180071e-02 1.612810982194161011e-02 1.617458178918011399e-02 1.622142794008752872e-02
1.932790453632936001e-01 1.526927856172818898e-01 1.319085057256238203e-01 1.236059161705195808e-01 1.164785563033826771e-01 1.156614665007063281e-01 1.148454752979491955e-01
2.667244333888476593e-01 2.299815445302117178e-01 2.010301753185095019e-01 1.911983258146746356e-01 1.827930016822340020e-01 1.723267929658723607e-01 1.628340470136037388e-01
0.000000000000000000e+00 0.000000000000000000e+00 0.000000000000000000e+00 0.000000000000000000e+00 0.000000000000000000e+00 0.000000000000000000e+00 0.000000000000000000e+00
4.046636889700990780e-01 2.804066477549040926e-01 1.703351714654646465e-01 1.516322520740228108e-01 1.348373782245723407e-01 1.279820876529327300e-01 1.212563797006529082e-01
3.677660008067532571e-01 2.065169421976645048e-01 5.359211032363766364e-02 4.005969962788528960e-02 3.018391653137745059e-02 3.022147377967066353e-02 3.025865939537195765e-02
1.507959809464899936e-01 7.806559052763901996e-02 3.045312591074827296e-02 2.472978105143358238e-02 2.041086303230365412e-02 1.696341528923751493e-02 1.374944945024253636e-02
3.547850829881132317e-01 1.967931356639910923e-01 5.410927469934296435e-02 4.456007527320377665e-02 3.522679794959195088e-02 3.523346937956720049e-02 3.524034810381351107e-02
7.048240289047135176e-01 4.319807181178563771e-01 1.933093626560984934e-01 1.674933450358226661e-01 1.415902299090375238e-01 1.329958272593399771e-01 1.246526665842573045e-01
4.848044563754320690e-01 2.900130234419318054e-01 1.379821736718477576e-01 1.057756490060164645e-01 7.565103933582084661e-02 6.387978363550947392e-02 5.230989663019544600e-02
4.933042346991218796e-01 3.216580117861774224e-01 1.324428014279743770e-01 1.044039768386870043e-01 7.726333607537107240e-02 6.888479030229112399e-02 6.040782964529288479e-02
4.778518688086461630e-01 3.373862538034476111e-01 1.964980360926328329e-01 1.851635991560397210e-01 1.739865002896354984e-01 1.635415417492473711e-01 1.537468926426506233e-01
2.958901563437497245e-02 2.848184525793780869e-02 2.741301961552163394e-02 2.688673775471762950e-02 2.637850822713414325e-02 2.552971690894076731e-02 2.469971386248366249e-02
5.361620600865699832e-02 3.229276700756171514e-02 1.317747715123484056e-02 1.201680746934724944e-02 1.096152507147694563e-02 9.545830656353077731e-03 8.367604193253393163e-03
3.608535428395410194e-01 2.683913094728949122e-01 1.930966028874716856e-01 1.682378273492845799e-01 1.467580982600139305e-01 1.321692894993940770e-01 1.181640490246620157e-01
3.027286257353590804e-01 2.956357860531589887e-01 2.887026114581204839e-01 2.771733308791359818e-01 2.648110453525293062e-01 2.561979421484513741e-01 2.472653078502342339e-01
5.281841750314688611e-01 3.083071020073274715e-01 1.273567978778709087e-01 1.097742444075128082e-01 9.298849371788722729e-02 8.671850460114872983e-02 8.074498066827029419e-02
3.596406273148028965e-01 2.575916063257104871e-01 1.445924654214662819e-01 1.174689100828361643e-01 9.323937354095401808e-02 7.713068568720345131e-02 6.206857409460497105e-02
4.181111002995873127e-01 3.259748492218661475e-01 2.377694819296379547e-01 2.072655278664452538e-01 1.723117316688972389e-01 1.504810271001721378e-01 1.295316379509167393e-01
5.611280287781990062e-01 3.533859434008954636e-01 1.503431138652659149e-01 1.139396686872912179e-01 8.117693822888956412e-02 7.273227014890537578e-02 6.426398283027921765e-02
3.089149138386757532e-01 1.167800791531447141e-01 1.769944456322200890e-02 1.688090730982180765e-02 1.612810982194161705e-02 1.617458178918012093e-02 1.622142794008753566e-02
4.112258950911043542e-01 2.931593200893323203e-01 1.247717475659717579e-01 1.024093749842258649e-01 8.285614227008349097e-02 7.330408897055963602e-02 6.460835354029588473e-02
5.497670034578914372e-02 4.779684635291977374e-02 4.217927060765446629e-02 3.065115765826741459e-02 2.318413411301129684e-02 1.744228392824410598e-02 1.233778101322378917e-02
2.143857140929445737e-01 2.222770875125230639e-01 2.286285663829351333e-01 2.214566176800939201e-01 2.169651192986958299e-01 1.930699727250577702e-01 1.702876597103406275e-01
1.463187016464123080e-01 1.282556182993063454e-01 1.119340109834540409e-01 1.071104628648988227e-01 1.027732201318515698e-01 9.034401708161876599e-02 7.825331127551388155e-02
9.196412482454609238e-02 7.744695761610732865e-02 6.335603255083528673e-02 6.565427448912522501e-02 6.791825901609335747e-02 6.918641366554376115e-02 7.051031349680887683e-02
1.296198066729184820e-03 1.164043659110697250e-03 1.056343702010061579e-03 1.045663568980812475e-01 1.672036418240621658e-01 1.689625957578884674e-01 1.705346466532817462e-01
4.458470163845705825e-01 2.627617720022893955e-01 1.175532854210820377e-01 9.345691745898640490e-02 7.108127969809481528e-02 6.504658653664062429e-02 5.928252845608669025e-02
1.520331930252518393e-01 9.820268198095050138e-02 5.105512593137225691e-02 5.989327363062813686e-02 6.676846067724832856e-02 6.645866585697224327e-02 6.617383679919366934e-02
4.499750862744141822e-01 3.334218178205246019e-01 2.417912571045281733e-01 2.479689436579185224e-01 2.532412596124159476e-01 2.445157925856642767e-01 2.361943254339772813e-01
3.417366212833267136e-01 2.038160839931195956e-01 7.056976027869048262e-02 6.305256510189483077e-02 5.588904605842767020e-02 5.072525475999936639e-02 4.617292895687468562e-02
8.984111032083900994e-02 8.567638000675689702e-02 8.144035491073745026e-02 6.534727346004845505e-02 5.203037916235348642e-02 4.768504306281107913e-02 4.315140879835272641e-02
4.681311138124295557e-01 3.790008126567636082e-01 2.664627018057030838e-01 2.500901836372022013e-01 2.348364189693902260e-01 2.064375068229122312e-01 1.807335002684523628e-01
4.397019727926314014e-01 2.667032388744772775e-01 1.064514072022225838e-01 8.520650313339016291e-02 6.580643020856818959e-02 6.269807218415973660e-02 5.962504716390808202e-02
4.564397704645873910e-01 3.451339592757586838e-01 2.167976011580401430e-01 1.761288180634432432e-01 1.415407824092460853e-01 1.160232642630875666e-01 9.294420301862857392e-02
8.341680582580049963e-01 4.863462800611500492e-01 2.566615208312924556e-01 2.177326175083769966e-01 1.774457809028347766e-01 1.657927130648003400e-01 1.541497454026346248e-01
2.958901563437499327e-02 2.848184525793781910e-02 2.741301961552164781e-02 2.688673775471763991e-02 2.637850822713415713e-02 2.552971690894078119e-02 2.469971386248367637e-02
4.431940975762060364e-01 3.442997972837228970e-01 2.578096830185774291e-01 2.507786019114108256e-01 2.444009281072635764e-01 2.301331692442894761e-01 2.159583521007817364e-01
5.824327169883337929e-02 6.381181306263973563e-02 6.755413303669591252e-02 6.510104192010263136e-02 6.264058755073545481e-02 8.144410858752630655e-02 9.816827566746855194e-02
3.929752261763135857e-01 3.028459033824435487e-01 2.268506167493926640e-01 1.913719433381962376e-01 1.603482156365933775e-01 1.479085873763550940e-01 1.361307123898415905e-01
5.959357552709633465e-02 4.063650250909331407e-02 2.330319717015792019e-02 2.027333880050402257e-02 1.755835407374824186e-02 1.509405626385409462e-02 1.297423253118006221e-02
6.418274286468412804e-01 3.968596815939381961e-01 1.297298763881969408e-01 1.031891590232831141e-01 8.387120073061003767e-02 7.720529525756716915e-02 7.109394984945743845e-02
2.485778149398865100e-01 1.574806604262625476e-01 8.452165241771478210e-02 7.408140663405066162e-02 6.349399035220942844e-02 5.947632032327850732e-02 5.556035375061011555e-02
6.647387710545806794e-01 4.494734687396450545e-01 2.368130215529260785e-01 2.396617262563125739e-01 2.423931233817494535e-01 2.302855397829898787e-01 2.174714996813382761e-01
