3.155061264643995056e+00 3.086542438171602232e+00 3.163699652122431871e+00 3.374140280787837121e+00 3.511449542805876955e+00 3.561980089130155847e+00 3.617120206329591081e+00
3.937214363506928994e+00 4.018270461474492627e+00 4.106142732083514879e+00 4.443325784795435496e+00 4.175994454612550477e+00 3.747430108427222351e+00 3.537330943870966138e+00
2.570452310910624760e+00 2.362815528761156525e+00 1.959505120429418268e+00 1.911783176336719015e+00 1.887991679607425644e+00 1.872108282519708844e+00 1.849803525004158455e+00
4.374659168858316960e+00 4.493940360382049803e+00 4.422596579073497125e+00 5.821581180394532318e+00 6.182149213788568964e+00 6.348642549602093510e+00 6.213451050677683440e+00
1.534977178390078745e+00 1.457519434346428611e+00 1.417982677080724452e+00 1.411828592821928741e+00 1.325428817996891162e+00 1.159466100142486189e+00 1.031239893885391723e+00
1.479048171927363597e+00 1.454694708911795864e+00 1.456309300795042505e+00 1.480132158883925575e+00 1.462648726077438122e+00 1.454676165470304205e+00 1.480719219857512536e+00
4.645509561823357170e-01 6.397355869098426961e-02 5.997948305770859495e-02 5.679643197578555791e-02 5.669557917614865411e-02 5.665042034579571839e-02 5.655879019830937354e-02
1.494859595649795869e+00 1.224868256160184021e+00 1.162256842226568665e+00 1.124203261549748589e+00 1.100603458976162852e+00 1.048955763750525794e+00 9.879570517840349231e-01
1.037891815259865957e+00 8.629060443644239742e-01 7.997717832288111506e-01 7.833174398754088052e-01 7.397467172370730815e-01 7.346924678465800440e-01 7.289594840510607021e-01
2.213057901787398585e+00 2.406767250484492138e+00 2.392291821776003857e+00 2.303725619378991230e+00 2.316917339910841367e+00 2.333947215843348300e+00 2.385887005673587247e+00
1.447342068074209820e+01 1.464631330084097982e+01 1.456207611944375913e+01 1.466561230911693237e+01 1.374292091521959414e+01 1.021073432737260234e+01 9.366200521623310848e+00
1.544903680489843723e+00 1.296386812297422697e+00 1.252566824652570077e+00 1.176712456055871270e+00 1.159751059071629120e+00 1.146680493891990116e+00 1.121433121973074654e+00
1.222768358915952369e+00 4.662630094048615947e-01 4.679425989735342961e-01 4.689698892484054915e-01 3.725992589503276942e-01 4.104782738017437871e-01 4.204676629602985827e-01
1.102961438511645742e+00 9.036970369562713490e-01 7.661622532539825725e-01 6.816311989356385048e-01 6.893982438207972852e-01 6.854536616898819767e-01 6.705618181937393896e-01
9.959869883971694815e-01 5.607569086609511810e-01 5.609469013860390874e-01 5.378028076756912190e-01 4.615653488869954635e-01 4.648967645206944499e-01 4.640226382956419426e-01
2.795865163067037695e+00 2.068768936188463581e+00 1.284090213633144462e+00 1.197418174672689073e+00 1.148858459733769877e+00 1.140004023798889321e+00 1.059971062570621125e+00
1.402203700931516916e+00 8.655025049204975174e-01 8.608047036779156169e-01 8.602125713850479194e-01 8.589623526205878434e-01 8.526255818764096883e-01 8.245823515143013704e-01
7.812712123503882999e+00 8.231826789591446314e+00 8.448857214350123712e+00 8.964461132908816410e+00 8.582823993594494993e+00 6.608901040270191096e+00 5.419074171334444578e+00
2.737281352371626841e+00 2.673681403732330875e+00 2.495970084691318647e+00 2.350774900565401726e+00 2.140725555920065304e+00 1.802054574073486348e+00 1.624153741951318564e+00
1.295191564262325956e+00 1.285671559980245515e+00 1.205513081520961371e+00 9.299226387668667604e-01 9.221926974695107138e-01 9.213929486702822080e-01 8.224139138689146034e-01
1.559274652687173024e+00 7.301344503014935983e-01 6.688310305050449989e-01 6.412492557729463361e-01 6.208690223992626711e-01 5.942347490239425767e-01 5.798948814096654969e-01
1.275888058028960659e+00 1.022337522191486103e+00 9.455943386294056729e-01 9.329200626521843009e-01 8.993188069908373272e-01 8.615799516380543421e-01 8.055923784580446556e-01
1.256569203810265156e+00 6.289701672838090563e-01 4.950342385217902930e-01 4.418968673344593756e-01 3.753379260899008529e-01 3.546711207103765418e-01 3.296319739852431319e-01
2.001229972292868808e+00 1.489950547397403735e+00 9.832277336762792475e-01 9.272568988802825096e-01 7.961875579151727056e-01 7.275222827779372903e-01 6.516305531999688760e-01
9.509295533284452873e+00 4.246154386836000327e+00 3.981168960374259047e+00 3.935682528799994806e+00 3.499513495715380174e+00 3.180186905240507400e+00 2.883383207898450706e+00
1.745259307844861718e+00 1.225663864916133772e+00 1.125965518217413530e+00 1.059528461940545174e+00 9.246649209492120436e-01 8.675819033355303134e-01 8.423251135247290522e-01
3.542722180349564098e+00 3.818224251667904579e+00 3.692158030444577577e+00 3.695154014306313517e+00 3.793948861971961239e+00 3.696098085213896933e+00 3.777152073063470006e+00
4.364268455048526896e+00 4.190606497705807065e+00 4.222971468968739650e+00 4.098847684390225510e+00 4.063586036553152425e+00 4.044043220618680046e+00 4.059154268370610552e+00
1.344990775892729307e+00 1.190692042423431296e+00 1.177018463337046184e+00 1.096365276682445877e+00 1.038349590952250656e+00 1.036515313415612871e+00 9.774524587557242850e-01
7.168960157088208884e-01 1.616756085953185984e-01 1.450847129204863029e-01 1.340332452467943580e-01 1.170155059290114985e-01 1.134270777122457496e-01 1.081417330445281766e-01
5.052413224913460787e+00 4.915279922257732359e+00 4.883392257485732024e+00 4.780306339631845702e+00 4.705400186715305466e+00 4.565013790314247366e+00 4.464630999498215402e+00
2.251701386596773435e+00 1.942692318423712816e+00 1.859987494478377412e+00 1.807834726117402813e+00 1.767747298714777759e+00 1.712316858014984122e+00 1.664227828061336734e+00
1.773188840656952259e+00 9.669472056849027775e-01 9.448348475208833142e-01 7.089224089358207026e-01 6.103231399921384970e-01 5.888289569781280930e-01 5.665665744019664496e-01
1.166029884056233312e+00 8.236509242720939650e-01 7.560453744052845204e-01 7.284932785060461713e-01 6.891954167904641437e-01 6.912874525170378259e-01 6.695393107834294311e-01
1.006651426737513066e+00 5.214346558789740849e-01 5.012919639032050734e-01 4.777047433987306468e-01 4.345161222115317967e-01 3.901859610255037913e-01 3.788158587876480632e-01
1.342835275975270015e+01 1.394495288078939588e+01 1.373412010045185561e+01 1.389497710457319712e+01 1.392411738773583529e+01 1.362493257105462163e+01 1.346238820807616676e+01
1.664203413474270699e+00 1.610594089843486287e+00 1.575120823531309444e+00 1.570605855544134899e+00 1.564527969672300456e+00 1.557249637890788518e+00 1.564019220726303061e+00
2.347784426836014404e+00 1.595384262577917101e+00 1.479907516047993532e+00 1.439073307043022165e+00 1.375053262084803496e+00 1.362233352554631516e+00 1.337942392578090223e+00
6.307054755549772018e+00 6.762850663293271225e+00 6.939813583868523317e+00 5.976132347025146174e+00 4.921410814267317413e+00 4.557929107310837225e+00 4.443753946779326114e+00
3.852598150259075815e+00 3.885657369791856386e+00 4.088129894439816781e+00 4.026711761050348670e+00 4.038640066722674504e+00 3.948164021086291164e+00 3.750606352687724243e+00
6.716965454119260270e-01 4.369274902762638191e-01 4.064753153614035219e-01 3.957224288601746687e-01 3.800178027858017171e-01 3.674576955486275609e-01 3.475467470656585789e-01
2.107285161153264585e+00 2.172618080945313501e+00 2.087033801883524387e+00 2.179627922770013715e+00 2.726292509423188903e+00 2.727398273273058837e+00 2.803841247488311428e+00
1.092775043818994485e+00 1.201210341730116316e+00 1.112547699512806521e+00 1.130681024497679044e+00 1.131418515420559379e+00 1.177550394656060151e+00 1.160989848186473328e+00
1.494859595649795869e+00 1.224868256160184021e+00 1.162256842226568665e+00 1.124203261549748589e+00 1.100603458976162852e+00 1.048955763750525794e+00 9.879570517840349231e-01
1.684000071842362800e+01 1.654374622736736811e+01 1.645235740674002045e+01 1.636830604855349591e+01 1.631912873068082703e+01 1.609536310948832849e+01 1.623574260041640116e+01
2.143540566875401954e+00 3.474966051940099998e+00 3.468045682268160679e+00 3.538778675622288983e+00 3.527188816420627759e+00 3.418792895249603170e+00 3.238757974256306404e+00
1.971313754532955098e+00 8.860306833740150267e-01 8.850753954852789152e-01 8.265707061392307820e-01 7.859485354274036162e-01 7.667570852838290207e-01 7.542272042507602858e-01
1.652909775137592518e+00 4.699237172529315831e-01 3.969967649055083370e-01 3.765840358928247977e-01 3.518944317608866390e-01 3.367765205041798882e-01 3.300023121209074151e-01
