4.018963719038363691e-01 3.306506769960683711e-01 2.799729954234035922e-01 2.468000955818679953e-01 2.008760160439802822e-01 1.766824981800064476e-01 1.601280166185305442e-01
2.933094644185086919e-01 2.125254808474152379e-01 1.532808508181428553e-01 1.074377491789369754e-01 1.248720803433525373e-01 6.948524453552981650e-02 9.551138970102822368e-02
5.592016592856566826e-01 1.968817060827555976e-01 9.520344594378564451e-02 1.031829535683057852e-01 9.741206717027917072e-02 9.345655994555816803e-02 8.348851339001246707e-02
1.347102794960540473e-01 1.188139203091135299e-01 1.234790691433408916e-01 1.121534645927140528e-01 1.084735102507232984e-01 1.035411156007246258e-01 9.376558267000691116e-02
4.024154274056301883e-01 1.714518129960905801e-01 1.318618409061621533e-01 1.278522865100826522e-01 1.129336013911671072e-01 8.714520522860415286e-02 7.065415886367393261e-02
2.847603049556957089e-01 2.647668767105055276e-01 2.576141797969809244e-01 2.474106230959476904e-01 2.451722569986954370e-01 2.395908051266617267e-01 2.322673911582038841e-01
4.259703002408160577e-01 4.070315417052558504e-02 3.299776659850264110e-02 3.103000039120828307e-02 3.074680210806288172e-02 3.049047153560153350e-02 3.022741127015817278e-02
2.470317236521540338e-01 1.734418297034176770e-01 1.325993882115757139e-01 1.100717770366410053e-01 1.015959104822663911e-01 9.787266892018620101e-02 9.073203499102695802e-02
4.179665794461782102e-01 2.880182641677742073e-01 2.574871343345406238e-01 2.518127896564915091e-01 2.382391131258854156e-01 2.353257895675608391e-01 2.324126719287808174e-01
4.080139465050415803e-01 2.048423925690871505e-01 1.597642305272300445e-01 1.539669892055412492e-01 1.534322742188037325e-01 1.541877753026569819e-01 1.448133307109761292e-01
5.467859974832271069e-02 4.503481363238098778e-02 4.179445012343165761e-02 4.036290641369293802e-02 3.331721612662198045e-02 2.546443988466311550e-02 2.420894241501686875e-02
2.336470315452988944e-01 9.606481026469258777e-02 8.979297114370023147e-02 7.795148383974079276e-02 7.574149764314948297e-02 7.372332598866182529e-02 6.932629283978750112e-02
6.572879980810367728e-01 1.857990156893559730e-01 1.753624438088961512e-01 1.765069646045147600e-01 1.371222355677263749e-01 1.354172598846583586e-01 1.240788706097581823e-01
4.046140661740149636e-01 2.939076734513973999e-01 1.821244868534605543e-01 1.467322709222400046e-01 1.072773452727792259e-01 9.107764372151924692e-02 8.828329134140135148e-02
4.103893587402038245e-01 3.459839739447762713e-02 3.520635692571163350e-02 3.469002949510452405e-02 3.166463674823775248e-02 3.205716563906532701e-02 3.218427294073345629e-02
8.307681298463212016e-01 4.586399737634888063e-01 1.643098523147133172e-01 1.103495494365947238e-01 8.920096463900678563e-02 8.463632724486741532e-02 8.100700172634275886e-02
3.929252102328749108e-01 1.938337045877939757e-01 1.896681415689325800e-01 1.838888894235088944e-01 1.788979929445988215e-01 1.749346842744165242e-01 1.777699453423232934e-01
7.137833866296941498e-02 1.676027722382062227e-02 4.200361573649286605e-03 4.747746867256893641e-03 4.673222773575112267e-03 4.084027270501723941e-03 3.801152511067800409e-03
2.428174777050650102e-01 1.673846470908517126e-01 1.559238996161344815e-01 1.342849208560222829e-01 1.162773310586402292e-01 9.870110825497485640e-02 8.283308675694366074e-02
2.142139142090223047e-01 2.023604801797095343e-01 1.890050071774734552e-01 1.510798890642159886e-01 1.521575822493707875e-01 1.420104890681306298e-01 1.213129681722905778e-01
4.247536258723192959e-01 1.728235150435155631e-01 9.759254057497954160e-02 9.030911394062436648e-02 8.643115060855183218e-02 7.769165425076346443e-02 7.304713211469703038e-02
3.137436370582755152e-01 1.416662553419651138e-01 8.790024301659145334e-02 7.336228301891509207e-02 7.114748623183769771e-02 5.981570385085790281e-02 5.421350841311935870e-02
4.625486338369350636e-01 1.014653400623570095e-01 7.638658390303418311e-02 6.322717789993023696e-02 5.382417541133920763e-02 5.231361873073742813e-02 4.231611566874767666e-02
7.151206705746484538e-01 4.257188904662184692e-01 2.863567968161262467e-01 2.608029642130598180e-01 2.148883426384638473e-01 1.652821556873535491e-01 1.440153449179988887e-01
2.574507796370727464e-01 2.432876898863219582e-03 2.387482165215759275e-03 7.765968367259527957e-04 7.807215432460354581e-04 7.649188535560014430e-04 7.594578432505277301e-04
3.669657331087212704e-01 7.542770921706369591e-02 7.383499952258867904e-02 7.231019059712348596e-02 5.966798661558898181e-02 5.875579924654649594e-02 5.827632470038101448e-02
1.942912786769528388e-01 1.342492860248461484e-01 1.481840382980289528e-01 1.403605039825452094e-01 1.342478649458863915e-01 1.252843073233351479e-01 1.135276522410277183e-01
6.709047598037075344e-02 3.069011448936774175e-02 2.562749809317884514e-02 2.840930258817674081e-02 2.929815246710846741e-02 2.388637766056721234e-02 2.091234628175663718e-02
2.506807005251771581e-01 2.078413619915661648e-01 2.144407196594596277e-01 1.930470435608979407e-01 1.846992135524933853e-01 1.820791727671772220e-01 1.642579816784559554e-01
3.257254984651743457e-01 3.459076564982371815e-02 3.587068412254344058e-02 3.317519967731510228e-02 2.599916601143754252e-02 2.398860681111849094e-02 2.038433867248244657e-02
1.771334885687402549e-01 1.397969634877032352e-01 1.179463364476210085e-01 1.105276415305923160e-01 1.083698051272955487e-01 1.006551834973323234e-01 9.480611641402243717e-02
4.835741063810591323e-01 3.030517143991286466e-01 1.880534935718985445e-01 1.761153269104747676e-01 1.272536504192871010e-01 1.135908464150401503e-01 1.054466849397732581e-01
5.061766588859962779e-01 7.715891332377557144e-02 6.044662172139631667e-02 4.486901418996496610e-02 3.396829283597275345e-02 3.411170946971416734e-02 3.359774032965374968e-02
4.704368444941127159e-01 3.055674912301978297e-01 2.505614202619231845e-01 2.423211078104810512e-01 2.253926609817714366e-01 2.224391031384329864e-01 2.082437070215175379e-01
2.915958106882820533e-01 9.647638512407076539e-02 9.050994980772739118e-02 8.510371648734976757e-02 7.489261475943548296e-02 6.783360449328013075e-02 6.110491770203952538e-02
6.696777791225143328e-02 5.660844569176480545e-02 6.390368233229487549e-02 5.976824156083353212e-02 5.717409061918519303e-02 5.838696068143570117e-02 5.428017980786652846e-02
3.790117057293213576e-01 3.075923291257511294e-01 2.768992040836750212e-01 2.591668030886865037e-01 2.515930240913357707e-01 2.471941176359850612e-01 2.388956989489649241e-01
3.684475701475954379e-01 7.029250269131293027e-02 5.388382201085324674e-02 4.732713478878475960e-02 3.958926214709906216e-02 4.005833036636001487e-02 3.622077560995238393e-02
1.807550883960697408e-01 4.873773554406494318e-02 4.802554842932484080e-02 4.684585457489831573e-02 3.927848286563231928e-02 3.659194555368160129e-02 3.696535196682772251e-02
3.677676685316397798e-01 1.959899643483324905e-01 9.158557947711615244e-02 8.373117987482428526e-02 7.260781741126863531e-02 7.204202569166880121e-02 6.935740322228979571e-02
2.660223283723672782e-01 1.410107386433006871e-01 1.255325674193561447e-01 1.207536917455592079e-01 1.116966066770834071e-01 1.048012509345774418e-01 9.420167575992928477e-02
6.226355339672596800e-01 5.735344396495281050e-01 5.257209807912834876e-01 4.907446693564259665e-01 5.091809487366072418e-01 4.007028609767306349e-01 4.513647650228757580e-01
1.047796829435040326e-03 1.111051513452477501e-04 1.059285495823786901e-04 1.046797832298061444e-04 1.049950043760587535e-04 1.056301173500434637e-04 1.060297768400113153e-04
2.470317236521540338e-01 1.734418297034176770e-01 1.325993882115757139e-01 1.100717770366410053e-01 1.015959104822663911e-01 9.787266892018620101e-02 9.073203499102695802e-02
4.025611092772780203e-02 7.621542040782271037e-03 8.548594972067519865e-03 7.994337175556138000e-03 7.411554943172736845e-03 7.797681939879597644e-03 7.059180270684081888e-03
8.911916444112805147e-01 6.206489962947199235e-01 6.150844288995042097e-01 6.100579185707674101e-01 6.078351145278514389e-01 6.043513322503545337e-01 6.005224292968455169e-01
4.907359920150569654e-01 1.266357653059202448e-01 1.186999270937437179e-01 1.118258364990534770e-01 1.042182006235660430e-01 1.027604085574953391e-01 9.195831384497202277e-02
6.788393887639404545e-01 2.069684000685853009e-01 1.503953493259718721e-01 1.161255394026400323e-01 1.302438521565688345e-01 6.518493727816078442e-02 7.152840933333919071e-02
