3.824779708302067149e+00 3.573632712803646694e+00 3.337517881129966835e+00 3.368213856686557595e+00 3.399549191122977820e+00 3.363095018739179043e+00 3.327001249197684807e+00
1.887639078789050018e+01 1.661574618964754535e+01 1.480517013166705809e+01 1.415052296424474321e+01 1.356211544097833333e+01 1.266380470231045585e+01 1.181574073765919408e+01
2.747746961505632690e+00 2.362531246253730899e+00 2.034529148128187970e+00 1.910788505726431108e+00 1.799009074803761266e+00 1.745227322726688568e+00 1.691996224835595086e+00
1.092318244454619602e+01 1.319357598216357630e+01 1.544123253266844031e+01 1.664201834793094648e+01 1.778795842979818786e+01 1.749319613573358012e+01 1.720688906126382633e+01
4.489942888515130015e+00 3.532587477945899668e+00 2.740831343065199821e+00 2.502133929754033037e+00 2.291196073670560995e+00 2.194208198309706148e+00 2.099943182333385838e+00
1.301671217334273434e-01 1.097309523512689927e-01 9.583611755368567908e-02 1.043100749052321002e-01 1.111771703640239556e-01 1.008183324515974921e-01 9.166539678387448931e-02
9.389808732612054953e-01 8.952326064294833241e-01 8.564494982134907008e-01 7.962737625022658916e-01 7.431238221174366609e-01 7.105557056491345058e-01 6.790356274513099644e-01
0.000000000000000000e+00 0.000000000000000000e+00 0.000000000000000000e+00 0.000000000000000000e+00 0.000000000000000000e+00 0.000000000000000000e+00 0.000000000000000000e+00
5.035187953290874319e+00 4.707406949116761830e+00 4.397288234923172112e+00 3.937227849136323510e+00 3.570817368811955106e+00 3.546689864262965397e+00 3.522727642064397813e+00
2.351767451153964128e+00 2.005775664104982425e+00 1.658451715981204222e+00 1.337596821684001736e+00 1.101411349749978896e+00 1.080671185891319830e+00 1.060286714620708004e+00
2.258041627661384609e+00 1.320678843359245347e+00 8.635323616104777500e-01 7.988499829612460967e-01 7.443536204700809122e-01 6.973734435007976629e-01 6.533106862111875968e-01
1.715656475303646067e+00 1.300726850344809282e+00 9.294287968732716232e-01 8.022056990022610190e-01 6.979935084362969278e-01 6.368724760475092950e-01 5.824970127515778362e-01
2.183222522896592022e+00 1.561428465836874446e+00 1.051756932870195893e+00 9.988897925679466328e-01 9.446415103226164511e-01 9.353046854822700817e-01 9.258452870187875439e-01
4.918767271637981331e+00 4.514061102660737568e+00 4.137790590683893655e+00 4.030801284394226691e+00 3.925742392294848226e+00 3.942424821187736850e+00 3.959625408070115871e+00
1.240965047120510034e+00 7.845636503869829470e-01 4.159471634193327438e-01 3.643968035928569216e-01 3.162393562725577256e-01 2.934288116523136036e-01 2.715856088678508806e-01
2.897622687799066288e+00 2.651664836040442896e+00 2.393545050753463688e+00 2.432121057884469195e+00 2.474775813595488039e+00 2.460200448367380055e+00 2.445520162220681915e+00
1.113520022963024436e+00 7.718940518292201070e-01 5.262101043521817401e-01 5.029022596629095787e-01 4.793631066438119870e-01 4.283818422616521016e-01 3.843945987289469901e-01
1.825513733280307704e+01 1.840246463337695815e+01 1.855995025400320131e+01 1.827505973992850485e+01 1.800577022239198399e+01 1.754337012065764512e+01 1.710231271698684452e+01
3.253638974834518915e+00 3.094350485315077837e+00 2.942913056994003629e+00 2.887504972046248675e+00 2.832537375480317365e+00 2.771072579301387950e+00 2.710740921515168544e+00
8.628723883301682163e-01 8.483138732095941714e-01 8.337866057193432656e-01 8.498900049762344588e-01 8.669278580459491845e-01 8.652979026792548822e-01 8.636345488767022127e-01
3.637666647192719260e+00 2.663375102386663418e+00 1.900514356222086310e+00 1.751854263478788365e+00 1.614450359351592201e+00 1.595238540960581375e+00 1.576048808792529288e+00
3.374260757914726128e+00 3.292629193913075181e+00 3.204641801979829729e+00 3.130861459407674019e+00 3.056709500464326545e+00 3.008356048183029152e+00 2.960156134383203685e+00
8.327161042035967853e+00 7.427880734794610085e+00 6.676606576969533080e+00 7.147774166168036736e+00 7.678614947126289003e+00 7.470242428352175779e+00 7.272031160749034662e+00
5.253497823367572650e+00 4.846338246825310669e+00 4.424506849862022584e+00 4.184789925014540835e+00 3.965961844590825791e+00 3.893737821810102417e+00 3.821447282085436825e+00
1.644647978024956325e+00 1.018969655836774679e+00 5.520022064473640855e-01 5.133346232013110688e-01 4.771610755289188988e-01 4.550483460581678519e-01 4.331966026807697046e-01
1.212758574783516563e+00 7.119696342131927036e-01 3.746513869751602055e-01 3.210924851563754512e-01 2.742849061683733103e-01 2.591324979221101277e-01 2.444888833871488310e-01
1.789940525350813161e+01 1.535307293016372299e+01 1.332191254710702921e+01 1.286277829005664763e+01 1.242700899485882005e+01 1.195248919677957211e+01 1.149154824651607321e+01
1.210577911592721545e+00 1.129840098052801167e+00 1.059329223518892693e+00 8.990154599906747812e-01 7.793861935337097480e-01 7.275245408437361894e-01 6.783948005023827665e-01
5.755525290619372569e+00 5.558390511341447571e+00 5.378390687520423263e+00 5.301899343629909112e+00 5.228849184159129138e+00 5.063756655918798089e+00 4.908655079068454441e+00
1.114565837073119781e+01 1.074978118490365020e+01 1.034462789319905873e+01 1.039726406111122969e+01 1.044788381847106429e+01 1.029063576285628123e+01 1.012826102697336239e+01
8.896507681550851476e-01 8.254777425783470512e-01 7.699652509780346987e-01 7.234109998874529435e-01 6.816793769123975499e-01 6.748468121690809340e-01 6.681343738279978961e-01
5.827163628855648980e+00 5.244730254448701778e+00 4.732388567671198309e+00 4.791007622847788916e+00 4.852143736778174343e+00 4.709623546256895388e+00 4.574374034834650438e+00
5.945578107486726438e+00 5.433021510339880678e+00 4.915109434582324965e+00 4.867588096419899202e+00 4.822023712621103186e+00 4.708964293060831530e+00 4.593807024800689476e+00
1.533969581793354520e+00 1.383975178079717372e+00 1.235208215729797665e+00 1.220177810629363924e+00 1.204033799072443012e+00 1.201807347118275970e+00 1.199518259435282674e+00
3.053919229695754023e+00 2.398469607441783502e+00 1.858393610248366690e+00 1.792655273276216876e+00 1.730578528777163561e+00 1.645513801403087228e+00 1.562543095543175609e+00
5.753969419121378159e+00 5.905121024772059357e+00 6.061359230292848288e+00 6.090684094773703094e+00 6.118171371517533430e+00 6.043282917392194697e+00 5.970551817867168154e+00
1.950002697297854803e+00 1.828275198810739965e+00 1.677180858522818951e+00 1.599341598148927401e+00 1.525601528189054923e+00 1.433311645069115681e+00 1.349130814352892838e+00
5.922778289666693396e+00 5.392943969247828484e+00 4.892988541965304528e+00 4.622275242293515163e+00 4.370468641851455338e+00 4.314571745749843146e+00 4.259927274898033467e+00
1.455170934091319479e+00 9.683188718919623073e-01 5.841790971824649681e-01 4.885588492829262552e-01 4.050578466449075155e-01 3.695206252642007083e-01 3.350244136001361839e-01
4.169841338012965970e+00 2.884681864929556472e+00 2.092879805505432955e+00 2.032931317545306094e+00 1.967814977146070898e+00 1.918427009319703780e+00 1.870194301500520462e+00
2.697555749061979924e+00 2.223565988413060079e+00 1.824100018432080139e+00 1.703153082596470469e+00 1.593721753625585658e+00 1.550914613220533145e+00 1.508977558630837379e+00
1.717922323714212496e+01 1.626978477582695959e+01 1.543320078281483987e+01 1.570514986531591717e+01 1.595675988397319855e+01 1.512327471559944669e+01 1.432406128092203623e+01
3.415331199420044150e+00 3.360462928165048435e+00 3.305900712252330731e+00 3.004048829411011035e+00 2.766422249096996300e+00 2.808127077198267152e+00 2.851826265190536613e+00
2.035489246085884218e+00 1.823864235343226836e+00 1.632637385644540862e+00 1.567973742582717822e+00 1.505532199236874424e+00 1.456454548030114093e+00 1.408952898823746080e+00
6.430681873431636220e+00 6.463716113983096534e+00 6.498961170045608249e+00 6.431667501772545315e+00 6.368199109786766954e+00 6.235368956088246151e+00 6.107726573647472179e+00
4.137581973847003880e+00 4.278588878256317507e+00 4.495593274774931203e+00 4.266022259640638303e+00 4.061948741543238484e+00 3.835146468687858246e+00 3.630364859399729305e+00
4.117634053147673612e+00 3.597576356841096334e+00 3.167512373113442692e+00 3.001654464735207473e+00 2.848835512585293106e+00 2.745279702551083556e+00 2.645781377687665969e+00
2.436607142381486568e+00 1.946747500098665151e+00 1.475008683228299589e+00 1.554318500035847483e+00 1.631034193727711079e+00 1.529543352902207776e+00 1.435078474673661786e+00
