3.819787073654854925e+00 3.770571344459054952e+00 3.721362360942598979e+00 3.797714420459306961e+00 3.875043225721355178e+00 3.833430232088696599e+00 3.793173426419177652e+00
1.880678139479912403e+01 1.789967967021554429e+01 1.715305134471258697e+01 1.628872165309373088e+01 1.546389544079024780e+01 1.434646382771989437e+01 1.332299130078256155e+01
2.742327866294700822e+00 2.349765995260711282e+00 2.023055959005498394e+00 1.832088415240389567e+00 1.676962796289881208e+00 1.656366728203657379e+00 1.635805955019354219e+00
1.098024475090099195e+01 1.328011263201844194e+01 1.554141391237345715e+01 1.701103856144726478e+01 1.838953595084082693e+01 1.853810092501862172e+01 1.868389114148337171e+01
4.498315845010466774e+00 3.719936242117235281e+00 3.072208382536517846e+00 2.797379899717958196e+00 2.558824523034389120e+00 2.476290066602478301e+00 2.393515355326345073e+00
1.589856374851082998e-01 1.279149600405634080e-01 1.097486391125119670e-01 1.226806648013695489e-01 1.324179044615877709e-01 1.233731171555363382e-01 1.150205154102559302e-01
9.360108412959684543e-01 8.754691564640899593e-01 8.245993293892949216e-01 7.807134489333302785e-01 7.410691022728460586e-01 7.215614891373551831e-01 7.027728526336363135e-01
0.000000000000000000e+00 0.000000000000000000e+00 0.000000000000000000e+00 0.000000000000000000e+00 0.000000000000000000e+00 0.000000000000000000e+00 0.000000000000000000e+00
5.034058682491257208e+00 4.836409981923682544e+00 4.645983350362311803e+00 4.336056253106181479e+00 4.078797274931136307e+00 3.961590250566270566e+00 3.850870845364585904e+00
2.353540543318910494e+00 2.129868583320311703e+00 1.904021485162844085e+00 1.472671456289391445e+00 1.160208348307213866e+00 1.150272720846564845e+00 1.140651174955440217e+00
2.268743845601375764e+00 1.443525020505435741e+00 1.002533915497894279e+00 9.679888704318116988e-01 9.380215918828306298e-01 8.426021775675130998e-01 7.617092009244174067e-01
1.719409451651108034e+00 1.407410732090927041e+00 1.109493117400157436e+00 1.066009391541876239e+00 1.023504698400573121e+00 1.015443348493533682e+00 1.007373973835874903e+00
2.185546801212701951e+00 1.657449660087782384e+00 1.225655263986221488e+00 1.179718491661854163e+00 1.130620317720653745e+00 1.132444216057738151e+00 1.134291316471588207e+00
4.920598046821252680e+00 4.523434544536478974e+00 4.165954053618015962e+00 4.170894638431375867e+00 4.175686055817537046e+00 4.138829860213316003e+00 4.102360495804411755e+00
1.245251737054072549e+00 8.912222659310995443e-01 5.917411960011970118e-01 4.875293623105704799e-01 3.982873139287195219e-01 3.936518336125445772e-01 3.890586131553455673e-01
2.890483380303075833e+00 2.733856984268023371e+00 2.580502901907073543e+00 2.601995042689997373e+00 2.626006586344535432e+00 2.615568164526063111e+00 2.605171995487633563e+00
1.112132914998811950e+00 8.630393329349334008e-01 6.680345015946161924e-01 5.755217544159952903e-01 4.895922292307684498e-01 4.841672109351765063e-01 4.786609233769508753e-01
1.824861305753316643e+01 1.841922327525170289e+01 1.859743809767612177e+01 1.868153432400001179e+01 1.876273120358627722e+01 1.841002517767279656e+01 1.807799232713462345e+01
3.230429674907139947e+00 3.155659213751480952e+00 3.082803877323427866e+00 3.128620313568297728e+00 3.176049680460950597e+00 3.200006608281907639e+00 3.224531453824084348e+00
8.607458364689383190e-01 8.517126298429292808e-01 8.427170380702466712e-01 8.528986249697277922e-01 8.635499757474974780e-01 8.659063012214107680e-01 8.683064153281655484e-01
3.641580868536848037e+00 2.806227213005479282e+00 2.151949092182738887e+00 2.040363317320048608e+00 1.934934868700586952e+00 1.919779757143878385e+00 1.904611624421187255e+00
3.382252279721644328e+00 3.315665758881515490e+00 3.245444680758504230e+00 3.159285187959568919e+00 3.079273469328322133e+00 3.045658785691452319e+00 3.012459651853459430e+00
8.305998396486002022e+00 8.043887684799203797e+00 7.793537214345907849e+00 8.339980594235150591e+00 8.940423672982172221e+00 9.103370855021646335e+00 9.269350350978617925e+00
5.246001320762583298e+00 4.931839743198430881e+00 4.607663540954304970e+00 4.400500840594357754e+00 4.210389609640066588e+00 4.141923985368437755e+00 4.075126395494608644e+00
1.653855436505039300e+00 1.075714085208584025e+00 6.576764141524785723e-01 6.425517928154528269e-01 6.286263982538959905e-01 6.193955718756493090e-01 6.101078101887675853e-01
1.219337619805990647e+00 7.358079102308695552e-01 4.141394162532766043e-01 3.765441910004340142e-01 3.434137992908662396e-01 3.325211271485868925e-01 3.218254080947287044e-01
1.789148052354776652e+01 1.676117089972402496e+01 1.570191044667308944e+01 1.747479898808885679e+01 1.908714269627450477e+01 1.578423223089218119e+01 1.345844656583303056e+01
1.175982480734347746e+00 1.105819462664267450e+00 1.043886328798994123e+00 9.098811986934508544e-01 8.057903616466320917e-01 7.704786115553328152e-01 7.365013053812863308e-01
5.802308758425532176e+00 5.540877174758895407e+00 5.308464901410511416e+00 5.212456451811942060e+00 5.121091999724161070e+00 4.973507022369039632e+00 4.834255700556771451e+00
1.120995461889421563e+01 1.092873687665934312e+01 1.064422209569730349e+01 1.065057564098255583e+01 1.065664671393926355e+01 1.063002602210329250e+01 1.060324735645006200e+01
9.677862655057178909e-01 8.640966062559106708e-01 7.758219131965906623e-01 7.392347236686710454e-01 7.057765843475335421e-01 6.914907865876523951e-01 6.777705613348357083e-01
5.794284565860576386e+00 5.290905882928361947e+00 4.844829943766439939e+00 4.908350691367211915e+00 4.976091316296327172e+00 4.980363093442372602e+00 4.984645046857441031e+00
5.965850935579099179e+00 5.579675271768506306e+00 5.200295092934652530e+00 5.130503409775474921e+00 5.063557467460373829e+00 5.007428514721063983e+00 4.952021233716238591e+00
1.534861825696559601e+00 1.490946938992167237e+00 1.445562706110282924e+00 1.337265516527780473e+00 1.240480154117130418e+00 1.232597099443488942e+00 1.225102911347078161e+00
3.062939697492555347e+00 2.455555381698941719e+00 1.956460115721647020e+00 1.889868419729038962e+00 1.825644540119945702e+00 1.791805136872334669e+00 1.759014222896038371e+00
5.763707917140826531e+00 5.831987900081703202e+00 5.900020628786190713e+00 5.939370540985277280e+00 5.975900598331379321e+00 5.989596732901985909e+00 6.003391157065077977e+00
1.953676954851413683e+00 1.846773698544237785e+00 1.721094762621700802e+00 1.653881692870854181e+00 1.587034008742067126e+00 1.492912483265554702e+00 1.408092793052108993e+00
5.911391747505496674e+00 5.456487583156002685e+00 5.034853335586888079e+00 4.623459085762978482e+00 4.246711832121611074e+00 4.230348437429080732e+00 4.214278827126713090e+00
1.464263047842623733e+00 1.063374635083661035e+00 7.490219427574095201e-01 6.326968602712844669e-01 5.300181885579869911e-01 4.832175368882996591e-01 4.368308010595058910e-01
4.167541264251357624e+00 2.993499027246344646e+00 2.298362063000095379e+00 2.361045216286483228e+00 2.433118077146102731e+00 2.424029376356575227e+00 2.415026000176419885e+00
2.700266675440117226e+00 2.241161656033280991e+00 1.857514439078665314e+00 1.755975481159823604e+00 1.664394687887532420e+00 1.639788603115151400e+00 1.615729046831060112e+00
1.709051312701499725e+01 1.743157824608978501e+01 1.775928039806001735e+01 1.779625313274339860e+01 1.783153171143769811e+01 1.710109320035196490e+01 1.639924862512317816e+01
3.414110689109789210e+00 3.350805265632468721e+00 3.288166521134293419e+00 2.952683811660693269e+00 2.696623037505130327e+00 2.776428833260690343e+00 2.863783603529791222e+00
2.025496355786578828e+00 1.889391823454510400e+00 1.764531437260087099e+00 1.719567901771849927e+00 1.675812086413345670e+00 1.643160006918821470e+00 1.611320614025883557e+00
6.428876983269406153e+00 6.461962121900967304e+00 6.496446954096178672e+00 6.544545966155268069e+00 6.590679253144718253e+00 6.499354539646398088e+00 6.412081276241793582e+00
4.107532940702579793e+00 4.403421432774007549e+00 4.864538796773212326e+00 5.142480892000635073e+00 5.461581469425757618e+00 5.474157301781188423e+00 5.486809008947136412e+00
4.117047321087188294e+00 3.601759978310683064e+00 3.182296312772210811e+00 3.032559637387524987e+00 2.897046885276389094e+00 2.788308057614705682e+00 2.685725713760310107e+00
2.439084132417245865e+00 2.033013131536244966e+00 1.662369306902134580e+00 1.766089893506349817e+00 1.863729830553634947e+00 1.869317337191432005e+00 1.875101305845405353e+00
