4.131621702113032479e-01 3.829727371113353929e-01 3.510483128018971888e-01 3.044139833133818751e-01 2.579214962094253383e-01 2.288225739348317689e-01 2.019468718701089016e-01
3.065034163970746239e-01 2.116283044319738627e-01 1.362828549999880734e-01 1.268393616435069537e-01 1.182963407777142956e-01 1.117756583629983813e-01 1.057723244975283666e-01
4.339750503543641225e-01 3.508474151382631190e-01 2.690950309487438741e-01 2.526210376678156289e-01 2.392622419048004989e-01 2.277984210693143885e-01 2.163716755847767681e-01
1.770732121299261608e-01 1.535587476877798285e-01 1.310358458656617764e-01 1.301067700008855799e-01 1.292151765632827687e-01 1.289436022835284967e-01 1.286794747767588398e-01
4.397206155533583960e-01 3.146167143446220726e-01 2.075731878212153103e-01 1.623561125514394465e-01 1.247728463321878256e-01 1.041378005573636994e-01 8.476991596624648684e-02
1.885191587183115969e-01 1.595981344664751667e-01 1.466298411466833984e-01 1.655361286881939509e-01 1.795034048052459030e-01 1.839060780073209778e-01 1.880949611072666450e-01
2.672671453571867639e-01 2.432567235203691447e-01 2.233050003392428595e-01 2.083801945417614598e-01 1.954241429226432625e-01 1.837896272985077850e-01 1.727437471848943251e-01
0.000000000000000000e+00 0.000000000000000000e+00 0.000000000000000000e+00 0.000000000000000000e+00 0.000000000000000000e+00 0.000000000000000000e+00 0.000000000000000000e+00
3.979355414605628694e-01 2.610749125468568299e-01 1.380961008131233736e-01 1.187407360984962662e-01 1.040015218917921674e-01 9.875929040345840515e-02 9.355731066614104974e-02
3.668214312930961341e-01 1.723553041076852643e-01 3.792318721259071990e-02 3.410990794172290286e-02 3.060959066683004506e-02 3.069011958437660101e-02 3.076852312859307617e-02
1.573820829416508749e-01 6.905201088458265413e-02 2.455786705356108324e-02 3.324869056367414644e-02 4.131170622383108920e-02 4.358439151095362674e-02 4.577285243604652110e-02
3.667318292366791299e-01 1.813270345189085253e-01 4.647817488997968427e-02 3.715430437608353842e-02 2.813033177655159534e-02 2.780510234986824369e-02 2.747766877959570073e-02
7.103490005591012180e-01 4.141982817936054606e-01 1.902501352271984414e-01 1.664804438615011262e-01 1.436961456017791516e-01 1.428162651395203653e-01 1.419441282761549072e-01
4.801104072005281109e-01 2.820400678620888502e-01 1.291014492546749270e-01 1.207370430643136816e-01 1.120270679655100410e-01 1.068667017717314094e-01 1.016133444594170543e-01
4.281294023144647243e-01 2.868123214708216961e-01 8.336517787858668815e-02 8.424776739527886638e-02 8.526236843634626972e-02 8.487140517350019731e-02 8.448101311459123297e-02
3.868148955088296925e-01 2.982013017502785357e-01 1.808665769939814261e-01 1.552988296203389740e-01 1.272889913101616088e-01 1.232592970272004540e-01 1.191535640516440259e-01
3.419686568933454351e-01 1.854646522516631979e-01 8.953098053923871924e-02 6.813273593211378876e-02 4.821289440187582348e-02 4.546082106173986864e-02 4.269472875249211152e-02
5.410563641015580377e-02 3.406760807090140203e-02 1.373624494307370755e-02 1.312962340663829768e-02 1.260597234511823955e-02 1.111999646801143694e-02 9.773963026859358583e-03
2.944337953364609684e-01 1.728864027085516564e-01 9.425040132424503114e-02 8.774664975571005998e-02 8.115438356866055969e-02 7.200499415726775709e-02 6.327742347847022109e-02
3.071330965569873950e-01 2.960941915364935229e-01 2.858960211477111213e-01 2.609981411697700482e-01 2.359686957128293849e-01 2.179473617258556317e-01 1.998798521503939163e-01
4.506083471374552341e-01 2.954707011839558528e-01 1.629960702669205341e-01 1.280372660280122421e-01 9.588495429466926956e-02 8.312936495616257693e-02 7.118971776260377138e-02
3.380318565656100782e-01 2.287029070837744704e-01 1.277004043903630370e-01 1.146049633508205989e-01 1.028405977031929680e-01 9.176940680805252548e-02 8.105518918047383004e-02
4.646590633036779550e-01 2.338447396440939963e-01 1.057464234577275286e-01 7.914068943490412678e-02 5.384867003283952402e-02 5.030185616288352507e-02 4.668379830541704439e-02
5.009824620111543725e-01 3.356968552091792457e-01 1.391426441860270091e-01 1.147608074564698127e-01 9.159620146090563519e-02 8.285419730483740974e-02 7.460569833737219769e-02
4.483543256920313747e-01 2.247884716941969674e-01 7.009768916393896432e-02 6.934265784835400015e-02 6.865661211731144409e-02 6.630919576399778304e-02 6.404200883178934323e-02
4.210774572011206640e-01 2.839990807955707908e-01 1.319734769317655321e-01 1.065993044914962107e-01 8.474101819783098899e-02 7.751455603973009256e-02 7.063199574835733741e-02
2.086599586224219538e-01 1.551547060222362440e-01 1.081890822397192087e-01 1.133105415264320098e-01 1.179360240401909898e-01 1.500931436102944661e-01 1.759249748108987210e-01
2.269444794879303118e-01 2.361292069397518678e-01 2.425627064121383125e-01 2.366988967978836400e-01 2.326629281908762503e-01 2.102552049510915677e-01 1.899445017382654644e-01
1.415218755541526319e-01 1.280544389356416679e-01 1.161827607364604026e-01 1.092970338274493330e-01 1.030227690969631182e-01 9.671117410937808689e-02 9.060864120593438431e-02
1.032346117830543752e-01 8.583443675675436757e-02 6.900618367445811308e-02 7.073656678735561198e-02 7.242883179822283413e-02 7.319984910012078405e-02 7.397048977890638422e-02
7.880534308701978019e-02 9.622146529985879659e-02 1.107934521546889428e-01 1.372374953194851199e-01 1.566815365437190799e-01 1.463993462568795589e-01 1.374138917368785684e-01
4.478342757202463109e-01 2.990786461146061059e-01 1.613349725279930591e-01 1.524843686578415403e-01 1.435152847075323035e-01 1.335280289428117939e-01 1.237552896751762110e-01
4.343205469256321005e-01 2.647956795826004184e-01 1.102211942080350560e-01 1.021797511608183995e-01 9.489518965556074936e-02 9.081586883251678566e-02 8.689493208560487847e-02
4.492622001239920393e-01 3.836498739878319575e-01 3.209682313448236624e-01 3.152821489012830880e-01 3.103925812646349813e-01 2.898299053008516202e-01 2.707851065146034686e-01
3.589631487685735478e-01 1.978495901327520512e-01 6.400336189321816083e-02 5.574559525245955521e-02 4.780244687043523621e-02 4.493152489350669965e-02 4.221973455288068056e-02
1.333390969738539877e-01 1.241109491330012471e-01 1.148619369801750778e-01 1.152861952930892414e-01 1.156817451507677758e-01 1.154921493963021184e-01 1.153051475543687421e-01
2.776860117720291732e-01 2.383366008101834854e-01 2.013452778543030619e-01 1.723313241297814713e-01 1.483325885662893640e-01 1.229280560393255922e-01 1.036481373660010086e-01
4.400223629473036802e-01 2.665145864831402478e-01 1.156084092726327728e-01 1.068957134514271212e-01 9.848717121943575958e-02 9.340027240368058148e-02 8.841048700860434928e-02
4.662847415821369523e-01 3.594507360089094772e-01 2.440404208827669508e-01 1.832487001568753326e-01 1.334282334603802966e-01 1.109501855163540079e-01 8.996236614900419981e-02
8.335291191895454199e-01 4.551849866841699566e-01 2.484395356103871466e-01 2.128591507926148041e-01 1.770725754089146342e-01 1.717099577530038224e-01 1.664679081808848049e-01
3.869986535552566997e-01 2.513819501730665817e-01 1.282946635702284510e-01 1.143276090128762384e-01 1.012398234639603767e-01 9.723475998762201589e-02 9.339139894423870158e-02
2.960675308252430082e-01 2.266428543416031949e-01 1.671958923678928399e-01 1.539270579291632246e-01 1.419040166985089946e-01 1.347021309976022818e-01 1.281506365193524899e-01
5.802081658547327686e-02 9.178047436176552110e-02 1.169399592915969788e-01 9.572279079877731023e-02 7.625926407318836531e-02 6.522786125627953735e-02 5.368032509087646009e-02
3.135632486412684439e-01 1.622847750992940097e-01 8.465744949687725729e-02 7.680930947213807092e-02 6.947420803221790453e-02 6.155766616267558528e-02 5.420715307231032537e-02
5.861365408880609557e-02 4.100786621192158143e-02 2.319545183184328063e-02 2.193361119983005397e-02 2.083207519104579575e-02 1.897492050361589133e-02 1.726741736828650911e-02
2.944337953364609684e-01 1.728864027085516564e-01 9.425040132424503114e-02 8.774664975571005998e-02 8.115438356866055969e-02 7.200499415726775709e-02 6.327742347847022109e-02
2.503364589911682425e-01 1.821376325643330740e-01 1.201033484962834574e-01 1.055804889392251839e-01 9.179590858889651039e-02 8.255706278499919115e-02 7.390294741829252223e-02
6.836198135353767080e-01 4.860736769760967135e-01 3.032791709557246529e-01 2.971374759043758362e-01 2.918325323901326818e-01 2.821866128254367223e-01 2.727925059530573737e-01
