9.288809152076131781e-01 7.840678411905301903e-01 6.391751950835026230e-01 5.954631642216292597e-01 5.528098025539933680e-01 5.203308771430432689e-01 4.896589049239574165e-01
1.696106397866093962e+00 8.807736092766716984e-01 3.641330193495003198e-01 3.398758187931567032e-01 3.178162917448664193e-01 2.515354212598670536e-01 1.886133791208222665e-01
2.808417302439253582e+00 2.562468280268662912e+00 2.332512293717222018e+00 2.108341010504902968e+00 1.923070465323048595e+00 1.883722426740279232e+00 1.844877304905379267e+00
1.106552330135050788e+01 1.442258674312737732e+01 1.767670571232409671e+01 1.792478535687378027e+01 1.815704617996171066e+01 1.795867593625666103e+01 1.776707027601778677e+01
4.408326175076725306e+00 3.376286303594358884e+00 2.566533523474010092e+00 2.374185404090719320e+00 2.205920690403529782e+00 2.022551987298533582e+00 1.854435489954217697e+00
9.622315726976896078e-02 8.861950223077952327e-02 8.493114858956050950e-02 1.702063788118259591e-01 2.277468527996324432e-01 2.174556646435950868e-01 2.069991539364753608e-01
9.682566457606801569e-01 9.103261376557579831e-01 8.602518393671659824e-01 8.029887791428670374e-01 7.527406516412418203e-01 7.265127705195187913e-01 7.013496541996029343e-01
0.000000000000000000e+00 0.000000000000000000e+00 0.000000000000000000e+00 0.000000000000000000e+00 0.000000000000000000e+00 0.000000000000000000e+00 0.000000000000000000e+00
5.135171487827245862e+00 4.678462748817872274e+00 4.267645785563239258e+00 4.014028642475338415e+00 3.795398773429409900e+00 3.744777972139631927e+00 3.695111912952639077e+00
2.392041239834364674e+00 1.833154355518657574e+00 1.387641752037725107e+00 1.096964181195406507e+00 8.750761204270187665e-01 8.791871078137943885e-01 8.832674489072191992e-01
2.262615225221730419e+00 1.189937650556968096e+00 7.464393508044686598e-01 7.277633046117877313e-01 7.104335919945772293e-01 7.013147510780850524e-01 6.923650166686835528e-01
1.691152525582610311e+00 1.208982638154475486e+00 8.141133783722437345e-01 7.405411972155012679e-01 6.724190385402448733e-01 6.738510110363560290e-01 6.752943425265031108e-01
2.201153891654189731e+00 1.588116728556429491e+00 1.074256238249626350e+00 1.004846501891632382e+00 9.385818633969886804e-01 9.255520009693499750e-01 9.123528590928191573e-01
4.824960591578177471e+00 4.137648155837174713e+00 3.572763777444075917e+00 3.245325318149082872e+00 2.964157986865171956e+00 2.916451349105295243e+00 2.869795888874879353e+00
1.252552236353889681e+00 9.383326071261740564e-01 5.754510109313567545e-01 4.961143874093179029e-01 4.220611443565505660e-01 4.200161737814644969e-01 4.180013495820772418e-01
2.941564818027178507e+00 2.644561009162174958e+00 2.342125806686112366e+00 2.361224703120739399e+00 2.381360525849220089e+00 2.238332794843677309e+00 2.109334851886622619e+00
1.146570990817046054e+00 7.327881608754429621e-01 4.776681297714607255e-01 4.130750575575584671e-01 3.558394527801617691e-01 3.510415363609271089e-01 3.462737059480737734e-01
1.811288620320419795e+01 1.816055653891607591e+01 1.820914897519262965e+01 1.679015075780998956e+01 1.558954235833463997e+01 1.478847315790695127e+01 1.405836045863631512e+01
3.356052728788306627e+00 3.071630707389851445e+00 2.818613400937756808e+00 2.800325267631305071e+00 2.782087534269279683e+00 2.749310439360630909e+00 2.716667779053397069e+00
8.344664293346428785e-01 8.011994741686124799e-01 7.699174223695091079e-01 7.735203707122241257e-01 7.772400347568704237e-01 7.517155633993641839e-01 7.274958894259383468e-01
3.712617330719139908e+00 3.087188602228910561e+00 2.523719162983705910e+00 2.399080018184344798e+00 2.279279512155460985e+00 2.238283110163767020e+00 2.197910682923232883e+00
3.309797998310576972e+00 2.958070987748852243e+00 2.640465301714599811e+00 2.418205222729532533e+00 2.226832915146773395e+00 2.150428376871134084e+00 2.076914254531861292e+00
1.289302621819726324e+00 7.469795192013792828e-01 4.367276969951604526e-01 3.694979522603958344e-01 3.080326528300468825e-01 3.047602022742514349e-01 3.014489891419068202e-01
3.241445105771242563e+00 2.652715585553961031e+00 2.146914783493750534e+00 1.860972144172399645e+00 1.618854242914718577e+00 1.605472857101132744e+00 1.592304678633404524e+00
1.626375455136183312e+00 9.836624502381678958e-01 5.227843727677693453e-01 5.111440388986434602e-01 5.007995323218719097e-01 4.812777517545205885e-01 4.626093249882878844e-01
1.215288070183345281e+00 8.741585688328192827e-01 5.541731791967091647e-01 5.035641164080477683e-01 4.568155470370063309e-01 4.254701032534385363e-01 3.967487693615822097e-01
1.766113599927578193e+01 1.535899991725843705e+01 1.347199021265094032e+01 1.448100936180958342e+01 1.534985378895897234e+01 1.391856414228319672e+01 1.270361494963859705e+01
1.148436586098587897e+00 9.125432312964646409e-01 7.433854364327219244e-01 6.742688965420284841e-01 6.240956410603184512e-01 5.752663424311200702e-01 5.310186202325321014e-01
5.925577853541548201e+00 5.569179486050895633e+00 5.259801784004881853e+00 5.115550588942131327e+00 4.981499363922342383e+00 4.898703095905189819e+00 4.818681328787923768e+00
1.494493599002746365e-01 1.425384593391881560e-01 1.356361772606774208e-01 1.346422099060989863e-01 1.335975466362105679e-01 1.269870672999448558e-01 1.201355266631707747e-01
8.108889417952770406e-01 7.844183525449746064e-01 7.619821006765779003e-01 7.104449225034941140e-01 6.733315477737054078e-01 6.372877017129102706e-01 6.054010900946765750e-01
5.887790451967137351e+00 5.687139599681588109e+00 5.485486445160882241e+00 5.563339344702168177e+00 5.644293640690808189e+00 5.524406142909467299e+00 5.409064760935212490e+00
2.971352072951616741e+00 2.509447485445116310e+00 2.067884458592299080e+00 2.055304981993172131e+00 2.043064335071672843e+00 1.886398736573522639e+00 1.736251884298754877e+00
1.566621720012600916e+00 1.401120579662113563e+00 1.239696223058307289e+00 1.202824275289466671e+00 1.168019307600621337e+00 1.126789996772132429e+00 1.088765136417758406e+00
3.088978657933696859e+00 2.392382413857539802e+00 1.837328643670305572e+00 1.717218751736471649e+00 1.606242144666167881e+00 1.575971600379397763e+00 1.547159983070435674e+00
4.461173827042927087e+00 4.595622013998629463e+00 4.730210687099655864e+00 4.624195754375368672e+00 4.526146676029052074e+00 4.441238932165373576e+00 4.358055395901469176e+00
1.974180033075288554e+00 1.850016957147356589e+00 1.695773997300256797e+00 1.624654359814255100e+00 1.557579247654227617e+00 1.457255981504209208e+00 1.366604422524228646e+00
5.970148628128563395e+00 5.616430161861675430e+00 5.266849053006841253e+00 4.824165415610409902e+00 4.423833797317244354e+00 4.409119918161215956e+00 4.394566821771491938e+00
1.461194988977890130e+00 1.094262501887483419e+00 7.588083124890276920e-01 6.923714599596958452e-01 6.317847568539396441e-01 5.194221788590300815e-01 4.188080010498712591e-01
4.120965545476286351e+00 2.723132049527073217e+00 1.918097088680190465e+00 1.898481463528766788e+00 1.877544360835589732e+00 1.866723987924650663e+00 1.855582235213925957e+00
2.811485555955116400e+00 2.390980091875613667e+00 2.013364875607254412e+00 1.899692905464617665e+00 1.796008348783673547e+00 1.748330699793505083e+00 1.702384063742490516e+00
1.674763304872079317e+01 1.589155847852725323e+01 1.515232107567375763e+01 1.413990442692131744e+01 1.330823715889866321e+01 1.222187484306410354e+01 1.122008089990399959e+01
3.402595383282029484e+00 2.960089653044823965e+00 2.620515668320362312e+00 2.487441557356242949e+00 2.366127156056266667e+00 2.329003452899175652e+00 2.292968641012155917e+00
2.099110466757723170e+00 1.875357861052411090e+00 1.673815333424924612e+00 1.629959452465132186e+00 1.587200373700885514e+00 1.535303565256505243e+00 1.485433402284536131e+00
6.397048443905147153e+00 6.406487289331043833e+00 6.416133866524383222e+00 6.010113983980319929e+00 5.661405007420454716e+00 5.414801446194871026e+00 5.187302959206587794e+00
3.171742236140072002e+00 2.421772233192953205e+00 1.939360143373843881e+00 1.896104580536623008e+00 1.855237671313045178e+00 1.770262014014623908e+00 1.692072758192990856e+00
2.106240442455883155e+00 1.814905836105758397e+00 1.547439766051505572e+00 1.423405717228620748e+00 1.309009985312364011e+00 1.218146072698709004e+00 1.134477908901024401e+00
2.401113801394659575e+00 1.872328424426386251e+00 1.392726929583602891e+00 1.441922911385561834e+00 1.481899832317034260e+00 1.404395464595035392e+00 1.330671062515120351e+00
