3.859985863219536739e+00 3.835767048154012038e+00 3.810134461271370565e+00 3.896065702142542886e+00 3.984106771800516533e+00 3.870804553882521759e+00 3.761583274132549448e+00
1.656861160557911106e+00 1.061972909409527599e+00 7.054874239069985897e-01 8.649292035293377756e-01 1.004981387251574487e+00 9.579702317617566631e-01 9.121951904063472227e-01
2.722770587016545285e+00 2.474699090744115981e+00 2.239978399032326095e+00 2.032206119440873149e+00 1.861195863472625556e+00 1.752973239011142992e+00 1.653273004858562434e+00
1.100949798871657492e+01 1.319558479607203161e+01 1.533268035070308599e+01 1.677214605818209492e+01 1.812938380254571413e+01 1.796230559091360490e+01 1.780126292975135271e+01
4.622761076981314332e+00 3.772509881384433328e+00 3.063548269425147907e+00 2.801758041991969872e+00 2.574664448813776652e+00 2.384118137624405609e+00 2.210235233504605823e+00
2.152715982362545522e-01 3.221493626957741552e-01 3.648356384873694402e-01 3.820864405937631769e-01 3.961295461041923760e-01 3.564849645870231676e-01 3.178017411293535543e-01
9.407505683991511658e-01 8.845992078755074983e-01 8.350639661683644244e-01 7.742921438472619711e-01 7.199663009888455090e-01 6.880367825904581958e-01 6.556179898516815152e-01
0.000000000000000000e+00 0.000000000000000000e+00 0.000000000000000000e+00 0.000000000000000000e+00 0.000000000000000000e+00 0.000000000000000000e+00 0.000000000000000000e+00
5.069766206550884391e+00 4.664203649229881954e+00 4.292105104709976082e+00 4.058011269541250243e+00 3.853392212092217495e+00 3.765556398967234930e+00 3.680936071301632584e+00
2.326408995969765581e+00 2.254690578197923401e+00 2.167418973936874327e+00 1.923491896432470094e+00 1.719214826576906274e+00 1.450901123675097271e+00 1.237805033781542052e+00
2.279550688205334463e+00 1.046701592524978075e+00 6.154222977851904197e-01 6.008824703060289263e-01 5.882152707101554467e-01 5.777087983766050483e-01 5.678397879639722756e-01
1.036737642015246319e+00 6.442921257455632711e-01 3.435364323228747852e-01 3.009615045082257856e-01 2.583489973017981667e-01 2.481920374392359574e-01 2.379102006864688423e-01
2.160605821108120939e+00 1.580618382429902491e+00 1.133813354810586427e+00 1.079986969394829188e+00 1.023854404418440778e+00 1.013090699431234976e+00 1.002026446844074492e+00
4.766791031954546121e+00 4.222219857934766729e+00 3.745973594840647625e+00 3.496500347300297573e+00 3.270781072838998327e+00 3.173296277523457665e+00 3.079246626113403273e+00
1.259255276692453629e+00 9.817796828968569089e-01 6.948223168224277879e-01 5.928399027160375923e-01 4.887766402048578929e-01 4.697478605504044058e-01 4.497636070031169053e-01
2.888556757502374506e+00 2.566305243821699111e+00 2.257605293962365423e+00 2.238897951246579421e+00 2.220139969646960587e+00 2.190276901614718330e+00 2.159984654146549499e+00
1.110274374181373203e+00 7.480674647522936871e-01 5.061244143525664985e-01 4.706174605584542703e-01 4.361122798015506508e-01 4.140284170318249690e-01 3.916738616441239884e-01
1.799744051286939239e+01 1.721397070403326879e+01 1.647298185302253870e+01 1.455597338292998622e+01 1.301937275488539036e+01 1.257099050033572141e+01 1.215415597300040673e+01
3.199618789981478084e+00 2.894569131517326976e+00 2.630610114956103196e+00 2.483863955737590778e+00 2.348250609725667459e+00 2.322921258535104894e+00 2.297851364447892397e+00
8.216140377713159193e-01 7.712746947952682230e-01 7.290196872549957741e-01 7.202024598059901805e-01 7.136345700447116469e-01 7.434742197631392102e-01 7.703873108558919602e-01
3.718727427867467572e+00 3.326325370283510718e+00 2.945831219516091171e+00 2.856395816390915776e+00 2.769149564429499666e+00 2.617714710603596284e+00 2.469092965153616870e+00
2.770273272462016045e+00 2.316909716500213712e+00 1.913413862730642068e+00 1.734266770782314948e+00 1.574995301241348455e+00 1.524733516950301571e+00 1.473569549926806443e+00
1.259780416188464480e+00 8.012773722943032917e-01 4.997159817762755196e-01 4.674861464226774954e-01 4.331755751485678041e-01 4.104350522975384052e-01 3.860605593951620396e-01
5.311486571107257859e+00 5.090305335907703288e+00 4.849244349445008595e+00 4.532847321426055842e+00 4.254843495198922909e+00 4.125499876594597382e+00 3.999378328476188571e+00
2.315654450166289902e+00 1.244565991416677564e+00 6.914178770459725731e-01 6.605707267373626124e-01 6.351559901573702316e-01 6.292476800624378086e-01 6.236174817124099379e-01
1.202004962229915153e+00 8.736490061906680982e-01 5.603303301338010689e-01 5.112109658908312593e-01 4.650539607146107479e-01 4.210237404797507188e-01 3.811896971575723381e-01
1.763756243125963152e+01 1.343001675702473641e+01 1.066891541144336841e+01 1.184199392447165167e+01 1.289556397946637922e+01 1.255498229448806846e+01 1.223426870774844843e+01
8.879744203852114603e-01 7.702768966938058348e-01 6.753887364087421963e-01 5.963911583879212275e-01 5.310069843622639008e-01 4.652076902686461124e-01 4.066907058061044467e-01
5.594973133140549670e+00 5.408926144070602682e+00 5.238893538421921292e+00 4.977397758251003168e+00 4.743525798789626435e+00 4.666213315232634606e+00 4.591382201428666932e+00
2.487969305882716531e-01 2.043395030874730067e-01 1.590914482806608798e-01 1.534918038458052136e-01 1.474532475044591506e-01 1.382718967919703001e-01 1.285629117170321856e-01
1.211122562324401963e+00 1.097933080622602198e+00 1.002660866421642982e+00 1.008172866271987766e+00 1.013787981873359945e+00 1.028976221182250406e+00 1.044936989524797077e+00
5.641132201063531859e+00 4.991521588603785808e+00 4.439836869236525985e+00 4.294030205905527531e+00 4.155064207011561983e+00 4.128426471691296840e+00 4.101926584729401526e+00
5.805066449645822857e+00 5.159850051645006985e+00 4.529412239837302678e+00 4.421958663556650571e+00 4.320890542986987271e+00 4.080894993497189205e+00 3.848475693609795023e+00
1.506894207219127590e+00 1.346183317064825635e+00 1.200299852689442170e+00 1.151808394325129381e+00 1.110734654856445847e+00 1.085120739842438953e+00 1.061275172451657811e+00
2.646737659954248478e+00 2.212722361231045820e+00 1.805555830525851668e+00 1.687729945176707158e+00 1.576628580884906539e+00 1.481507985657529058e+00 1.388148398830224783e+00
5.767345318194545989e+00 5.954427957667814297e+00 6.145535413248123469e+00 6.090360107070696749e+00 6.039898138928277760e+00 5.908826380589270677e+00 5.784177973969186759e+00
1.915411681139650657e+00 1.824401687530410987e+00 1.717479927093185754e+00 1.621146863489067780e+00 1.529275206129275588e+00 1.433177650360578426e+00 1.347069247303357864e+00
5.779594264137417170e+00 5.615758308062791748e+00 5.445286025788460549e+00 5.299863144689937577e+00 5.159947918413395840e+00 4.867765218021546936e+00 4.600807988150422467e+00
1.286436596356486550e+00 9.524785858157737151e-01 6.189773639402865735e-01 5.830218702631280170e-01 5.478484756936785605e-01 4.867439541876409925e-01 4.357802651090506019e-01
4.208314772840270557e+00 2.651047175415677248e+00 1.850537004512273986e+00 1.819244207869283647e+00 1.787298297387367452e+00 1.760381263048351963e+00 1.732835790480442784e+00
7.532465201817268863e-01 6.168809939405308640e-01 5.222682493116305169e-01 4.774017386673833907e-01 4.416498803435452980e-01 4.202907476015431687e-01 4.007214988259086841e-01
1.659956612430269729e+01 1.693787936513658821e+01 1.726752770082953603e+01 1.692811382852860547e+01 1.662216924513326077e+01 1.574629413151238566e+01 1.493055215104777744e+01
3.392074009220880093e+00 2.808939050926411163e+00 2.407547193466180513e+00 2.430134286725666115e+00 2.453987085603167362e+00 2.568652784269189304e+00 2.702203587975920307e+00
6.350414127780299456e-01 1.508557383681018993e-01 6.887871295686093243e-02 6.296528999280526229e-02 5.791406174854496491e-02 5.353009493980329797e-02 4.949405157996069476e-02
6.334056530142552432e+00 6.100908888397174046e+00 5.876962641303700607e+00 5.278007480824862263e+00 4.791846783299038570e+00 4.644660837235687012e+00 4.507201482488209621e+00
4.121585059599323309e+00 3.722056413430924415e+00 3.312707539672600898e+00 2.883203601271773220e+00 2.533173742594301725e+00 2.489728613125441470e+00 2.447483959852776447e+00
2.081785794944120749e+00 1.810063619701707038e+00 1.568436784784127624e+00 1.545420857226793121e+00 1.523710786328411393e+00 1.383081660612097474e+00 1.254734635573152124e+00
2.323396632159326014e+00 1.768734602376454079e+00 1.276169513254323373e+00 1.355321922521890210e+00 1.428059197016803061e+00 1.378581187385893525e+00 1.330802338047792022e+00
