3.961174197610850545e+00 3.991869976605314285e+00 4.024329846583098558e+00 4.012212843267515261e+00 4.000132694875392581e+00 3.828178146104130430e+00 3.669361294475049551e+00
1.868190722551813110e+01 1.738320934893221903e+01 1.635184323867429868e+01 1.508829832990124231e+01 1.394523716460631846e+01 1.283797317215271505e+01 1.181855909841855556e+01
2.812085051525145651e+00 2.644134841359669252e+00 2.478963174073998132e+00 2.208059711251293855e+00 1.988383524085933773e+00 1.967003474107072547e+00 1.945692569735739008e+00
1.121710600950425274e+01 1.465581526270287505e+01 1.794952033921671131e+01 1.829480751311001896e+01 1.862616449912519556e+01 1.863691226454324124e+01 1.864736531807166031e+01
4.520081824061504605e+00 3.740312397619242279e+00 3.073112826102720518e+00 2.706481493724306464e+00 2.401746990510934321e+00 2.220371646246876551e+00 2.050134236855408965e+00
9.338879797058259602e-02 1.231893201372691732e-01 1.365519835469513887e-01 1.973803531040737858e-01 2.423181353888831935e-01 2.617124175356673743e-01 2.801649296780522880e-01
9.820561843811818070e-01 8.948590341206941190e-01 8.224016064251667979e-01 7.671634011527036501e-01 7.192117528318756614e-01 6.933865918844241971e-01 6.688680265263139413e-01
0.000000000000000000e+00 0.000000000000000000e+00 0.000000000000000000e+00 0.000000000000000000e+00 0.000000000000000000e+00 0.000000000000000000e+00 0.000000000000000000e+00
7.830445483758711411e+00 7.235162121487470621e+00 6.700258540245436656e+00 5.928455009329342218e+00 5.340722474428253541e+00 5.285455264306590628e+00 5.230612415830562689e+00
2.385329834689594808e+00 1.661193127528573399e+00 1.160606049079250468e+00 1.095507299902414022e+00 1.035751310337626796e+00 1.015341266056268177e+00 9.954698973849041010e-01
2.303865237431528268e+00 1.423265049913432723e+00 9.796839400085263216e-01 9.642738332317226657e-01 9.499769219986883284e-01 9.082809036985184381e-01 8.681301149822278074e-01
1.076812065204327373e+00 6.394197282040438024e-01 3.212949572416504695e-01 2.923047513486476401e-01 2.642470018074725702e-01 2.598834710307932339e-01 2.554903677505254711e-01
2.196996397319227690e+00 1.511268280413662790e+00 9.927230563141905550e-01 9.323475455112720800e-01 8.744749537071582202e-01 8.610915631992054342e-01 8.478259564270803628e-01
7.309022244693081483e+00 6.221034198185742881e+00 5.380951884751150160e+00 5.448757675870504080e+00 5.519364810287865630e+00 5.523723728117625242e+00 5.528161194761438857e+00
1.261169022864625511e+00 9.616508102640756173e-01 5.304493982079143688e-01 5.189738116462507822e-01 5.057817876621455433e-01 4.959112944016692559e-01 4.860552220987284233e-01
3.043461573547918242e+00 3.101600206679253624e+00 3.178582532153602536e+00 3.295817052752445964e+00 3.424249171482229404e+00 3.428043089618728168e+00 3.431908597447808074e+00
1.165943993987620608e+00 7.484701699114892914e-01 4.925674734971420277e-01 4.347510010271767866e-01 3.809290642008449912e-01 3.687431643782855262e-01 3.564951899915344558e-01
1.818394438572999405e+01 1.846540948870604737e+01 1.875099493251975602e+01 1.757942100637373883e+01 1.656808874527307651e+01 1.582495404939649220e+01 1.515180439243314048e+01
3.153033152642517933e+00 2.385164953011984057e+00 1.888386836232809785e+00 1.968864537343888665e+00 2.050437522144345159e+00 1.973577335183717141e+00 1.900260670658628914e+00
8.368538475257757403e-01 7.985661809492768937e-01 7.631945433809564916e-01 7.529296900836401907e-01 7.426105952066339722e-01 7.332973657864586547e-01 7.239602733243184485e-01
4.815327871905984658e+00 4.031123352019173822e+00 3.361477994846387318e+00 3.095674245581003792e+00 2.851209219035266251e+00 2.624823436677418353e+00 2.412918968819492527e+00
2.905676802369990153e+00 2.550980999181484687e+00 2.223298679112717835e+00 2.056800484102630389e+00 1.907225861922732690e+00 1.810872349489647481e+00 1.717625605650841436e+00
1.290068809517428194e+00 7.410846096583344478e-01 4.364070207640389221e-01 3.742005967121843080e-01 3.150657469575071090e-01 3.133606080408922745e-01 3.116212184136021301e-01
6.049098877406948738e+00 5.960968633038080888e+00 5.856165976688491703e+00 5.675595897341114693e+00 5.504040538773769420e+00 5.302180284971506730e+00 5.111715482469160854e+00
1.663312809777123258e+00 1.011129396640065847e+00 5.598674497579479992e-01 5.446282100144078653e-01 5.307813467723314638e-01 5.146691433671446436e-01 4.991076189031276034e-01
1.241785400984355192e+00 9.896215965127309611e-01 7.099614805074385693e-01 6.143077945678078189e-01 5.319080372068697438e-01 5.040097319408021193e-01 4.774390859151272370e-01
1.816401995701586003e+01 1.677633390260005086e+01 1.555825646173750698e+01 1.702534200629979466e+01 1.835035078849731249e+01 1.612701387844489531e+01 1.434100615977029314e+01
1.107858391260121866e+00 8.489372259000595999e-01 6.675742851409111056e-01 6.522657950282059192e-01 6.417292002920181870e-01 6.312275359948920084e-01 6.217086667863970240e-01
5.849057535786200468e+00 5.555961636541296045e+00 5.297594710755840097e+00 5.088377716662839667e+00 4.897739484214467254e+00 4.816961146328800680e+00 4.738858469303036003e+00
1.159130078087471638e+01 1.099395902363640332e+01 1.041625114125957730e+01 1.062647831746165217e+01 1.083207446086395542e+01 1.074065655479579817e+01 1.064928330414098667e+01
7.901326113725760658e-01 7.568206793474281380e-01 7.289487438128002816e-01 6.991772495848409541e-01 6.772865667770727738e-01 6.380099748249969949e-01 6.036867401015814094e-01
5.827875740605182209e+00 5.379054623299437843e+00 4.963458456318488921e+00 5.006938167765545344e+00 5.050999927598569528e+00 4.984399484735754449e+00 4.919229554322383180e+00
5.873985042539102253e+00 5.141716618015479412e+00 4.474026876381621776e+00 4.355300334520317840e+00 4.247748643683613601e+00 4.089916552179111875e+00 3.938212463614639613e+00
1.542115298790313505e+00 1.391713537694984737e+00 1.248029720994255465e+00 1.189293461686630415e+00 1.138785064128205127e+00 1.084468911258823720e+00 1.034162219461393306e+00
3.158768148286511757e+00 2.509106418538797456e+00 1.969395342111926794e+00 1.930094780946407962e+00 1.892291558548026220e+00 1.765451126496938361e+00 1.645641301917531774e+00
5.912324801083859604e+00 6.051818778927692044e+00 6.191628144639421905e+00 6.221849295741932018e+00 6.250025460247391251e+00 6.198412647421259969e+00 6.147505963919553729e+00
1.776071948318499905e+00 1.674600187597536927e+00 1.579209314393092756e+00 1.415488043724940415e+00 1.280066876441449342e+00 1.100431753038309202e+00 9.641036955781198126e-01
5.925560685811879225e+00 5.191367862666142585e+00 4.552813012075930033e+00 4.449035158437876447e+00 4.348880110796118359e+00 4.301872825682602652e+00 4.255762951431684371e+00
1.503687157405678043e+00 1.300315358617809336e+00 1.080617489386552110e+00 8.588472250893937066e-01 6.771004685448996918e-01 5.754680438064834203e-01 4.805735504062003116e-01
4.110784370573148827e+00 2.660888118347156439e+00 1.868594994381790553e+00 1.813405066233239271e+00 1.757895308982873939e+00 1.730087254078041425e+00 1.702904409491933890e+00
2.453168553405135288e+00 2.066571835049869854e+00 1.715692187593696794e+00 1.642765787337201466e+00 1.574430328096871889e+00 1.499175455624957687e+00 1.426958960957122047e+00
2.364176981612648021e+01 2.302331246990651081e+01 2.249373981353606311e+01 2.068120702880556649e+01 1.903885053522242288e+01 1.740509815784616521e+01 1.591888744530175082e+01
3.390469344562175635e+00 2.935360204377934323e+00 2.596188769946659480e+00 2.462821121933301605e+00 2.340476579007349844e+00 2.375470957205027212e+00 2.412102639913962676e+00
2.905687615355528663e+00 1.891002412671854316e+00 1.370324904706223590e+00 1.370453368450871068e+00 1.370573434427697856e+00 1.300761126513322319e+00 1.235940363653780905e+00
6.444765873158906366e+00 6.509972907005749931e+00 6.575945229034049433e+00 6.241858973140337774e+00 5.950215138276904625e+00 5.719375223153440935e+00 5.507136640390063675e+00
3.153033152642517933e+00 2.385164953011984057e+00 1.888386836232809785e+00 1.968864537343888665e+00 2.050437522144345159e+00 1.973577335183717141e+00 1.900260670658628914e+00
4.121980155179995720e+00 3.796580856962646244e+00 3.500594641967951226e+00 3.427288138540962148e+00 3.357708219880945144e+00 3.202848303198327251e+00 3.057789535783395074e+00
2.410071814697334780e+00 1.945885970191739478e+00 1.516362904714893656e+00 1.560170228968968953e+00 1.598009193413639561e+00 1.554935646812650729e+00 1.512986561769160243e+00
