3.146565875976758075e+00 3.061877042772892299e+00 3.138616312858454549e+00 3.259643371272257450e+00 3.381233603024886847e+00 3.418352901717270242e+00 3.511643406720706739e+00
3.917949704271371569e+00 3.819564591243031160e+00 3.785709331449079951e+00 4.183934818309398729e+00 4.134650681916927972e+00 4.022634178137953320e+00 3.904460747304996815e+00
2.523530282125411528e+00 3.306700880804649412e+00 2.229761111754768432e+00 2.166745866862815006e+00 2.154143023126641854e+00 2.140126649263614844e+00 2.152824422206423005e+00
4.365403383084389688e+00 4.491749139354854314e+00 4.400978548461516482e+00 5.352106630599748449e+00 5.336224776794941782e+00 6.322649581164223598e+00 6.183754476388296339e+00
1.493618725880423215e+00 1.390241821421230428e+00 1.329491658827952172e+00 1.304847358217635644e+00 1.237594378307019349e+00 1.146970655783436044e+00 1.071706123510096864e+00
1.457615631902721143e+00 1.449492014727323363e+00 1.449525180063918395e+00 1.470859555831327992e+00 1.457801282793091735e+00 1.456587102837070935e+00 1.459962510316495266e+00
4.728042568647081723e-01 6.977173870638599118e-02 5.820181967137114110e-02 5.525641962114099387e-02 5.518243009597691151e-02 5.514914628410552688e-02 5.496657910662546692e-02
1.491298845864965417e+00 1.344296874626201177e+00 1.102555220006060210e+00 1.045633277856678367e+00 1.044351830828346150e+00 1.039273401546638276e+00 1.031077337224569401e+00
1.032801255798128537e+00 8.210327006726756416e-01 7.633285554182863697e-01 7.563169447157466196e-01 7.287543994301785011e-01 7.225410012456633391e-01 7.179470597100630069e-01
2.182201807344019251e+00 2.382498255918344743e+00 2.370420194590129093e+00 2.430149847847928424e+00 2.434036880722441509e+00 2.427467444261572904e+00 2.474978711841751444e+00
1.423710779900192058e+01 1.442007314702327214e+01 1.369453826760587667e+01 1.376157496477711284e+01 1.189161953007441319e+01 8.931068027076769056e+00 8.906220950273908699e+00
1.533433775808724642e+00 1.233026456614744637e+00 1.188843422533476746e+00 1.098908296101870130e+00 1.095579479100178943e+00 1.087234911194234099e+00 1.077551857463497242e+00
1.230534601895944435e+00 3.982850928009248892e-01 3.807602384057842682e-01 3.835890626711931373e-01 3.072254931361542707e-01 3.054477197126033716e-01 2.850624313809511645e-01
1.135891658361778855e+00 1.040756412614123105e+00 9.332196904514246105e-01 8.963491143252471094e-01 8.991477333341173495e-01 9.000722842222496078e-01 9.328461965450128845e-01
1.007090032314581052e+00 3.212629347869488394e-01 3.216455779435088980e-01 3.182870268492637433e-01 2.919028717440548260e-01 2.951422761176346055e-01 2.954890732171260859e-01
2.791519888329170751e+00 1.784195652559211531e+00 1.117647640124476149e+00 1.063177481743469155e+00 1.029638288629771692e+00 1.030054675128548869e+00 1.012475486362002908e+00
1.403343967691328853e+00 8.738693486698800861e-01 8.695484797887427231e-01 8.678061572498401155e-01 8.671847344681106184e-01 8.636086010424194326e-01 8.591438565516610337e-01
7.913571188320590366e+00 8.280837799192230619e+00 8.426629511414022389e+00 9.036155816889378301e+00 8.661244103103973302e+00 8.500050713303393124e+00 7.734031249146543274e+00
2.683454886435550524e+00 2.661656769601676409e+00 2.606138613422276595e+00 2.363992200334723126e+00 2.173548528086931775e+00 1.840359324838160893e+00 1.662291781676845881e+00
1.273979259080719295e+00 1.244645547241224337e+00 1.237349741764934397e+00 1.000684902006008237e+00 9.952543384143093252e-01 9.803946097848773578e-01 8.881226639227443043e-01
1.566262554046374600e+00 8.964015071578514959e-01 7.610451260765699333e-01 7.420935415552596393e-01 7.255910682894470831e-01 6.952272109889360285e-01 6.854794424094374783e-01
1.276497429884964063e+00 1.049557520824450529e+00 9.722672619331154120e-01 9.421444408121876224e-01 9.389123377369226198e-01 8.561411692889485670e-01 8.176125660083626290e-01
1.240857674948302236e+00 4.278175614702089402e-01 3.880133455562577716e-01 3.593426502588875637e-01 3.251246019478470917e-01 3.231156242093894404e-01 3.107781744558939518e-01
2.001195288660319704e+00 1.384902353120016416e+00 1.118169592884114216e+00 1.083637750524033549e+00 9.638897225768127131e-01 8.278491150300490986e-01 7.712245638580462748e-01
9.980915422950351612e+00 5.160325610952271269e+00 5.066950414138772452e+00 5.019222641288361153e+00 4.820674718277103921e+00 4.502081344304431632e+00 4.264117393914511389e+00
1.745755484712367522e+00 1.211730143352651057e+00 1.189954748030474407e+00 1.188057440742858351e+00 9.909055479591140081e-01 9.759480165821963205e-01 9.767291590902031917e-01
3.491444135449909059e+00 3.743231423312962658e+00 3.600430900592925809e+00 3.671663407061883877e+00 3.697783365329702754e+00 3.669257253509387251e+00 3.759313755159378712e+00
4.314023456907847276e+00 4.242896833736849338e+00 4.273611381344401217e+00 4.201804419009300240e+00 4.188264916894203438e+00 4.066100806281321312e+00 4.084385538786520442e+00
1.334789230232177326e+00 1.178265033344504165e+00 1.161865647128599077e+00 1.091289072236620861e+00 1.034863910660710706e+00 1.030204266770169630e+00 9.774283691015547282e-01
7.320319257068470531e-01 1.491684787465145379e-01 1.483532698199683530e-01 1.420211119667605937e-01 1.293001482761197141e-01 1.227024620089511991e-01 1.185131918669609652e-01
5.033352274962563655e+00 4.823429687537274191e+00 4.837410108236256612e+00 4.739776487784121528e+00 4.678057352880331088e+00 4.582584896612915237e+00 4.471189631569725265e+00
2.243898284657131814e+00 2.117441684557948900e+00 1.906848399519441850e+00 1.884645546147380335e+00 1.872957620217657659e+00 1.800185378694922900e+00 1.743546079576531405e+00
1.764290821940396103e+00 8.320145352599634947e-01 7.982916149193327593e-01 7.054913134409285247e-01 6.074833418407972196e-01 5.617663899399309990e-01 5.334930944555306143e-01
1.155929215728496384e+00 8.280023906001472422e-01 7.544599927742866585e-01 7.484716539741067542e-01 7.133478019346667365e-01 7.124028993601422277e-01 6.875815661528970058e-01
1.035742919024989606e+00 7.137571569014011796e-01 6.720800696480642156e-01 6.520342929207012528e-01 6.011672544805842788e-01 5.654147033311486270e-01 5.478653173445021674e-01
1.350790968914660084e+01 1.381056291456795293e+01 1.356722231537249357e+01 1.378541417035476080e+01 1.383987976345395943e+01 1.376743673271177570e+01 1.386515447958569780e+01
1.656832365088248160e+00 1.597700836113926881e+00 1.572884061370241726e+00 1.575653155946627137e+00 1.574456875649861365e+00 1.569759480768175619e+00 1.578809516883083575e+00
2.335482013822683278e+00 1.873359520997651906e+00 1.736189805222853932e+00 1.651353183981461026e+00 1.556434671230459088e+00 1.550228750449196946e+00 1.463953890121940660e+00
6.173968575599323216e+00 6.342534079103018030e+00 6.444949071386807837e+00 6.125424557207327148e+00 5.253534532506173527e+00 4.848331797413326427e+00 4.982237350796782316e+00
3.848540085993456206e+00 3.364484527362725519e+00 3.511877142769299631e+00 3.470381025414159382e+00 3.397836183009733002e+00 3.388804499135287696e+00 3.367941626392903398e+00
6.822200250893863949e-01 4.478248480238517515e-01 4.208352379733278914e-01 4.119597955823517954e-01 3.957879527638860084e-01 3.822305940490266507e-01 3.616230446212103100e-01
2.086432673483711753e+00 2.146784002781072509e+00 2.115984778619154127e+00 2.172287723087162004e+00 2.161909913431328434e+00 2.112017901067331227e+00 2.144119032366717637e+00
1.096066886883867664e+00 1.187680390078357906e+00 1.092300216375898803e+00 1.115860704163382788e+00 1.099897391926747181e+00 1.126718354942143785e+00 1.088936773338711861e+00
1.491298845864965417e+00 1.344296874626201177e+00 1.102555220006060210e+00 1.045633277856678367e+00 1.044351830828346150e+00 1.039273401546638276e+00 1.031077337224569401e+00
1.684953196322461011e+01 1.623691317668689038e+01 1.611394134511743914e+01 1.616873003545400067e+01 1.621324464065663662e+01 1.605294020489866824e+01 1.597814937133947488e+01
2.125656973410067874e+00 3.435349932129026840e+00 3.428464545709959843e+00 3.498509760858288686e+00 3.486950975899399285e+00 3.468106100005833969e+00 3.449168919821353985e+00
1.962175692500463864e+00 1.173642637514139109e+00 1.165613045810083070e+00 1.101527785703992679e+00 1.043093693726638627e+00 1.040800318608924968e+00 9.701643169245546261e-01
1.680082732666369871e+00 7.040214641179017852e-01 5.910944037297819476e-01 5.319949272038518862e-01 5.395125091685554208e-01 3.999322913279935165e-01 4.082508461804132405e-01
