4.124393881854937494e-01 3.744481062765424584e-01 3.332015462983445309e-01 2.776808189355137735e-01 2.193444019355438868e-01 2.027071836241840508e-01 1.863677612079931711e-01
3.217996346803937979e-01 1.452326942882624372e-01 3.794991190419799015e-02 3.651639711324372595e-02 3.518630046570211251e-02 3.004683211587569694e-02 2.502396588231493163e-02
4.337162053713771170e-01 3.278593350608299262e-01 2.298920079912185610e-01 2.176693162024705142e-01 2.059492490975689538e-01 1.906959320441014016e-01 1.760724159159621216e-01
1.703755097593327161e-01 1.432004272682634305e-01 1.164714793226600681e-01 1.138148151914692985e-01 1.113002391001069041e-01 1.118293344136071510e-01 1.123427062799517012e-01
4.201998842939517753e-01 2.561541594532225075e-01 1.229060270087183049e-01 1.100123870061503056e-01 9.820662931617464564e-02 8.042121190773597605e-02 6.321123614999309137e-02
1.889464798688720304e-01 2.324260006553009739e-01 2.463637565290710818e-01 2.411880811481070253e-01 2.367196640984121359e-01 2.258597537028012026e-01 2.145543431132909962e-01
2.591147736517049327e-01 2.442878181032907547e-01 2.310460926667596282e-01 2.127853445094881057e-01 1.967905203891473775e-01 1.824445110285390359e-01 1.684275321631042155e-01
0.000000000000000000e+00 0.000000000000000000e+00 0.000000000000000000e+00 0.000000000000000000e+00 0.000000000000000000e+00 0.000000000000000000e+00 0.000000000000000000e+00
4.051263506412680071e-01 2.947063407366746213e-01 1.904537031572426375e-01 1.459359936780162403e-01 1.076277586616808252e-01 1.004831246156402125e-01 9.349229479252203767e-02
3.659620686372110354e-01 1.759351987909986703e-01 3.758676696932197053e-02 3.444471815773225698e-02 3.126843867917836195e-02 2.961109652836586489e-02 2.804175557672084970e-02
1.620917456999509398e-01 5.617111794830206839e-02 1.616144061622364070e-02 4.368063246628015039e-02 6.765468552462387819e-02 6.684111788879358584e-02 6.602824765773561422e-02
3.545546345010292533e-01 1.918313325071952513e-01 5.084761706112280594e-02 4.188879287808342650e-02 3.317733971285305450e-02 3.318708742833717529e-02 3.319714054851089641e-02
7.081885933493475838e-01 4.219713168293081629e-01 1.835161564896950481e-01 1.566076749788432865e-01 1.290766737932712294e-01 1.158145384147666185e-01 1.032949870725757696e-01
4.877089926050165447e-01 3.248149486653296170e-01 1.842668127474889062e-01 1.277997200476228556e-01 7.640697659526450580e-02 5.905166525897673213e-02 4.207538764751128646e-02
4.950227589068371681e-01 3.195218350789529316e-01 1.395940020828755623e-01 1.064714972087334316e-01 7.448568340405958832e-02 5.803352573233670764e-02 4.442084355560609044e-02
4.781679267340780415e-01 3.466629761051924219e-01 2.110274633110591769e-01 1.840783240118682162e-01 1.565331507512757736e-01 1.489446606809460005e-01 1.414426645308954344e-01
3.283157244357982063e-01 1.799073796243358669e-01 8.656236214054852107e-02 6.509224927971465902e-02 4.717281811519134088e-02 4.541688838762072272e-02 4.363759981867158799e-02
5.531601194852339004e-02 3.527992917290075081e-02 1.492141058475022694e-02 1.498693295591759650e-02 1.504313670565560201e-02 1.348358668284734170e-02 1.201559074619829547e-02
3.565754424546232482e-01 2.822713992037135244e-01 2.170256363035078517e-01 1.799850993799747556e-01 1.462323937882842040e-01 1.376909030123407152e-01 1.289887379158975445e-01
3.102840894745158562e-01 2.934482887332781065e-01 2.788769134676912231e-01 2.699520426619821389e-01 2.624416328926468811e-01 2.479279875143111100e-01 2.338053250164968400e-01
5.316551267979134909e-01 3.267163708450974147e-01 1.420020160024547118e-01 1.258691168045972808e-01 1.095803258072839403e-01 9.863293696608119165e-02 8.823871739848390683e-02
3.266614456811786082e-01 2.335382076540021279e-01 1.251305356880616504e-01 8.787587938949817379e-02 5.504610025011803104e-02 4.953047052047322707e-02 4.397200775757425378e-02
4.635312018526431821e-01 2.412524373512242859e-01 1.074821491681250824e-01 7.681456394767369189e-02 5.161399469207697543e-02 4.941359592694617026e-02 4.716032211124426138e-02
5.614681641634604592e-01 3.774200299022227312e-01 1.835840454580011938e-01 1.358411419291527256e-01 9.266423875131574173e-02 8.039628109896972130e-02 6.799236958688542609e-02
3.282796633206271908e-01 1.180771624893586086e-01 1.621046883654611581e-02 1.931202577532389539e-02 2.214571051740588103e-02 2.050420779658499934e-02 1.888453902082967706e-02
4.027687123957084947e-01 2.431845124646469791e-01 9.045956669244434312e-02 7.190520561417673706e-02 5.339985075456615132e-02 5.191552494253838523e-02 5.037338740469159137e-02
2.094473514537641412e-01 1.309941434314888242e-01 7.357678481789163560e-02 8.589584323574675495e-02 9.687786497586209356e-02 9.572505543511557191e-02 9.457146080667819255e-02
2.568657015012425493e-01 2.311935372998454585e-01 2.125907502607421729e-01 1.916172635163356786e-01 1.751031314986318532e-01 1.558867621135665293e-01 1.373995074577555875e-01
1.325313389944667297e-01 1.227678592850997980e-01 1.143059397741281735e-01 1.026461875409071939e-01 9.206801396406516513e-02 8.491708056633112678e-02 7.813093789642031051e-02
7.807285563033292131e-02 7.189589295468531982e-02 6.573973984769151957e-02 6.515707205087681309e-02 6.452326553369291950e-02 6.426426356260668549e-02 6.398721516904651296e-02
1.293622904966549745e-03 1.214365968681793001e-03 1.144260105579843938e-03 1.119825490622536595e-03 1.096412614529314105e-03 7.750324590726234914e-04 4.519755728468046276e-04
4.411051338544846878e-01 2.909487353048350045e-01 1.501605185074837978e-01 1.146367041694291294e-01 8.139350045852167259e-02 7.413424894831427414e-02 6.715350137259962215e-02
4.272158881080581616e-01 2.479338030015005856e-01 8.164301821072152132e-02 6.698396535884855452e-02 5.292659774982268889e-02 4.730081641507435236e-02 4.171522610077268989e-02
4.487995755683510946e-01 3.665599185818278483e-01 2.923882110273060553e-01 2.784905924087678897e-01 2.650553510812093672e-01 2.478515838104091151e-01 2.313227946720110562e-01
3.579377844322806923e-01 2.055096055485230999e-01 6.563457213352989761e-02 5.917714468516385024e-02 5.309720085948275992e-02 4.715024962613759835e-02 4.200574605693010999e-02
1.360317381257296621e-01 1.225632707619044720e-01 1.087306763101757168e-01 1.069056450441916717e-01 1.052027763928400222e-01 1.074218655607763750e-01 1.095433927127071466e-01
4.695399503518870588e-01 3.829980696042190047e-01 2.737559921700878363e-01 2.470311592255686750e-01 2.209013897343640453e-01 1.974300476439402319e-01 1.760259829807892529e-01
4.361840041739303842e-01 2.661258383558004481e-01 1.121245623925719997e-01 9.229116733493804292e-02 7.154398080567982154e-02 6.516880634702329478e-02 5.912085024649081644e-02
4.489581738627174690e-01 2.482283482333545177e-01 7.484711988076274414e-02 6.400431551577596967e-02 5.250791514011615702e-02 5.323822947294276631e-02 5.400992519030421712e-02
8.341178970221886368e-01 4.499686423552239911e-01 2.270495519746563440e-01 1.778850291060409539e-01 1.249888365695153991e-01 1.126336588233174812e-01 1.002503688066938708e-01
2.522662206736977705e-02 2.923375666876292314e-02 3.203781173448679020e-02 3.357615550736482712e-02 3.491481749746822016e-02 3.459841382371995483e-02 3.428681029251734458e-02
4.418319163600794020e-01 3.352757440024544677e-01 2.416676090102766461e-01 2.374021203974407412e-01 2.334496752205673653e-01 2.257385160219733955e-01 2.184042356853473088e-01
5.801828490571682428e-02 7.903846150125772019e-02 9.249113271341496967e-02 8.085461584892511544e-02 6.913984566402495147e-02 6.359834191515692514e-02 5.773996815302383928e-02
4.510743624535089036e-01 1.197237502270119130e-01 6.595781830482794206e-02 6.178506436854992040e-02 5.754279847221550198e-02 5.303623351321636037e-02 4.844814418085616192e-02
6.206893703101194065e-02 4.380503794860710759e-02 2.524663176707651890e-02 2.509655918983531853e-02 2.496653050591642053e-02 2.276478033481358840e-02 2.067370353441944086e-02
6.478231427307161727e-01 4.335214082068901131e-01 1.494931362827536248e-01 1.194993063249091686e-01 9.784333044194394591e-02 9.532777907910401638e-02 9.285943186743302047e-02
1.810478856016093929e-01 1.329642575152559514e-01 9.075918470468953558e-02 7.866600011824517735e-02 6.723557214799134873e-02 5.931311758197681250e-02 5.159566272428070532e-02
6.728724290238957684e-01 4.530500335678764867e-01 2.488599019680606539e-01 2.364433718857575084e-01 2.250328639649880891e-01 2.178214246059923809e-01 2.107049554628151189e-01
