3.968908467838167198e+00 4.025131141953609770e+00 4.086171248617946006e+00 4.153301584924443901e+00 4.223836382974404557e+00 4.168168305883084734e+00 4.113496652865761050e+00
1.639417583472192907e+00 8.180726993928346680e-01 3.190202478678984543e-01 3.124889310707820167e-01 3.064288034525005644e-01 2.763949759925981020e-01 2.470425434947836618e-01
2.813173813094903775e+00 2.539799517435238574e+00 2.286799887304981294e+00 2.213264792445607476e+00 2.142753626721003002e+00 2.074964980032335760e+00 2.009975288630679646e+00
1.114520242449634324e+01 1.423313245556501094e+01 1.727036780111453496e+01 1.803324148237022229e+01 1.875531391037990048e+01 1.864624540698439858e+01 1.854041815862504450e+01
4.374942056251484246e+00 3.334092947417594210e+00 2.488650616974076080e+00 2.318562442138547564e+00 2.162825212183428381e+00 2.027460746936894598e+00 1.896475956878083791e+00
1.175993778499289238e-01 3.006147099456729088e-01 3.592819393394157124e-01 3.690654857367253183e-01 3.775121061891998919e-01 3.598929071287619297e-01 3.415509252541169549e-01
9.745697162102047173e-01 9.213190910322985872e-01 8.737617785667007864e-01 8.145001677140663032e-01 7.625921607412788905e-01 7.256695451619277204e-01 6.895937620487907482e-01
0.000000000000000000e+00 0.000000000000000000e+00 0.000000000000000000e+00 0.000000000000000000e+00 0.000000000000000000e+00 0.000000000000000000e+00 0.000000000000000000e+00
5.137907289333095484e+00 4.804731163096578328e+00 4.490164175023797277e+00 4.197323009871976041e+00 3.945328279947059702e+00 3.894057215993972143e+00 3.843889876332275968e+00
2.385807102120170775e+00 1.695700515092597893e+00 1.193270705127609022e+00 1.177231793389103442e+00 1.161018147685878965e+00 1.107370723295588943e+00 1.056571858375217499e+00
2.266246414576299717e+00 1.125796724634173129e+00 6.950116634368452839e-01 6.847640378687951390e-01 6.758365548079159346e-01 6.641266390608978609e-01 6.524267612637266733e-01
1.052273453177881679e+00 6.674223214966484852e-01 3.339867177863581893e-01 2.979049138974407818e-01 2.628194006343942957e-01 2.555672935777604238e-01 2.480879714871973563e-01
2.195858293400807071e+00 1.572123481120340838e+00 1.052473561730084661e+00 1.003131276382003056e+00 9.526474720146318464e-01 9.046074150836145300e-01 8.592572552440111977e-01
4.886482160740403202e+00 4.282435859176765724e+00 3.761253011483026487e+00 3.472678339429382532e+00 3.210036092793290052e+00 3.138183442291897940e+00 3.067900027699340448e+00
1.249797448079951634e+00 8.723894347322801446e-01 4.854615228108732916e-01 4.208872496603689450e-01 3.585290226659901269e-01 3.002005042842636473e-01 2.519388963898334666e-01
2.931414841293587425e+00 2.649607634708894821e+00 2.358948881624649996e+00 2.342009273915084844e+00 2.324695012997651133e+00 2.296444199892763383e+00 2.268515390711432378e+00
1.125256084879076912e+00 7.262106342386279723e-01 4.752213477926439111e-01 4.024220305746625259e-01 3.416621099274055329e-01 3.344033545039685751e-01 3.270480370633395695e-01
1.821699823739476543e+01 1.851703993247302904e+01 1.882191012565784050e+01 1.756741649696660801e+01 1.649133752273693077e+01 1.592579768604060853e+01 1.539345812004936853e+01
3.364819671914406563e+00 3.051234832540983710e+00 2.775878591027073572e+00 2.555167471654576694e+00 2.354047346199284796e+00 2.350193965335827251e+00 2.346268098372682687e+00
8.199348074307181156e-01 7.824807217762314027e-01 7.500642335028714358e-01 7.367173048888457920e-01 7.254856685732505861e-01 7.083603161765462675e-01 6.916963033975236375e-01
3.707418710356897407e+00 3.004860014782287703e+00 2.371633392571157462e+00 2.352376239561939197e+00 2.332933005167212581e+00 2.246382419090681370e+00 2.164205216066908743e+00
2.866065493872507197e+00 2.771592534645975103e+00 2.661613610046158040e+00 2.318988622489545293e+00 2.017058507258548072e+00 1.997804928459881779e+00 1.978401831071069816e+00
1.293132083039552072e+00 7.709749911791032861e-01 4.567339757960285906e-01 3.707910689204558796e-01 3.001689393599957234e-01 2.906733305929929956e-01 2.809495446420565701e-01
5.404578799150278279e+00 5.029328888625318683e+00 4.634122840429422574e+00 4.393563492266926218e+00 4.176010580390513205e+00 4.149118361964971413e+00 4.121928123200960137e+00
2.224059806407366224e+00 1.105885301298931145e+00 5.640043088663120319e-01 5.536036774452466336e-01 5.441013174539111041e-01 5.273303757665619429e-01 5.107825076171698120e-01
1.204124589437167048e+00 8.633589659003795269e-01 5.372401433717781671e-01 4.870337932238105183e-01 4.369600492789311730e-01 4.299845323688920029e-01 4.227373320671192758e-01
1.808686198426395819e+01 1.522439437286178254e+01 1.312944716156329150e+01 1.413551756093977296e+01 1.503239511629133673e+01 1.494216980242632786e+01 1.485188304321339281e+01
1.045169125063170279e+00 8.160860402026934857e-01 6.500858616245136501e-01 6.162887085106655283e-01 5.896774609319341831e-01 5.541646797696687665e-01 5.199993379339141741e-01
5.861725468799096284e+00 5.505951823209543683e+00 5.197606024097010113e+00 4.990646436041302536e+00 4.802884775068151590e+00 4.674436644626069004e+00 4.552541041579410752e+00
1.656030399499658357e-01 1.517209117719084677e-01 1.378855510934380857e-01 1.361612995319116948e-01 1.342857164244630475e-01 1.295027238257808189e-01 1.243864677204022384e-01
1.211178661957414082e+00 1.129397926706823263e+00 1.057059664611302852e+00 1.030983091608542956e+00 1.005996916311071354e+00 1.005586443820832399e+00 1.005173829780026118e+00
5.793905185193278129e+00 5.376505444123232280e+00 4.985147061766337373e+00 4.751970572243630286e+00 4.533763893534191958e+00 4.435616011841123196e+00 4.341233610814376753e+00
5.731801921582230896e+00 4.913803545011980134e+00 4.155079705334398632e+00 4.083172931447767162e+00 4.014217592769501408e+00 3.827603044256890907e+00 3.642321684627502165e+00
1.552555967819642779e+00 1.343851558074726782e+00 1.155621657657270429e+00 1.118973540073835649e+00 1.083544714643455809e+00 1.044165806571819566e+00 1.006331903231289404e+00
2.582187718823874878e+00 2.081631545365656422e+00 1.622298422046355437e+00 1.552662436470830798e+00 1.487097180967687837e+00 1.308422465690533887e+00 1.153857096915279268e+00
5.826602034271399333e+00 6.035014542850811736e+00 6.249061593043737872e+00 6.264511897300134358e+00 6.278928000334884629e+00 6.157185987644178127e+00 6.040796349415161970e+00
1.967857008998734836e+00 1.854499601360620975e+00 1.711408203346730383e+00 1.640640302595739008e+00 1.571448141962267897e+00 1.478536507442615999e+00 1.393808219407095317e+00
5.889892844925282311e+00 5.238989485689176107e+00 4.649544413358369432e+00 4.692849806336674590e+00 4.738150424976747210e+00 4.597009949453586763e+00 4.463113786217885348e+00
1.273553257308280839e+00 8.621066353245296909e-01 5.067178907899356766e-01 4.938592725125121041e-01 4.802255464930331175e-01 4.843193471287770002e-01 4.886451124552054770e-01
4.120853636948632825e+00 2.722814755131101716e+00 1.911542698592525458e+00 1.861806183301983442e+00 1.808294583160251712e+00 1.775492264567759992e+00 1.742615309440706861e+00
7.489575533522142559e-01 6.162619588371617274e-01 5.234061426462573996e-01 4.874636270375512503e-01 4.561865611941626208e-01 4.527738248735640458e-01 4.494128629859721058e-01
1.694409631893999801e+01 1.637467548383945370e+01 1.587444709518678820e+01 1.592968742758952772e+01 1.598087368201230696e+01 1.542634195737268499e+01 1.489891267996893376e+01
3.378823998949121332e+00 2.668266879109450151e+00 2.213518496420397330e+00 2.202180002138673487e+00 2.190765258680642091e+00 2.224559192730629853e+00 2.260285505574529452e+00
6.132535751419205816e-01 1.627452845898770817e-01 8.964447479374632044e-02 8.296383115223937565e-02 7.617189778671538958e-02 6.925494816254644526e-02 6.221286997841871114e-02
6.426582907246611853e+00 6.504627034295521248e+00 6.583929630270331401e+00 6.221908858417310562e+00 5.908240063087061067e+00 5.738915198386762562e+00 5.578101632455562786e+00
4.229622699914327377e+00 4.066941432656690836e+00 3.851329182404569007e+00 3.173623608552757158e+00 2.684310453690133880e+00 2.650306445944650591e+00 2.616940521104441419e+00
2.092971578790664644e+00 1.729110100187025489e+00 1.409733197723516129e+00 1.307527809197836843e+00 1.210923699390060282e+00 1.120111455495914177e+00 1.031649049439892663e+00
2.374331292219107326e+00 1.863711299407801558e+00 1.389403104770289499e+00 1.419806651387722329e+00 1.447746817214900839e+00 1.410101896753012785e+00 1.372952736713247912e+00
