7.683372862927805080e+00 6.629981284917215945e+00 5.816051754050687528e+00 6.353695479029328297e+00 6.970717963695465258e+00 7.088997230775688330e+00 7.209847132583242946e+00
2.451314230044646791e+01 2.325290197170286532e+01 2.222035604311038526e+01 1.920582499261349696e+01 1.659528006450647908e+01 1.481110757069312989e+01 1.318322332226711424e+01
2.801726159757709667e+00 2.443341689524264559e+00 2.140942129559715745e+00 1.976294617171936885e+00 1.833943719391975202e+00 1.728366111725166521e+00 1.630579183711679425e+00
1.122009107580814202e+01 1.360639291221374592e+01 1.595973432858914798e+01 1.755766596086852971e+01 1.908067011026553672e+01 1.899006196641471078e+01 1.890239438611882861e+01
4.560520936219679911e+00 3.925360383072332926e+00 3.352997360528077397e+00 3.073262599744121193e+00 2.830376221594130826e+00 2.644144093882105029e+00 2.458439384877557643e+00
1.303962473331044258e-01 9.009106321848028842e-02 7.107515543614009723e-02 1.329385013696260109e-01 1.785491421175134097e-01 1.852186454536782767e-01 1.915695211906886797e-01
9.221175974640662965e-01 8.762068954018459310e-01 8.374177370803128628e-01 7.238856985656720866e-01 6.383790671690423579e-01 5.459055470456711801e-01 4.753327120023961849e-01
0.000000000000000000e+00 0.000000000000000000e+00 0.000000000000000000e+00 0.000000000000000000e+00 0.000000000000000000e+00 0.000000000000000000e+00 0.000000000000000000e+00
5.062277592977284968e+00 4.774165917866549869e+00 4.499055876427333622e+00 4.130021366102889502e+00 3.828335275011906180e+00 3.768589398540814983e+00 3.710403897904837933e+00
2.368664231057615144e+00 2.264764904944847501e+00 2.148747957362113770e+00 1.851904848492570421e+00 1.606789055239419062e+00 1.336313511392932085e+00 1.129104182080421070e+00
2.331858244115830203e+00 1.877986666568169039e+00 1.527698600205352086e+00 1.358321641264226054e+00 1.229150620248656178e+00 8.579192536804303160e-01 6.448624112507694850e-01
1.683685905450459375e+00 1.337820787299111247e+00 1.019826179409550893e+00 8.969842503975364867e-01 7.914693689475301719e-01 7.351537283285607405e-01 6.852507970045944585e-01
2.184947399058237760e+00 1.465946997832124010e+00 1.012671257721067031e+00 8.778407005108528338e-01 7.797530026810942649e-01 6.782354395315232098e-01 6.073364782542998164e-01
4.901241295993323810e+00 4.266584967426481967e+00 3.734821465741243074e+00 3.586133134903597419e+00 3.448058531339542654e+00 3.336356675117969850e+00 3.231001371977014536e+00
1.217327888486572141e+00 9.540631100714302981e-01 6.521194999996269281e-01 5.621189875528344038e-01 4.793607265151971220e-01 4.744302613129310897e-01 4.694762787617229871e-01
2.886343737512496510e+00 2.608527241420317999e+00 2.346868015431930576e+00 2.257555836642628044e+00 2.175172587409542224e+00 2.065507805710321776e+00 1.967995949780333653e+00
1.175077175361554316e+00 1.044878128077999735e+00 9.130786823432884836e-01 7.917073518464801118e-01 6.773729584572085738e-01 5.744962692216694089e-01 4.773941555732845177e-01
1.844499095012113798e+01 1.858603637580137402e+01 1.873094403650930317e+01 1.884134681379326892e+01 1.894892765099950438e+01 1.895206991747507885e+01 1.895514578148924656e+01
3.151594207806601933e+00 2.877899650566256629e+00 2.648004292963917816e+00 2.294150399004361685e+00 2.028303394008651672e+00 1.919358302977686392e+00 1.820363489596857676e+00
8.507792509781615387e-01 8.327905502585608577e-01 8.152761844262207402e-01 8.312945170530187111e-01 8.480804623112818685e-01 8.571651801491234623e-01 8.666406510352053782e-01
3.608874379661320742e+00 2.530511334153224823e+00 1.777438349492019176e+00 1.552918440362019759e+00 1.375487393515256729e+00 1.222602925002642671e+00 1.102316081016255778e+00
3.394850826462853188e+00 3.407078418853612956e+00 3.421034447882076446e+00 3.355218171053166110e+00 3.293701291145203491e+00 3.087691998711974417e+00 2.903800829672352091e+00
1.152033352291842583e+01 9.974896709578656484e+00 8.780776036199917201e+00 9.643394206616438424e+00 1.063337099254415641e+01 1.081834604629138319e+01 1.100734127456784606e+01
8.422192806919250430e+00 1.008067990377201362e+01 1.303479916783291337e+01 1.328520305091495679e+01 1.353896397543402941e+01 1.310100518008774451e+01 1.269356543449515584e+01
1.655549902159846321e+00 1.177809464707820108e+00 7.623280433509359577e-01 7.441521943138257322e-01 7.275356781001801609e-01 6.958387106236426645e-01 6.645972116458158663e-01
1.230528916335673406e+00 1.000084473786410522e+00 7.255207341114640052e-01 6.473690705866598227e-01 5.814710457470413374e-01 5.318808715208216409e-01 4.880824798893819705e-01
1.865089184464244454e+01 1.900884775221841139e+01 1.939852611898512791e+01 2.116107144682326080e+01 2.272596104865838740e+01 1.669395933623831141e+01 1.308004962038681285e+01
1.197787193658325977e+00 1.048655395128597734e+00 9.333483421389644485e-01 8.103455014325985362e-01 7.374021598195296123e-01 7.230031001278682812e-01 7.112178466973355651e-01
5.630123287301079138e+00 5.365885482440790000e+00 5.131713963881724183e+00 5.216743397789869618e+00 5.303448133783565943e+00 5.213652857804460972e+00 5.126847857503091355e+00
5.295393992427931096e+01 5.552125106074789329e+01 5.837943515679634032e+01 5.899601579365439363e+01 5.959891362826532202e+01 5.702031026181851558e+01 5.454588196444568382e+01
9.776232563725685276e-01 8.843765435627716220e-01 8.009766900342417673e-01 7.544721691856394186e-01 7.130708167895283278e-01 6.793150042990301340e-01 6.483259865242750886e-01
5.643042274479503462e+00 5.496805449262159193e+00 5.351172896560307812e+00 4.542971675840408174e+00 3.897151579831098278e+00 3.740670356083494852e+00 3.583858895750913209e+00
1.414240974035935494e+01 1.475904577253253791e+01 1.544554585239123767e+01 1.561596481950324566e+01 1.578260194708484043e+01 1.509865805726432164e+01 1.444234536613526387e+01
1.497353186810683079e+00 1.418593486234305701e+00 1.344925392864724900e+00 1.221316162841667774e+00 1.136630984800578004e+00 1.129353955664238685e+00 1.122441557086857333e+00
3.033552263524941228e+00 2.443433389663915545e+00 1.942062934937934582e+00 1.944171671733521123e+00 1.946281335045505045e+00 1.894159117681508908e+00 1.844039427848659152e+00
8.438039437237437213e+00 8.441110501383391806e+00 8.444183761674155519e+00 8.729058541618123002e+00 8.996848686344636192e+00 9.089842770518467674e+00 9.184314749432752834e+00
1.914292311312528527e+00 1.727957586593651174e+00 1.544031841921956305e+00 1.383998420028226040e+00 1.255390218368145350e+00 1.137796106793672379e+00 1.048815113534286914e+00
5.838641878554185816e+00 5.877466680788150377e+00 5.919889258667809351e+00 5.192729831259491391e+00 4.580559719877354219e+00 4.129623898682886818e+00 3.725195006008873655e+00
1.474148142825893570e+00 1.205291416315367181e+00 9.197824447103880585e-01 7.938982064228627955e-01 6.846356798208433903e-01 5.863032440132438516e-01 4.930383236340015185e-01
4.168455513203964458e+00 2.480558780723685963e+00 1.735557461642576182e+00 1.648722166659770227e+00 1.574214042319384221e+00 1.416531260411099113e+00 1.290315589277145847e+00
2.822916083598610903e+00 2.475809801871299953e+00 2.151011644404743350e+00 2.085866283467348481e+00 2.024090656436206448e+00 1.961476489911805343e+00 1.901353325110842762e+00
1.764245301705967250e+01 1.752567447231501419e+01 1.741802408987458506e+01 1.623378627308511568e+01 1.519057115842078787e+01 1.373674028556813198e+01 1.238865613667296373e+01
3.449592418993310261e+00 3.337119601512475775e+00 3.228860684546315696e+00 2.425353189340774929e+00 1.989419008186536386e+00 1.826922963798286226e+00 1.696106804357411457e+00
2.020134754733144966e+00 1.749168035343221073e+00 1.529495518574556678e+00 1.367152188554571879e+00 1.236941876841451959e+00 1.177521421180419692e+00 1.123316501384968635e+00
6.534292397752908599e+00 6.549083972628787720e+00 6.564216548404128382e+00 6.620341699748074404e+00 6.674709175736499134e+00 6.686364587560811756e+00 6.697843682429040157e+00
5.083596234691546201e+00 6.140379142330033346e+00 8.610755431116668746e+00 8.997236950804476052e+00 9.467663260630668987e+00 6.585670197163644879e+00 5.216792715876089837e+00
1.111425008379565149e+01 7.364300605958200130e+00 5.420853134119686167e+00 5.460428725695095409e+00 5.501035779276639559e+00 5.464864048872922098e+00 5.428928689474642688e+00
2.577962410311845698e+00 2.437466522109827061e+00 2.274281737180564811e+00 2.434901864096203461e+00 2.584601254244776491e+00 2.478542245797244803e+00 2.369194938589090693e+00
