4.020090356415355060e-01 3.190889274324564817e-01 2.802359903490904691e-01 2.350832258922822549e-01 1.783655372566982089e-01 1.742997346536079017e-01 1.605271686423495048e-01
2.895961188721396518e-01 2.195649127603060413e-01 1.684144702117377490e-01 9.840292358299761177e-02 1.221340518552061216e-01 7.267946590262357176e-02 8.912500753887518667e-02
5.610228214408385927e-01 1.757277239443904293e-01 8.932135934176492487e-02 7.989370235485683536e-02 6.878504782972104381e-02 6.530804276530566277e-02 6.318923661353954835e-02
1.347226414500788394e-01 1.190877834355814069e-01 1.227117181720380062e-01 1.127533128434120013e-01 1.097701105627938434e-01 1.045238578156005016e-01 9.529747970943668045e-02
3.983913446986627749e-01 1.769673185950283167e-01 1.472461479391804773e-01 1.355105767367610625e-01 1.352933154091846280e-01 8.703362357775812352e-02 7.790187152535510418e-02
2.818701657291974305e-01 2.625850664488729724e-01 2.552314828061186813e-01 2.449475450997454784e-01 2.412638665481695033e-01 2.368661286713540093e-01 2.287370346281500377e-01
4.253523389538866883e-01 3.935471186082036693e-02 3.397505725631901063e-02 3.142345032776538982e-02 3.113408979317594527e-02 3.087737240580105263e-02 3.059706233325400898e-02
2.441521404520412553e-01 1.719916431831331749e-01 1.450777409529218909e-01 1.266142681151616045e-01 1.154595389482236945e-01 1.126066791409279511e-01 1.029196847856421043e-01
4.178527268990449572e-01 2.710152523868201713e-01 2.481761952773938185e-01 2.449605468735809866e-01 2.380028659299921467e-01 2.348443505135454079e-01 2.305314179239535133e-01
4.062514757884139738e-01 1.866067643037851442e-01 1.535300810272357541e-01 1.546201243065866426e-01 1.519857662561675815e-01 1.515084252840143419e-01 1.432367484359066412e-01
5.417390300221048421e-02 4.313128212029872233e-02 3.486807435572097935e-02 3.352891547229992081e-02 3.308482577378362571e-02 2.554663602643626047e-02 2.463802002775337258e-02
2.292222729216431554e-01 9.855337338486828969e-02 9.138487818015458841e-02 8.446979817000972723e-02 7.762386227698181429e-02 7.758696718144945936e-02 7.274509666795520024e-02
6.419248735779198300e-01 1.808151562615750996e-01 1.814980842731431232e-01 1.832543320481533067e-01 1.448445787185228262e-01 1.445716430906337502e-01 1.362558901075587303e-01
3.918554362619372511e-01 2.528317861183299597e-01 1.331948958016906659e-01 1.108424941757965715e-01 8.914047007858880156e-02 8.668891942314783938e-02 8.387293350650351642e-02
3.931885281775923113e-01 3.759317824688119397e-02 3.818187338599620534e-02 3.812590256792082466e-02 3.429709458861021631e-02 3.474052507730906320e-02 3.462970337356556516e-02
8.310520986316621839e-01 4.695075875436224844e-01 1.458347470967490400e-01 1.066618611237447750e-01 8.620804209587247524e-02 8.152747825779961544e-02 7.890911171570737237e-02
3.923193705440968237e-01 1.870830337570388857e-01 1.816265435023478869e-01 1.781678931900146645e-01 1.703116995976145798e-01 1.683246564428231007e-01 1.652147631553338991e-01
7.136899958015144319e-02 1.894783637158264922e-02 5.489083093523404802e-03 6.996440068740032367e-03 6.037012152338536337e-03 5.342292705648806102e-03 4.973945773853263169e-03
2.375877740235839697e-01 1.690487092124904889e-01 1.619511243014215285e-01 1.380048440554261791e-01 1.206522472328899337e-01 1.025824190213363019e-01 8.693077716371912234e-02
2.136690682410735953e-01 1.998762452426380565e-01 1.879441678590914877e-01 1.452660449223925621e-01 1.497754968115139473e-01 1.386240123604202401e-01 1.180663036659335002e-01
4.200264792458945906e-01 1.371666054842955729e-01 8.101808825989793850e-02 7.985277489417261232e-02 7.679721228822197765e-02 6.954705281410605844e-02 6.515949886774806410e-02
3.085171834557321469e-01 1.065539865480757409e-01 6.979817330477436355e-02 6.355727338307677610e-02 6.206067810573753091e-02 5.581062077589935694e-02 5.141098367857353801e-02
4.630879773626541684e-01 1.046009474308095960e-01 7.568507801790586020e-02 6.735049176598614795e-02 6.258774030440376890e-02 5.866686069145023857e-02 4.714198181195733417e-02
7.129648973892596109e-01 4.197847076734944061e-01 2.633439844624074211e-01 2.359939325228231355e-01 1.915487133791160534e-01 1.398734942045456175e-01 9.762070918877527315e-02
2.643035874178262246e-01 2.417702704158883418e-03 2.384186301799217506e-03 7.863859566859982301e-04 7.833845300219590812e-04 7.768735043027575130e-04 7.775413075113180332e-04
3.360500174686771868e-01 7.889326141941492565e-02 7.843348629412430495e-02 7.552188569872368695e-02 6.231123390796974165e-02 6.088928755366854878e-02 5.959280223583394986e-02
1.955819232546603670e-01 1.435261824943939168e-01 1.555536766749653355e-01 1.493208610640145984e-01 1.408259619648455085e-01 1.331717503529611102e-01 1.229624873684750930e-01
6.855320205760634389e-02 3.072691526704948370e-02 2.411525969383416720e-02 2.756506890950966362e-02 2.802057503878947406e-02 2.358648374281177573e-02 2.344848992721588338e-02
2.485844357948000793e-01 2.054697248231090456e-01 2.116902681928450047e-01 1.937614040948207050e-01 1.833456095679581455e-01 1.800500399552876218e-01 1.655254201473216058e-01
3.170317938996286000e-01 3.776139028815662241e-02 3.789065756211126845e-02 3.547290230930788546e-02 2.955422664643008249e-02 2.607898128965201179e-02 2.211922421254009646e-02
1.782275563263930329e-01 1.393292706975759188e-01 1.168025491190644166e-01 1.097420325304207939e-01 1.071726062754238262e-01 1.002834721846631583e-01 9.447640858298644861e-02
4.819373361750972640e-01 3.197250185060558358e-01 1.904795698263988535e-01 1.635709481887224481e-01 1.201439809084845906e-01 1.190868407069632928e-01 1.101376534641524130e-01
5.102283299713477049e-01 1.399778468950155230e-01 6.605528089234820321e-02 4.140750599080905703e-02 3.883655020461196372e-02 3.872525064145394824e-02 3.647047516640019443e-02
4.689816703224699568e-01 2.841356675223420392e-01 2.381453183636965676e-01 2.310497405115514713e-01 2.196747265905728830e-01 2.196109371105988695e-01 2.117023042237966557e-01
2.765561100820875251e-01 7.547299530653388266e-02 7.325774189461735364e-02 7.080045058910962308e-02 6.041967261604237055e-02 5.347084900057207102e-02 4.900027009394661986e-02
6.429974047145742277e-02 5.890335954282167885e-02 6.418142664696684097e-02 6.137879435125988964e-02 5.977120558415718876e-02 5.831873189490704296e-02 5.666083214280892566e-02
3.755488572107225087e-01 2.985395751836963929e-01 2.716250128922267915e-01 2.509856083715372166e-01 2.456928895507484167e-01 2.419134062001524754e-01 2.345427160496914576e-01
3.674519427241291214e-01 6.970851442377316853e-02 4.949006726579980447e-02 4.881373563594802040e-02 3.795324876608127673e-02 3.733958674393255545e-02 3.379486919966886993e-02
1.732986660331230222e-01 5.166324679709983353e-02 5.250173761456863181e-02 5.182982644185188392e-02 4.630634138924782928e-02 4.260837373212590651e-02 4.392680934148704419e-02
3.675080461249274344e-01 1.938408581078313875e-01 9.049065140151173192e-02 8.336266539094444594e-02 7.098136213930843208e-02 7.066783746315202785e-02 6.350175859605013129e-02
2.631393993486551564e-01 1.426035865095094668e-01 1.253490992391084746e-01 1.208860716949109598e-01 1.089560975837378237e-01 1.015743282681725035e-01 9.112388683338661088e-02
6.133954951128239852e-01 5.698834151915161961e-01 5.359585860293295534e-01 4.835362685881667844e-01 4.973099410132731379e-01 4.109129179392631004e-01 4.569529095578770406e-01
1.045819288786315523e-03 1.120934135815056438e-04 1.059131819555117341e-04 1.044951000906793376e-04 1.048771126068138125e-04 1.083793504445473236e-04 1.095210990401825871e-04
2.441521404520412553e-01 1.719916431831331749e-01 1.450777409529218909e-01 1.266142681151616045e-01 1.154595389482236945e-01 1.126066791409279511e-01 1.029196847856421043e-01
4.049065637461386757e-02 8.767474304676675309e-03 1.134473827458833996e-02 1.013673617611485916e-02 9.683975826623232586e-03 9.623803275600100252e-03 8.932069794782530534e-03
8.896581622080105278e-01 6.194520523005625501e-01 6.181023105141657537e-01 6.131593550078422439e-01 6.107802138318040308e-01 6.081532987325966033e-01 6.045648963695248179e-01
4.897178465524409385e-01 1.056721025798271346e-01 1.051704432946287543e-01 1.047261619054812576e-01 9.359404000069335150e-02 9.349136623286587178e-02 8.549028288752920368e-02
6.733656602431158378e-01 2.388823591722592232e-01 1.874823880180491731e-01 1.216644834693701993e-01 1.426997884977946607e-01 7.743545503113587192e-02 9.050327072682895491e-02
