4.021512266519106094e-01 3.275914529948878440e-01 2.990828837571883891e-01 2.617246530656195391e-01 2.151808049131073153e-01 1.878507607872541285e-01 1.725865571074573501e-01
2.966596819248137340e-01 2.289354573104382395e-01 1.861707846843007330e-01 1.395662316841001227e-01 1.419689353088085526e-01 1.011892036004198442e-01 1.204423378173385406e-01
5.588029857115074384e-01 1.670125197227320668e-01 1.245786050542742884e-01 1.316142552369773955e-01 1.164304313061328561e-01 1.046241656620920252e-01 8.385693371529479023e-02
1.366795819820001701e-01 1.234532111674577354e-01 1.279895536080245255e-01 1.096119315376097719e-01 1.041840412830879192e-01 1.067750676308774349e-01 9.841348412141286139e-02
4.198371342553121055e-01 1.850281154898371638e-01 1.704559290880956479e-01 1.658074165661737875e-01 1.505444154404055601e-01 1.155216423711621088e-01 1.071398524626156340e-01
2.820256343250142628e-01 2.620960242128320128e-01 2.559838076064115953e-01 2.438236735803068767e-01 2.448744002841709844e-01 2.412826379119438758e-01 2.272556444839679834e-01
4.223467620963468616e-01 4.676114949290603728e-02 4.016767371567722678e-02 3.564893656741003475e-02 3.527162275063180225e-02 3.496759632836549114e-02 3.464514158269281496e-02
2.437993019949180606e-01 1.699900585972058398e-01 1.493157626429565121e-01 1.247925379687380432e-01 1.193435343522663700e-01 1.134617312887600676e-01 1.005495285483261891e-01
4.186849478406309832e-01 2.917271962513152128e-01 2.617247051537642255e-01 2.592373884386510730e-01 2.423824819450868528e-01 2.386784883805660729e-01 2.351205296184114835e-01
4.057704470911255856e-01 2.033783303472361803e-01 1.562290852969895616e-01 1.514633345551867072e-01 1.431187686348700805e-01 1.394136696343742654e-01 1.324237553821523972e-01
5.756932270096280085e-02 4.754696113094593335e-02 4.742068290441650569e-02 4.577772137057145585e-02 4.507167364646807312e-02 3.252353821428592695e-02 3.162606338641146819e-02
2.288000310905595192e-01 9.351393830796851658e-02 8.907231564390472034e-02 7.874397247857797821e-02 7.562622263136500878e-02 7.360435917973666420e-02 6.731571100543645714e-02
6.391156407529384742e-01 2.146267353268120626e-01 1.983397534820657004e-01 1.980460986243688659e-01 1.551620624561284301e-01 1.755910874020722989e-01 1.716787325051894186e-01
3.887307364021901357e-01 2.478877230279066812e-01 1.431832068522381762e-01 1.083892294962242181e-01 7.572727620593162901e-02 7.377528497921427564e-02 6.995278245393969641e-02
3.819658104044882929e-01 4.948776655950286318e-02 4.840171964061006776e-02 4.713501946145092630e-02 4.229328558271978206e-02 3.977406156985565516e-02 3.921773200322621611e-02
8.303906126387822217e-01 5.119105521716962315e-01 2.523331999291769656e-01 1.660504572297356873e-01 1.217758227163323326e-01 1.125758528646444850e-01 1.082957219218180361e-01
3.940552370501387847e-01 2.224030891161837831e-01 1.981088535435223397e-01 1.916035593303084261e-01 1.842281153551124651e-01 1.960386523469725417e-01 1.902333278127640581e-01
7.123869243056595024e-02 2.024594165669281812e-02 1.570905606319381725e-02 2.260115711513295197e-02 2.752635386589741620e-02 2.663686694514314987e-02 1.022427586372674224e-01
2.335033302435369773e-01 1.746068847338347330e-01 1.675419542985364385e-01 1.384607749010552113e-01 1.258366917055915857e-01 1.079044126187355263e-01 8.841499044799173979e-02
2.113921244532496746e-01 1.974064800505652140e-01 1.785774553426522637e-01 1.403918308007227611e-01 1.501862668398670497e-01 1.392420008699443712e-01 1.099974610474086512e-01
4.235858064310561444e-01 2.100512584793231274e-01 1.255986898573704658e-01 9.957975213487404997e-02 9.217498502131646343e-02 7.823521252018805772e-02 6.910807453138959056e-02
3.120875237798692026e-01 1.228327689780702031e-01 7.746571032993147810e-02 6.528297359375545561e-02 5.916703018728501628e-02 5.290916485338131164e-02 4.874681805251023653e-02
4.644012177951987730e-01 1.027237866280542866e-01 7.236274937607194147e-02 6.167926595168258391e-02 5.477605359614975272e-02 4.694593789609510098e-02 3.682902620963018903e-02
7.057046550427216181e-01 4.067340590023839075e-01 2.255350842095732444e-01 2.062710413275324339e-01 1.390168195395671824e-01 1.246173998420560952e-01 1.001292492874597956e-01
2.799988949708260288e-01 2.310401068390266661e-03 2.224805980399958538e-03 2.142094003637727041e-03 1.988623610051485149e-03 2.007501059759945333e-03 2.629122045185058616e-03
3.375585606922839044e-01 7.038538331387210467e-02 6.652032049331980945e-02 6.169262263676280472e-02 5.055946165991800911e-02 4.639337438124393337e-02 4.589767457539557782e-02
1.990474215374389844e-01 1.473117551466023578e-01 1.566735942877774401e-01 1.435094327207205867e-01 1.377192489640401696e-01 1.355263744788926528e-01 1.267173259738335334e-01
6.822452051806122963e-02 2.697103346502228299e-02 2.418859038582650556e-02 3.081283711804900724e-02 3.232965687302885582e-02 3.351691133993189159e-02 2.740518956291850688e-02
2.500233586550959508e-01 2.047918856473737725e-01 2.121833373527517441e-01 1.912509275655904228e-01 1.836162616618119969e-01 1.770961882008499355e-01 1.626195183986192394e-01
3.302983187224567962e-01 6.734329309084650939e-02 4.124166975347964836e-02 3.461421594204239227e-02 3.049506927628320083e-02 2.740852643929643159e-02 2.224248809927133197e-02
1.762799439156452486e-01 1.416921827483329510e-01 1.238065998394185241e-01 1.131188009856146370e-01 1.103296690824886045e-01 1.034853104788065192e-01 9.804371280465805361e-02
4.835535210503231207e-01 2.830163261086503512e-01 1.981809606813421942e-01 1.486938169466665016e-01 1.362618785236904273e-01 1.157381400438535629e-01 1.051083215017730582e-01
5.140604021841642668e-01 1.405310412301954415e-01 8.976935292621981977e-02 4.272833684370383467e-02 3.984384780744321813e-02 3.885850339913356211e-02 3.733011732086571888e-02
4.665340460829605074e-01 3.707247884512365754e-01 3.129360986255859123e-01 2.625806150778669523e-01 2.533968331600515156e-01 2.503780136135300705e-01 2.538988995605688803e-01
2.869208237379091697e-01 8.431820904453289633e-02 8.089151906822414362e-02 7.145923297325457169e-02 6.339210011903674558e-02 5.715299448469832871e-02 5.305022428458647243e-02
7.315739332649494331e-02 6.131308306285447596e-02 7.043300064673944927e-02 6.579305286525079233e-02 6.347208895569400600e-02 6.287484262744442998e-02 6.109652697877196448e-02
3.768741807314822112e-01 3.115747528030420876e-01 2.907559792981507241e-01 2.696711284034523648e-01 2.646617094207552867e-01 2.561525665349898562e-01 2.491470482630152861e-01
3.683145267816786417e-01 7.985627967127523208e-02 5.743993931022956662e-02 4.520675809918273114e-02 4.034192582219425088e-02 3.588683314745678282e-02 3.158848081416527204e-02
1.636220069151686773e-01 5.552722128827505127e-02 5.606584434325171534e-02 5.418072763430440558e-02 4.278765304864241836e-02 3.614221360327590088e-02 3.695112172078594825e-02
3.702743940607283735e-01 2.215145751693470555e-01 9.934539655554651405e-02 9.134602415323452018e-02 8.467359789445333407e-02 9.483039208600588243e-02 9.812529876587601507e-02
2.554100465610569803e-01 1.394754077149207294e-01 1.262026833970193440e-01 1.243192029114653374e-01 1.187496995417985923e-01 1.095007042745703291e-01 9.787388483699124841e-02
6.291560807772749175e-01 5.818633551111980218e-01 5.531101730234031510e-01 5.155864939034617844e-01 4.914958690709211320e-01 4.539924652561890817e-01 4.866805368139738297e-01
1.044869357706020106e-03 1.134260328383081170e-04 1.067084366642901983e-04 1.066405967359053679e-04 1.067056713374065396e-04 1.057418530994175135e-04 1.043444780912626942e-04
2.437993019949180606e-01 1.699900585972058398e-01 1.493157626429565121e-01 1.247925379687380432e-01 1.193435343522663700e-01 1.134617312887600676e-01 1.005495285483261891e-01
4.274050649891299875e-02 9.594938860188093402e-03 1.179276445096892785e-02 1.154299925151561906e-02 1.094911324012776827e-02 1.188237211168039278e-02 1.096962157548338722e-02
8.900321847575969336e-01 7.477722132292053958e-01 6.253170150721649723e-01 6.203383736375382984e-01 6.178708781894807212e-01 6.141777095511815610e-01 6.100058457665078482e-01
4.947015909571341186e-01 1.215483107474586155e-01 1.154434333290001308e-01 1.019059545818714885e-01 9.194864426604822116e-02 8.932047102976355124e-02 8.304031828453185826e-02
6.766402848999161224e-01 1.640090556682990419e-01 1.085920832343282016e-01 7.912750742290017292e-02 8.539705569264514906e-02 7.409768899906113426e-02 9.114434356354904343e-02
