3.973555533499365300e+00 3.890236557388079941e+00 3.805851942334800508e+00 3.858135220521724751e+00 3.911773995044624197e+00 3.858076820854299260e+00 3.806009980106952018e+00
1.894081609258430277e+01 1.635794052823255740e+01 1.448334761764310308e+01 1.302874879246926376e+01 1.169931845486431676e+01 1.041019146968405096e+01 9.206882772010999361e+00
2.846331289306330614e+00 2.698680112287149324e+00 2.553861260104046238e+00 2.376539233827498876e+00 2.220585146792769748e+00 2.175896479208195622e+00 2.131412894597006780e+00
1.106535009772675515e+01 1.313133917518661598e+01 1.512014413305713489e+01 1.650252401418477533e+01 1.777028775733513655e+01 1.770543391768105934e+01 1.764244144066200803e+01
4.641700122701467812e+00 3.971825836536799326e+00 3.390422986988087306e+00 3.096623111488568725e+00 2.843657063259206197e+00 2.610739741635940803e+00 2.391225378181426109e+00
1.416245570632006234e-01 1.089103965049652567e-01 8.737864755975952025e-02 8.012977423580304459e-02 7.413449238688279985e-02 7.456461520669085963e-02 7.500015612322387393e-02
9.829419660194316233e-01 9.182245573350389378e-01 8.639248446163106943e-01 8.126070283381405801e-01 7.671490263251570241e-01 7.471262545157927315e-01 7.276125102585047077e-01
0.000000000000000000e+00 0.000000000000000000e+00 0.000000000000000000e+00 0.000000000000000000e+00 0.000000000000000000e+00 0.000000000000000000e+00 0.000000000000000000e+00
9.328843105001299874e-01 8.042372808287506780e-01 6.745519345543531387e-01 6.069335345743641641e-01 5.441212688478966886e-01 5.176449940933068872e-01 4.925323364544080817e-01
2.401947362103680650e+00 2.313234473772222355e+00 2.208955371112121036e+00 1.873931400125191882e+00 1.607942386326094875e+00 1.464327179299779402e+00 1.341384419903088432e+00
2.272772879416085079e+00 1.634421524301440831e+00 1.229595819541839274e+00 1.080255600017572482e+00 9.717137610502045719e-01 9.150772481178011120e-01 8.631861465539084621e-01
5.516375716889153402e+00 4.366695301455729705e+00 3.516404381179006666e+00 3.152082272392083162e+00 2.849504617682887098e+00 2.739084230759105676e+00 2.635852925431069860e+00
2.189712905720929470e+00 1.569526646445686069e+00 1.062554868391006879e+00 1.037525332579223525e+00 1.010906671136194923e+00 1.013115970582970427e+00 1.015367029192820514e+00
4.344706500495290058e+00 4.017600808187827610e+00 3.707546422803553288e+00 3.440671250916598645e+00 3.213882752122206199e+00 3.150135845685578584e+00 3.088781975739601560e+00
1.375450600739220652e+00 9.978212438056689448e-01 7.185307478381565138e-01 6.121446428753061220e-01 5.237886047515472043e-01 4.998975073088019472e-01 4.775618748821896520e-01
2.728854819126682152e+00 2.038545356628214122e+00 1.554762327457089199e+00 1.505738694726956872e+00 1.458187808206950820e+00 1.457867836689048291e+00 1.457547034889890902e+00
1.141249038234842361e+00 6.974335597379340834e-01 4.441153552775360946e-01 3.901795481533922860e-01 3.424811124197479906e-01 3.360697430825982379e-01 3.296834427697318270e-01
1.817831446432514397e+01 1.828247298145290500e+01 1.838879520590959871e+01 1.837371977281155111e+01 1.835916407319501076e+01 1.780968546735865843e+01 1.729803752845682396e+01
3.403756749606225540e+00 3.291963073323857181e+00 3.183026881172836831e+00 3.183758410915379145e+00 3.184491444975475538e+00 3.082939945584633357e+00 2.988339814368062619e+00
8.807805620851114625e-01 8.672872419355408535e-01 8.539750145758268074e-01 8.676375557307720587e-01 8.816249512493651297e-01 8.759529540443785622e-01 8.703684603035448664e-01
1.975520262104996316e+00 1.457953055118886843e+00 9.777828922933948785e-01 9.544607819216176514e-01 9.303649103092439532e-01 9.324460629673264611e-01 9.345706694613418186e-01
3.688602328742411895e+00 3.720200511947195032e+00 3.755022142081012593e+00 3.565402503949369528e+00 3.401449932054164904e+00 3.382489199319391737e+00 3.363816025458613801e+00
1.177525818655050927e+01 1.180727766650475985e+01 1.183990131882467978e+01 1.303227694025379257e+01 1.444571029233539505e+01 1.456233644127608429e+01 1.467972299910015010e+01
3.963528798332930592e+00 3.103367529836958294e+00 2.467201768676188678e+00 2.199605661323292161e+00 1.977361112833635470e+00 1.899389209465242701e+00 1.826493781475240219e+00
1.497543910795224642e+00 9.965649267979320713e-01 5.530189311007103203e-01 5.895337442108753434e-01 6.237288516362028412e-01 6.181832144419173725e-01 6.127755697324620554e-01
1.198663242818870378e+00 7.476981289627122607e-01 4.198302121029727219e-01 3.872464163449232943e-01 3.583170624337388421e-01 3.362481765885830254e-01 3.160163695298316422e-01
1.751592071188547450e+01 1.619845064246313271e+01 1.499895738967524572e+01 1.536905354862209272e+01 1.565498674002433077e+01 1.375400406565055533e+01 1.224257991152312641e+01
1.499531367937757320e+00 1.348684023180212410e+00 1.226390163897288277e+00 1.006630005328251531e+00 8.532182651236941417e-01 8.453925527457667455e-01 8.375780242619308424e-01
5.872008246135486331e+00 5.542003060029024653e+00 5.254644109458452839e+00 5.120967323609511901e+00 4.995679099372292598e+00 4.950804247003288694e+00 4.906749522183516454e+00
1.099092932095608610e+01 1.092664283489535215e+01 1.086256177781038268e+01 1.090835854461930232e+01 1.095432392895533447e+01 1.077406917627079430e+01 1.059281968447046118e+01
9.793974456449181520e-01 8.983084257526654515e-01 8.238885089319246680e-01 8.185201902002879892e-01 8.132190287897271830e-01 7.475934767376587464e-01 6.914177605936125959e-01
5.846992640952622722e+00 5.532779283458635788e+00 5.232192848013037967e+00 5.273542398610111093e+00 5.316912169511423869e+00 5.134550807124030669e+00 4.959596592354024835e+00
5.779660928357531979e+00 5.461162959539043626e+00 5.136706937903922743e+00 4.958237294221214064e+00 4.794557596711248593e+00 4.676110018905327514e+00 4.560618931838946288e+00
1.547599293176224577e+00 1.378205713344221817e+00 1.225503047351146346e+00 1.177187037474528797e+00 1.135943872596628879e+00 1.125355272897135217e+00 1.115054365235825795e+00
3.053044369903301636e+00 2.477726931786180753e+00 1.989117117681601155e+00 1.851295678801140321e+00 1.728515061649954720e+00 1.668880855385902917e+00 1.611903182127012890e+00
5.778041005784079864e+00 5.805748398869563509e+00 5.833241080827717973e+00 5.913355332563919653e+00 5.987796026231600344e+00 5.980939065902214580e+00 5.974125817222530443e+00
2.040175639405300778e+00 1.895283948902170668e+00 1.702135500831140735e+00 1.692514381970674719e+00 1.682983380186156896e+00 1.638342660509007453e+00 1.596527037707855534e+00
5.939209610595621136e+00 5.830666313330201689e+00 5.717397821547835157e+00 5.437684332212721294e+00 5.171207035292169074e+00 4.893637631031867663e+00 4.637676424745838411e+00
1.481537419151163215e+00 1.147810133214010930e+00 8.576857532426818143e-01 7.272546682543084007e-01 6.137377964958538046e-01 5.155377911828621373e-01 4.255741869403519839e-01
4.169602287250622652e+00 2.813031420766270330e+00 2.007394269087303229e+00 2.029734170510463898e+00 2.054994759727733378e+00 2.063182922018714560e+00 2.071490142520725275e+00
6.409231305416304814e+00 6.227076455553752332e+00 6.048415798664753318e+00 5.647041024307097423e+00 5.294033347775724430e+00 5.242276204515353477e+00 5.190756582519489015e+00
8.574987450561851077e+00 7.104554024147826219e+00 6.029611360339349524e+00 6.149614309429918713e+00 6.229472410798008397e+00 5.322692552697263935e+00 4.536216942863768864e+00
3.647303092376852796e+00 3.705070658908321768e+00 3.766182861642298985e+00 3.735264241755503978e+00 3.705082511203078077e+00 3.744919597023259605e+00 3.786174650806698239e+00
1.976211934320921015e+00 1.864646626234744975e+00 1.753749169892379056e+00 1.690848028017650329e+00 1.630579187592370083e+00 1.578886254919254384e+00 1.530209629313498354e+00
6.398371119476760072e+00 6.408412439033563501e+00 6.418653312248790321e+00 6.435274200812651557e+00 6.451225634086823923e+00 6.287905443443284170e+00 6.134309649848685098e+00
5.050351390010100694e+00 6.837026095860451846e+00 1.698969854599489082e+01 1.610637732358060958e+01 1.533761656695768494e+01 1.529790696700543151e+01 1.525840251291609917e+01
4.145771666416634638e+00 3.558286499497235411e+00 3.093226008863009469e+00 3.022522730612851039e+00 2.954564133691581329e+00 2.817310813453449025e+00 2.688335992153959353e+00
2.445118443228779359e+00 1.936288354018667279e+00 1.514848287681232808e+00 1.530521078247614186e+00 1.543276077341564356e+00 1.421265127057996347e+00 1.308625146359500002e+00
