7.388090128009729973e+00 7.692081874432536992e+00 8.027697174797252089e+00 8.938108938580473506e+00 1.002533418599668380e+01 1.011872662423872171e+01 1.021240892842118164e+01
2.326334795491646901e+01 2.290288999157984051e+01 2.258854367594458523e+01 1.943173694657148687e+01 1.666340333389381101e+01 1.569771935372946459e+01 1.476423085779132727e+01
2.713578989746818326e+00 2.403887229784061219e+00 2.129637777306177870e+00 1.877624314713619347e+00 1.677098359794066518e+00 1.661977255814801824e+00 1.646657588396738925e+00
1.088340699491432240e+01 1.310963803313802956e+01 1.530779786655412344e+01 1.669467234341595585e+01 1.801912798123980863e+01 1.801854096496502322e+01 1.801797390200275473e+01
4.635789336535983018e+00 4.133004919204557481e+00 3.665889253225394828e+00 3.263143347258750993e+00 2.899525185296887742e+00 2.722849038823496937e+00 2.548407596396252028e+00
1.752751283583093844e-01 1.232549890521593000e-01 9.817512333283931469e-02 1.281156458067705395e-01 1.521212720229692672e-01 1.870845468106920872e-01 2.191873723125184192e-01
9.451745119243765147e-01 8.274779676884702617e-01 7.379984624088162803e-01 7.001775322007830482e-01 6.651099527318927729e-01 6.161049730805224778e-01 5.740357785959812054e-01
0.000000000000000000e+00 0.000000000000000000e+00 0.000000000000000000e+00 0.000000000000000000e+00 0.000000000000000000e+00 0.000000000000000000e+00 0.000000000000000000e+00
4.999476695610763244e+00 4.766601289382604634e+00 4.541836875268540297e+00 4.125742367316004966e+00 3.794788884488442537e+00 3.699120662567743967e+00 3.607548444208940275e+00
2.302589589634894462e+00 1.643067388105570625e+00 1.189921812225466446e+00 1.069597874211495991e+00 9.589210680253373864e-01 9.123000442169119095e-01 8.654749074436481893e-01
2.298402036604232812e+00 1.864664889844361628e+00 1.529250658991088807e+00 1.345630352690019516e+00 1.204940991490446756e+00 9.269137152814649339e-01 7.419979656345331298e-01
1.700776762117787611e+00 1.200750199109043903e+00 8.360291415194522902e-01 7.946587669490627892e-01 7.533663094414663197e-01 7.457651941988514555e-01 7.382533289217012573e-01
2.151937957175910299e+00 1.538097931347478742e+00 1.122115832556036308e+00 9.842539008503206066e-01 8.817431044128523077e-01 7.911248651142507304e-01 7.141797914660600322e-01
5.013255983767574975e+00 4.374401234971672991e+00 3.851498785888543441e+00 3.925620994378316020e+00 4.001537836970356921e+00 3.914168982832813448e+00 3.830219385559462175e+00
1.273643134369488283e+00 9.643683343287582366e-01 6.656182404427716248e-01 6.205611922631677491e-01 5.723812677911521707e-01 5.556795842333103197e-01 5.396044064119563943e-01
2.835659799698899253e+00 2.641431763809106936e+00 2.450948574937087177e+00 2.374427505736240285e+00 2.300722274224348940e+00 2.258781239673680385e+00 2.217613154721559621e+00
1.160503836034288527e+00 8.984045599720149600e-01 6.897857619804115270e-01 6.517770253284906889e-01 6.094184443537626894e-01 5.887873434517784110e-01 5.683385648514920341e-01
1.818419506100120842e+01 1.825967915116356011e+01 1.833682417027439726e+01 1.847416222011135289e+01 1.860945547172737946e+01 1.878848160307835258e+01 1.896461767487064165e+01
3.122123767183417886e+00 2.922649088862041999e+00 2.743092886980686096e+00 2.543001454082146395e+00 2.377624583604162289e+00 2.344750504634511845e+00 2.312020246127639567e+00
8.521290174650227867e-01 8.283250840352808231e-01 8.055224639003983889e-01 8.255835559376508703e-01 8.469808059493476593e-01 8.514967416750132134e-01 8.561370720679148949e-01
3.594940691750208472e+00 2.633027708395029087e+00 1.924902409236607825e+00 1.773551497768904639e+00 1.648110441411333005e+00 1.557981400800650063e+00 1.477032051955947667e+00
3.509948410376776184e+00 3.281734604090755791e+00 3.061869636817680540e+00 3.113044193645169155e+00 3.164353334555421338e+00 3.105932998719762583e+00 3.049005418634668008e+00
1.106079861380424845e+01 1.154637700080077423e+01 1.208246897737631720e+01 1.352055564507665331e+01 1.523793693922780257e+01 1.539540144038036651e+01 1.555335467056249321e+01
7.887444853866094618e+00 9.298318100718745427e+00 1.175246924145372773e+01 1.193175419451345576e+01 1.211011546541810091e+01 1.214344632035214211e+01 1.217679639443387707e+01
1.633043740425337953e+00 1.145059686959079004e+00 7.502924501824200787e-01 7.287842408242690695e-01 7.083818267677516323e-01 6.966873288589960911e-01 6.849191673913145317e-01
1.262707484375007017e+00 1.050078824436305514e+00 7.933504450674462305e-01 6.569985539132480179e-01 5.560604003154104857e-01 5.438697987882608054e-01 5.316651162384660179e-01
1.737108637944813339e+01 1.755495727804742856e+01 1.775368913390069991e+01 1.741246229903408604e+01 1.712446867687388519e+01 1.279244032161388134e+01 1.015479883632587921e+01
1.051798263913583664e+00 9.657972563558888668e-01 8.921662576747000362e-01 8.005011042692331547e-01 7.400358117985906814e-01 7.085543311029556257e-01 6.788284914128031033e-01
5.482846192490039350e+00 5.330430589254464557e+00 5.191175204729000292e+00 5.188543962017329036e+00 5.185927531079935093e+00 5.039168903256051379e+00 4.900462846873482547e+00
5.489803170999535809e+01 5.625785494706742185e+01 5.775179211715446570e+01 5.611552433235982562e+01 5.451877514266688252e+01 5.280082587291641261e+01 5.112538443856652037e+01
9.696318280107779630e-01 9.108853726199388490e-01 8.547899013252550082e-01 8.072856086791145858e-01 7.651822484015678993e-01 7.581732186080076819e-01 7.518904679831596161e-01
5.608245628477871669e+00 5.269430772960364884e+00 4.950762040906717232e+00 4.865862055012324383e+00 4.781567394603790433e+00 4.524800057339978032e+00 4.283072547858600920e+00
1.468814653927401892e+01 1.498577140982721723e+01 1.531274983227214292e+01 1.490471134837862976e+01 1.450652767418114308e+01 1.405425604145891505e+01 1.361317512807783991e+01
1.475052310919048315e+00 1.354845366398699014e+00 1.245911886496685606e+00 1.198407320951636601e+00 1.159214464883644657e+00 1.134159570701109399e+00 1.110660244387569273e+00
3.108486887962643497e+00 2.442156257249047169e+00 1.903713798465735074e+00 1.817976259483443879e+00 1.736083707211200089e+00 1.710035491267853480e+00 1.684411005774519188e+00
8.033323788653978781e+00 8.063108912285434471e+00 8.093137439803145483e+00 8.409549677562679904e+00 8.707051733780799552e+00 8.824589082844306986e+00 8.945580080001105827e+00
1.897694310922448890e+00 1.759952617631363125e+00 1.618375040770091866e+00 1.471435188529743421e+00 1.345987790088338354e+00 1.232249785547570475e+00 1.128898050723555313e+00
5.738869380122162411e+00 5.062526345768747937e+00 4.480778744262196689e+00 4.225572888498295931e+00 3.980583226167939248e+00 3.739479206817241774e+00 3.509102365772971410e+00
1.506187016665071043e+00 1.337981058898188857e+00 1.152915096627948444e+00 8.951706720908660930e-01 6.877408883882816237e-01 5.999740488192472077e-01 5.126744571569719078e-01
4.164945701183494720e+00 2.879493140677860996e+00 2.176399214478872413e+00 1.946531831277997115e+00 1.765746312577865407e+00 1.726845867130486489e+00 1.689426282325978912e+00
2.778124815689201998e+00 2.443543309293557453e+00 2.128080467139029430e+00 2.037968026559697776e+00 1.953402191387114240e+00 1.916859427897959600e+00 1.881278501801822767e+00
1.684171173892428541e+01 1.702133775567172691e+01 1.719192975274856039e+01 1.609295271281817108e+01 1.508882056180580022e+01 1.463842871291473635e+01 1.418326161292702636e+01
3.421791015385213797e+00 3.112595503465388269e+00 2.848436160315520382e+00 2.483209128903892449e+00 2.220416086055425620e+00 2.225831747856758636e+00 2.231362647984584502e+00
2.001915895788926480e+00 1.780072874804659033e+00 1.588995383540529049e+00 1.486560838436375542e+00 1.398664332753303263e+00 1.344967825317251453e+00 1.293853088836681486e+00
6.407313739527552343e+00 6.405596354941223147e+00 6.403845147194521914e+00 6.470133326906740479e+00 6.534918354201520785e+00 6.597258987107948336e+00 6.659067603384023037e+00
5.048965766377696340e+00 5.426591324570930297e+00 5.991933585597656986e+00 6.851080451862079812e+00 8.196390210372584306e+00 9.325063212778850641e+00 1.102273449565604935e+01
1.082706564691329021e+01 8.824527284366997293e+00 7.406087077013397746e+00 7.615219818117561879e+00 7.830654727851444896e+00 7.823161012992075669e+00 7.815627678131469303e+00
2.469807587997205456e+00 2.276905380080418428e+00 2.072544167542561766e+00 2.174402502213932831e+00 2.275308835642183336e+00 2.279161425366278415e+00 2.283271615635154461e+00
