4.017045254779865737e-01 3.363378374086399836e-01 2.738712435357082420e-01 2.021379106830048511e-01 1.418212641632510262e-01 1.258080324433304698e-01 1.215373369112200813e-01
2.945603190047953457e-01 2.352840675488624134e-01 2.057721287750760297e-01 1.470157689881706198e-01 1.492887010059980035e-01 1.069629849639649050e-01 1.299028778163457687e-01
5.632667897945751179e-01 1.106386183759564962e-01 8.742037089775664405e-02 7.634856158121233749e-02 6.937856721023051565e-02 6.899740578418001036e-02 7.078277966494586626e-02
1.372775172333701721e-01 1.229163214014504929e-01 1.265934959088166056e-01 1.112202046361487201e-01 1.027271813495103103e-01 1.067064368753711245e-01 1.001535644917143503e-01
4.030917827884104576e-01 1.651543575546614850e-01 1.319494347237436249e-01 1.439165586511897965e-01 1.322830442822628405e-01 7.478938184012033641e-02 6.134460412866590134e-02
2.794309065598451491e-01 2.617252221436739412e-01 2.537667197532685881e-01 2.445261013061031385e-01 2.486909053530159952e-01 2.427239734751383271e-01 2.325276326577746522e-01
4.184226951637356473e-01 4.134884673847216696e-02 3.725447529090362281e-02 3.288196751515367472e-02 3.255279994859282960e-02 3.225333166659102857e-02 3.192742934869538529e-02
2.452845175621602147e-01 1.665884176796440519e-01 1.504476721940599671e-01 1.275290855944020141e-01 1.094869398934677635e-01 1.034088365755030797e-01 9.241950783172864226e-02
4.208133875796485901e-01 3.581350995535640402e-01 3.118132291655263399e-01 2.784282909322889354e-01 2.585713411062205425e-01 2.422745776280723351e-01 2.397378850393430683e-01
4.075228655113251608e-01 1.515516909024172132e-01 1.289386613694249173e-01 1.236742888923017814e-01 1.173788953608855268e-01 1.165055745006745858e-01 1.120115363838404543e-01
5.786813811609619468e-02 4.853865189312653317e-02 4.821690797041686127e-02 4.567933907857954501e-02 3.447360643416226555e-02 3.207657086999806534e-02 3.222166006099608931e-02
2.304191725590054862e-01 9.840737370695128161e-02 9.559564071916784589e-02 8.468905902894413584e-02 7.979075930065815392e-02 7.472827034893750331e-02 6.786129934490640891e-02
6.464839693224451178e-01 2.514525824612200422e-01 2.527043836147463418e-01 2.257131179485318273e-01 1.783865852545124531e-01 2.101275668576568501e-01 2.186914778481083843e-01
3.949665312830795694e-01 1.673052298160149221e-01 8.700780177854326725e-02 8.326318878921612487e-02 6.920836004920874474e-02 6.660170124292273675e-02 5.934604917742043739e-02
3.929741835527434946e-01 6.310992609554824662e-02 6.381791473512002377e-02 6.227106833155880705e-02 5.029304594109131055e-02 4.903520253105200094e-02 4.837419245236740384e-02
8.299895655269599049e-01 5.528127415231181008e-01 1.994325124068277999e-01 1.516868619187263789e-01 1.128091655879245453e-01 1.098644326525893833e-01 8.607967106296726678e-02
3.912806710748913952e-01 1.954746748985624061e-01 1.909137974329686294e-01 1.870618484447956753e-01 1.856372098550514993e-01 1.861643711813753543e-01 1.717009128847927779e-01
7.053015575252008507e-02 1.446664977526814812e-02 4.182302513283588097e-03 4.270873025056059341e-03 7.700400909390314394e-03 4.565109675410124190e-02 9.694808350349104487e-02
2.321327223466425893e-01 1.657792207593297151e-01 1.566880483202808261e-01 1.315248970860790345e-01 1.125210384434076477e-01 9.428544949860787061e-02 7.753138738636937422e-02
2.089711518187047090e-01 1.979941151502056795e-01 1.703678340220974585e-01 1.365326986246636898e-01 1.434153017372913341e-01 1.319940887059274370e-01 1.111127009503035806e-01
4.152730169650222236e-01 1.245101556679372307e-01 7.555967650746645004e-02 7.219314304659332771e-02 6.873357172689001371e-02 6.077147816446164252e-02 5.895378645634601067e-02
3.195944763802296418e-01 1.087103059290636525e-01 7.175937988188206551e-02 6.903133913061981763e-02 6.663151866238901933e-02 5.563055062730278000e-02 5.117569036916606862e-02
4.638990678053079297e-01 1.441437425599784994e-01 9.236861020920461574e-02 7.634576620337825414e-02 6.660446728281810280e-02 5.131734137688383213e-02 4.672072011894413957e-02
7.099702501607174643e-01 4.305335613911925319e-01 2.774624008815743670e-01 2.534600139638031324e-01 1.970353861720093303e-01 1.654704240818859196e-01 1.514183198252112561e-01
3.004527256296595228e-01 2.197232928414827573e-03 2.109274654170412242e-03 2.033782331171444906e-03 2.557017842060091764e-03 5.197002112138721097e-03 9.655662326825241101e-03
3.344403359872998860e-01 6.464522472384863494e-02 6.209397125112971899e-02 6.071250601783639150e-02 5.078019964350637128e-02 4.765012661807944278e-02 4.368707503921865493e-02
1.957124514773042612e-01 1.443701487786976656e-01 1.586531876904782590e-01 1.440309059717083118e-01 1.356120600588113234e-01 1.351563391484229271e-01 1.245140498553702207e-01
6.878714353364448475e-02 2.586556641548923632e-02 2.435188258990979293e-02 2.439267024938537518e-02 3.266995406291271775e-02 3.114558283739082833e-02 3.503825652226227189e-02
2.467863472383441947e-01 2.102575101227162069e-01 2.152379108806748154e-01 1.929045946879202889e-01 1.849492303270393601e-01 1.784399184186179765e-01 1.614174435595652768e-01
3.272416168836185801e-01 9.329528605904117977e-02 4.521150033476863811e-02 4.012841303625243328e-02 3.339277718897076808e-02 3.155673414969164398e-02 2.362869430313816257e-02
1.680465750321477880e-01 1.397505384742071533e-01 1.222414563822334377e-01 1.126951497451833262e-01 1.093599774231416299e-01 1.013485630164218387e-01 9.559584442718749298e-02
4.796378387330326176e-01 2.726493123228549420e-01 1.425057632869681790e-01 1.290762163615752356e-01 1.042118726366479953e-01 9.156879275773009697e-02 8.540255694904741457e-02
5.146449680713969244e-01 1.190703347413976793e-01 4.490191005777667554e-02 3.873297039978582101e-02 3.572159961162833103e-02 3.504626230670007669e-02 3.342596111125641783e-02
4.691050505393238312e-01 3.199594188094312952e-01 2.619707885723271956e-01 2.457568008030081019e-01 2.440127362919884968e-01 2.361196084878285917e-01 2.098866256264038666e-01
2.795909052002120698e-01 6.325440275044069693e-02 5.911913460453861041e-02 5.378570913605189990e-02 4.432202808103728742e-02 4.021920511394079523e-02 3.530983196759162474e-02
7.565889025140323798e-02 5.976762851668158960e-02 6.549331151950565921e-02 6.309857152567328875e-02 6.169016456855292568e-02 6.391168370280264632e-02 6.232969678746484027e-02
3.781159067580099342e-01 3.032225270860907651e-01 2.824827376373086341e-01 2.623193590642338147e-01 2.516137322559544587e-01 2.480449470591128136e-01 2.417054475431352212e-01
3.679117151743749314e-01 8.179994891309705363e-02 4.020854590662627931e-02 3.716162507218543493e-02 2.942028905863783295e-02 2.884043591897701014e-02 2.933648760361262653e-02
1.827117400852671381e-01 5.223963135003680675e-02 5.250051436732065119e-02 5.096430390144068845e-02 3.964183821103216265e-02 4.035720892658096332e-02 4.170584712353199441e-02
3.690930529275317507e-01 2.034529150605327574e-01 9.887880118017558506e-02 1.077961470448908082e-01 8.543596949271795027e-02 1.105847983297283260e-01 1.152466734682683347e-01
2.676008707644179085e-01 1.453698083058014845e-01 1.254922932430450888e-01 1.238770103558665958e-01 1.174336765705226021e-01 1.116843441612190013e-01 1.086346001892752183e-01
6.242261154455406302e-01 5.766826953153298962e-01 5.507737681336689617e-01 5.188722632204760821e-01 4.882692098422536375e-01 4.679385875434867170e-01 4.913958078040516209e-01
1.044957629528114971e-03 1.097137649373334980e-04 1.016869290925747818e-04 1.016924806039742624e-04 1.024049446534106749e-04 1.073292214336229452e-04 1.052003886756379891e-04
2.452845175621602147e-01 1.665884176796440519e-01 1.504476721940599671e-01 1.275290855944020141e-01 1.094869398934677635e-01 1.034088365755030797e-01 9.241950783172864226e-02
4.180222190185074044e-02 8.084912332678398372e-03 1.044434039950437043e-02 9.650572912727070629e-03 9.172783379175365043e-03 1.090911448776507933e-02 9.408319606768630189e-03
8.920430955691787123e-01 6.233386592692397032e-01 6.217800849466375013e-01 6.167867729116746078e-01 6.144666858558447409e-01 6.116423373716520784e-01 6.091974824773797037e-01
4.920348240167480292e-01 7.984659331912684344e-02 7.765153918581191306e-02 7.476375080311871424e-02 6.961458147307833522e-02 6.738136904703180552e-02 6.283250504796758507e-02
6.643766185264505797e-01 1.207850617819116457e-01 7.378995266070953463e-02 6.943538484845554470e-02 6.217589816354130577e-02 6.079377348261297970e-02 7.154689468711182554e-02
