3.969861367628053639e+00 3.977162340469888591e+00 3.984925136129550793e+00 4.066473500712629807e+00 4.151114218390822508e+00 4.108253878728940656e+00 4.066463842652095373e+00
1.819481271922791166e+01 1.647680811492073616e+01 1.510873447081629095e+01 1.400762111430955237e+01 1.302647007075481156e+01 1.209697900358883338e+01 1.123067368134106125e+01
2.842172633374907775e+00 2.451011786253131763e+00 2.126196178573338980e+00 2.095282148096798913e+00 2.064605951556338859e+00 1.964585482847758025e+00 1.870920347837971898e+00
1.081651521161795593e+01 1.409119475547431222e+01 1.724051325352095532e+01 1.747615888052907707e+01 1.770024420789565767e+01 1.766265024970481079e+01 1.762606710624191564e+01
4.512638148869319465e+00 3.255073474672260492e+00 2.430983019912268173e+00 2.108983920870516116e+00 1.865484314359879381e+00 1.761764830706362472e+00 1.663943451316362898e+00
1.271158724548170083e-01 8.798135088831436634e-02 6.716864917286832770e-02 6.688971852989808453e-02 6.665852670242848610e-02 6.567869419933525243e-02 6.468054655588750812e-02
9.778986837361266504e-01 8.766258520672222110e-01 7.969172627339502490e-01 7.518742577437722563e-01 7.112075849554335694e-01 6.905763416846690816e-01 6.708964822773055836e-01
0.000000000000000000e+00 0.000000000000000000e+00 0.000000000000000000e+00 0.000000000000000000e+00 0.000000000000000000e+00 0.000000000000000000e+00 0.000000000000000000e+00
5.158963728137578642e+00 4.826571544359084420e+00 4.517162713273186192e+00 4.196321202782322679e+00 3.921365769639347576e+00 3.871763923142598873e+00 3.823136335599953028e+00
2.394573863266241887e+00 2.066371522476316169e+00 1.737967178467315188e+00 1.543909518291852745e+00 1.380404659341374352e+00 1.360508348508361998e+00 1.340520874825724684e+00
2.298506493687551000e+00 1.180459352897258674e+00 6.843164426418844037e-01 6.387365410776350005e-01 6.019042829511499493e-01 6.023900425821002713e-01 6.028883198132071186e-01
1.073859357650876367e+00 6.652835190421130251e-01 3.442677755220018287e-01 3.144814466642296691e-01 2.855485143425268157e-01 2.842529376025011989e-01 2.829496001467090016e-01
2.205306656357125306e+00 1.502550088073618229e+00 9.793425778553450645e-01 9.514754933219130573e-01 9.225292209933408927e-01 8.918098190856518226e-01 8.625192968906177926e-01
4.782308944671656903e+00 4.182752885931857456e+00 3.672031770855641586e+00 3.560266224154310599e+00 3.451745641213599836e+00 3.327224892676138523e+00 3.211026696695815641e+00
1.268714260525512838e+00 9.294438823369576275e-01 5.741673720560599437e-01 5.100427844357287022e-01 4.460805882661595390e-01 4.295469238128555300e-01 4.130424192121036620e-01
2.934367275518052320e+00 2.624023230226788073e+00 2.314343234872247024e+00 2.263955193138230015e+00 2.214353175138067176e+00 2.177107615697371212e+00 2.141017962019299503e+00
8.996856270344213424e-01 8.830430181238375642e-01 8.669815371642087820e-01 8.520750172575944914e-01 8.376752858674558766e-01 8.255909804697766363e-01 8.138519206602743417e-01
1.771085684309749553e+01 1.644482165440335208e+01 1.533971950873737811e+01 1.257829610663487152e+01 1.065999024520602134e+01 9.874506596468719977e+00 9.158853204686431937e+00
3.366493217108804448e+00 2.957086653516724173e+00 2.621815544986124014e+00 2.422120958034744032e+00 2.242431492325757780e+00 2.233132911763028972e+00 2.223937170150622755e+00
8.924002571854882104e-01 8.828478047741997736e-01 8.731712673905710487e-01 8.886698627380703597e-01 9.049912619685630544e-01 9.012742186245249476e-01 8.975260741367143691e-01
3.785154336823842058e+00 3.348833108514173151e+00 2.935651346325234279e+00 2.925513378295432343e+00 2.915090915880302003e+00 2.823360783438530142e+00 2.734387174043013236e+00
3.232882044326570448e+00 2.846895672216370077e+00 2.505812165161019678e+00 2.462155649166739124e+00 2.419601507815849928e+00 2.289352470641127901e+00 2.169359560445902169e+00
8.712203327266493602e+00 8.303167958175519558e+00 7.918976316092631862e+00 8.169711599905115307e+00 8.429189427552268299e+00 8.643131287441260469e+00 8.866522796361115510e+00
5.490784441727777576e+00 5.228473758209783995e+00 4.949532291997128297e+00 4.699851442431687509e+00 4.466422759487373106e+00 4.426451638633661645e+00 4.387020291915096237e+00
2.298506493687551000e+00 1.180459352897258674e+00 6.843164426418844037e-01 6.387365410776350005e-01 6.019042829511499493e-01 6.023900425821002713e-01 6.028883198132071186e-01
1.186038702753213325e+00 8.153238600740948527e-01 4.967159785943722206e-01 4.457722822844165655e-01 4.021873136627924783e-01 3.827602821807034594e-01 3.639320611418135898e-01
1.713568172716033899e+01 1.455876576218499530e+01 1.248360244610742242e+01 1.338617094949450603e+01 1.416308286597966237e+01 1.238188621670060563e+01 1.095666543137501847e+01
1.363358829718471776e+00 1.240735712421127346e+00 1.137855418614550418e+00 9.267383302519857091e-01 7.775882999895774583e-01 7.431552448891457496e-01 7.112863735391929954e-01
5.892640575026701022e+00 5.660112389890265661e+00 5.449886428224797186e+00 5.335898017311722974e+00 5.228362519508040762e+00 5.098514253561856613e+00 4.975145729486254886e+00
2.054932755202327488e-01 1.782352146921403757e-01 1.508856218567414809e-01 1.470455984231066326e-01 1.428801233069491305e-01 1.350328444898235558e-01 1.269795019696344229e-01
9.408473908485561754e-01 8.887574981790504758e-01 8.402649848982624015e-01 8.220248652392621036e-01 8.045620227968056648e-01 7.824528339904361918e-01 7.614595815969050774e-01
5.840179464900318251e+00 5.249397174551383216e+00 4.730781450651869058e+00 4.535837781077297848e+00 4.351139162706370911e+00 4.164689080053886272e+00 3.994002550363979775e+00
5.986146939681021628e+00 4.952242658988844859e+00 4.139606419259625802e+00 3.625897941568390959e+00 3.243290982140716316e+00 3.091145334862652749e+00 2.950465140800429875e+00
1.552323604816931990e+00 1.458356641198332415e+00 1.366119906740161039e+00 1.228552610368303100e+00 1.122543568080204945e+00 1.106328177792018197e+00 1.091194054340837161e+00
3.162464207223621759e+00 2.721062227605654193e+00 2.304537965201233884e+00 2.083558486746573735e+00 1.891925148191865302e+00 1.823461172901255534e+00 1.758885079623305536e+00
5.658415608742838998e+00 5.754851954084526433e+00 5.850044340383956154e+00 5.896388554067761412e+00 5.941196467771574063e+00 5.749190499443809443e+00 5.566996420365251552e+00
1.962326049258092509e+00 1.815754913415847716e+00 1.642984460887339182e+00 1.582503930369431933e+00 1.524588289296427090e+00 1.431689517486272933e+00 1.348152706357378605e+00
5.940534375345921880e+00 5.623489678527914926e+00 5.305672882637794352e+00 5.173184732311111311e+00 5.043487681374110743e+00 4.832499714989882733e+00 4.635381196440826024e+00
1.472102322001359598e+00 1.063068391575766158e+00 7.474654018275911360e-01 6.416464215864831067e-01 5.610078390508281831e-01 5.138064371433461730e-01 4.697709252595611007e-01
4.140350415863665035e+00 2.545574663478248567e+00 1.722577903463855087e+00 1.692317839251074041e+00 1.660970113890249067e+00 1.622993163989357557e+00 1.586443673234743335e+00
8.996856270344217865e-01 8.830430181238380083e-01 8.669815371642092261e-01 8.520750172575950465e-01 8.376752858674563207e-01 8.255909804697770804e-01 8.138519206602747857e-01
1.651358921188581519e+01 1.579598728010142494e+01 1.514700831467102837e+01 1.504786549215275215e+01 1.495708195269930307e+01 1.434681099197568699e+01 1.374899232762585832e+01
3.610577934770188957e+00 3.650892103439949743e+00 3.692960742205937841e+00 3.664785929224076533e+00 3.637223646750199268e+00 3.604851952140818216e+00 3.573018670217769088e+00
2.110032465914893685e+00 1.874196497255779859e+00 1.667655544545991075e+00 1.550331433097329459e+00 1.441334857926797941e+00 1.408502846478700832e+00 1.377028522319895476e+00
6.236737858600002404e+00 5.838854690933274583e+00 5.485328031189421694e+00 4.669940886668344504e+00 4.076888965978421986e+00 3.792467847255959867e+00 3.532083692407738340e+00
4.227257674052415481e+00 3.942273230945038343e+00 3.599121498451514523e+00 2.969096676351742570e+00 2.512092627480942308e+00 2.491866310690710407e+00 2.472304567732479086e+00
4.154925126464847907e+00 3.646137322339216169e+00 3.192359599076513899e+00 3.128711442116602459e+00 3.068336865401238178e+00 3.020991952845351936e+00 2.974315612251619001e+00
2.366069214286576461e+00 1.894264182697284582e+00 1.438591752367653021e+00 1.578155790827889149e+00 1.714020372517196966e+00 1.728562326727826060e+00 1.744007026220855350e+00
