0.000000000000000000e+00 0.000000000000000000e+00 0.000000000000000000e+00 0.000000000000000000e+00 0.000000000000000000e+00 0.000000000000000000e+00 0.000000000000000000e+00
2.724755043332660609e-01 2.392881277562119990e-02 2.389788455508404935e-02 1.688764376995422964e-02 1.206611361319658883e-02 8.503905684463197029e-03 8.078787240173490938e-03
0.000000000000000000e+00 0.000000000000000000e+00 0.000000000000000000e+00 0.000000000000000000e+00 0.000000000000000000e+00 0.000000000000000000e+00 0.000000000000000000e+00
1.547714894100816885e+01 1.538984193235673636e+01 1.526304204389043662e+01 1.511682163649840938e+01 7.730384395361556749e+00 7.830675671994981712e+00 4.982019627756791635e+00
0.000000000000000000e+00 0.000000000000000000e+00 0.000000000000000000e+00 0.000000000000000000e+00 0.000000000000000000e+00 0.000000000000000000e+00 0.000000000000000000e+00
0.000000000000000000e+00 0.000000000000000000e+00 0.000000000000000000e+00 0.000000000000000000e+00 0.000000000000000000e+00 0.000000000000000000e+00 0.000000000000000000e+00
0.000000000000000000e+00 0.000000000000000000e+00 0.000000000000000000e+00 0.000000000000000000e+00 0.000000000000000000e+00 0.000000000000000000e+00 0.000000000000000000e+00
0.000000000000000000e+00 0.000000000000000000e+00 0.000000000000000000e+00 0.000000000000000000e+00 0.000000000000000000e+00 0.000000000000000000e+00 0.000000000000000000e+00
0.000000000000000000e+00 0.000000000000000000e+00 0.000000000000000000e+00 0.000000000000000000e+00 0.000000000000000000e+00 0.000000000000000000e+00 0.000000000000000000e+00
0.000000000000000000e+00 0.000000000000000000e+00 0.000000000000000000e+00 0.000000000000000000e+00 0.000000000000000000e+00 0.000000000000000000e+00 0.000000000000000000e+00
1.326351593685620500e+01 1.185746745184135342e+01 1.191108972176649594e+01 1.187906328422464775e+01 8.131840919816823998e+00 7.099687423324465563e+00 7.097946600496078062e+00
2.796841831061031569e-01 1.547023668324534577e-02 1.046679800401312949e-02 1.055282685675467194e-02 1.060824400660591825e-02 1.065250625881001070e-02 1.098037412713768687e-02
0.000000000000000000e+00 0.000000000000000000e+00 0.000000000000000000e+00 0.000000000000000000e+00 0.000000000000000000e+00 0.000000000000000000e+00 0.000000000000000000e+00
3.544877063139653672e-02 3.125612256417056173e-02 2.440238956036306847e-02 2.494569558998451994e-02 2.574323771802125571e-02 2.594973420007034778e-02 1.809804204792328855e-02
0.000000000000000000e+00 0.000000000000000000e+00 0.000000000000000000e+00 0.000000000000000000e+00 0.000000000000000000e+00 0.000000000000000000e+00 0.000000000000000000e+00
0.000000000000000000e+00 0.000000000000000000e+00 0.000000000000000000e+00 0.000000000000000000e+00 0.000000000000000000e+00 0.000000000000000000e+00 0.000000000000000000e+00
0.000000000000000000e+00 0.000000000000000000e+00 0.000000000000000000e+00 0.000000000000000000e+00 0.000000000000000000e+00 0.000000000000000000e+00 0.000000000000000000e+00
7.794296760575075922e+00 8.088739544983354790e+00 7.998182905341587379e+00 6.314885250914409554e+00 4.934840997802397489e+00 3.318036580493613830e+00 2.495867416718868359e+00
0.000000000000000000e+00 0.000000000000000000e+00 0.000000000000000000e+00 0.000000000000000000e+00 0.000000000000000000e+00 0.000000000000000000e+00 0.000000000000000000e+00
0.000000000000000000e+00 0.000000000000000000e+00 0.000000000000000000e+00 0.000000000000000000e+00 0.000000000000000000e+00 0.000000000000000000e+00 0.000000000000000000e+00
1.123535826230076040e+01 1.905433885463793553e+00 1.869258134082468992e+00 1.801430149969446726e+00 1.774134643817326662e+00 1.759824746144011520e+00 1.753442595863593967e+00
7.146583505998092140e-03 7.901229124351611538e-03 7.846158754546141492e-03 6.855194804696578686e-03 5.095079978574963003e-03 4.846339094610305556e-03 4.549828097063736074e-03
0.000000000000000000e+00 0.000000000000000000e+00 0.000000000000000000e+00 0.000000000000000000e+00 0.000000000000000000e+00 0.000000000000000000e+00 0.000000000000000000e+00
1.475617941040050507e-01 1.439621421124475942e-01 1.420509245352979122e-01 1.351238573801114007e-01 1.329574628931892155e-01 1.001242345762793848e-02 1.858986341766449748e-03
3.999420036262481964e-02 1.478825474377341680e-03 1.166883022884769670e-03 9.391645561219368402e-04 1.718247255111312937e-03 5.326010770669933198e-03 1.110091139786960161e-02
8.962876402752316451e+00 3.817791415008733313e-01 3.692773592516133130e-01 3.296465971951302310e-01 2.514026478287086919e-01 2.476421062530382855e-01 2.353386620840290655e-01
7.853132494333975089e+00 7.941427667405918100e+00 8.066585495780397963e+00 8.075273292049139684e+00 7.823459372529236511e+00 7.822118258477718022e+00 7.818701046894944717e+00
4.230849256192506402e+00 4.161806907663610389e+00 4.112202630467338693e+00 4.059351725769141161e+00 3.936001213872811988e+00 3.351828326493318855e+00 3.419219511602117567e+00
0.000000000000000000e+00 0.000000000000000000e+00 0.000000000000000000e+00 0.000000000000000000e+00 0.000000000000000000e+00 0.000000000000000000e+00 0.000000000000000000e+00
0.000000000000000000e+00 0.000000000000000000e+00 0.000000000000000000e+00 0.000000000000000000e+00 0.000000000000000000e+00 0.000000000000000000e+00 0.000000000000000000e+00
0.000000000000000000e+00 0.000000000000000000e+00 0.000000000000000000e+00 0.000000000000000000e+00 0.000000000000000000e+00 0.000000000000000000e+00 0.000000000000000000e+00
0.000000000000000000e+00 0.000000000000000000e+00 0.000000000000000000e+00 0.000000000000000000e+00 0.000000000000000000e+00 0.000000000000000000e+00 0.000000000000000000e+00
0.000000000000000000e+00 0.000000000000000000e+00 0.000000000000000000e+00 0.000000000000000000e+00 0.000000000000000000e+00 0.000000000000000000e+00 0.000000000000000000e+00
1.609213829314488087e-01 0.000000000000000000e+00 0.000000000000000000e+00 0.000000000000000000e+00 0.000000000000000000e+00 3.433711346204174619e-01 4.428469943396610153e-01
0.000000000000000000e+00 0.000000000000000000e+00 0.000000000000000000e+00 0.000000000000000000e+00 0.000000000000000000e+00 0.000000000000000000e+00 0.000000000000000000e+00
1.403464502346294829e+01 1.454279394530799685e+01 1.440992272352635517e+01 1.458669935739139945e+01 1.460432311052247911e+01 1.423485004466101778e+01 1.431050046548094912e+01
2.030130824306912718e-01 6.061360615543590069e-03 6.108181149374991396e-03 6.080877456622846462e-03 6.074922692709884206e-03 6.129577827606974907e-03 6.116979196036610375e-03
2.450378852399858864e+00 2.281454054569451273e+00 1.812633535610649327e+00 1.618203106054983298e+00 1.555593987541903367e+00 1.546887478199393096e+00 1.403622185021416113e+00
1.378228025078342966e-01 8.051939381448305899e-02 4.549247598231484502e-02 4.411371594713373034e-02 1.135677215844794509e-02 4.483777278164557956e-02 8.499591355859777153e-02
0.000000000000000000e+00 0.000000000000000000e+00 0.000000000000000000e+00 0.000000000000000000e+00 0.000000000000000000e+00 0.000000000000000000e+00 0.000000000000000000e+00
6.655463845577045366e-03 4.533638856519342855e-03 3.604030583196713398e-03 3.427627066796567774e-03 3.480767087613534112e-03 3.577930508446521430e-03 3.329803783414515654e-03
0.000000000000000000e+00 0.000000000000000000e+00 0.000000000000000000e+00 0.000000000000000000e+00 0.000000000000000000e+00 0.000000000000000000e+00 0.000000000000000000e+00
1.093515190339391596e+00 1.174603117956247500e+00 1.102841625864211750e+00 1.108249070963077454e+00 1.033670636713051261e+00 1.028176163586434599e+00 1.011090656677352984e+00
3.758867586048858289e+00 7.172263726564697128e-01 7.174405745058338724e-01 7.938014181085604193e-01 2.988001292596288438e-01 2.924549854083419165e-01 2.777291995148457038e-01
3.614811502448469938e+00 4.024292316310442708e+00 4.080843699733535779e+00 4.086027318541451514e+00 3.914541810135751199e+00 3.809953233766026237e+00 3.831480200613906373e+00
0.000000000000000000e+00 0.000000000000000000e+00 0.000000000000000000e+00 0.000000000000000000e+00 0.000000000000000000e+00 0.000000000000000000e+00 0.000000000000000000e+00
1.629696726596419953e+00 6.326378140440799269e-01 5.749029791783656362e-01 5.701405220021990017e-01 5.504745863582308774e-01 4.492724909813166079e-01 4.424176784418883956e-01
0.000000000000000000e+00 0.000000000000000000e+00 0.000000000000000000e+00 0.000000000000000000e+00 0.000000000000000000e+00 0.000000000000000000e+00 0.000000000000000000e+00
