4.123361878243373413e-01 3.559528417415015467e-01 2.965034626775135407e-01 2.789242951770888879e-01 2.606649524860953360e-01 2.418345303191379581e-01 2.233652642685694245e-01
3.226348288381585272e-01 1.709264101305876804e-01 8.045059226571223132e-02 7.234416811330691977e-02 6.529236100037692780e-02 6.357925510244968881e-02 6.191002559247031634e-02
4.486648008323909087e-01 3.319109781868205822e-01 2.264733751387189575e-01 2.325986255278187087e-01 2.378874767795270406e-01 2.172569652683042918e-01 1.979991963047850190e-01
1.742156336198644462e-01 1.531966431313282195e-01 1.322851607285793485e-01 1.303608468472231552e-01 1.285706952823173488e-01 1.263965180557257151e-01 1.242771478336340135e-01
4.483761342555649398e-01 3.402612881059041694e-01 2.476556083374783779e-01 2.017644037069519503e-01 1.627525647151710497e-01 1.359112768401081750e-01 1.114812747765697304e-01
2.400498810648636627e-01 2.541570100513005359e-01 2.596748107595248101e-01 2.545224072592709441e-01 2.502755449426284917e-01 2.069472029582462569e-01 1.658544190488996095e-01
2.751129618908567664e-01 2.503652021996983779e-01 2.287754826421110055e-01 2.104349393680493008e-01 1.938657830124227155e-01 1.757824483451983777e-01 1.574147407437977986e-01
0.000000000000000000e+00 0.000000000000000000e+00 0.000000000000000000e+00 0.000000000000000000e+00 0.000000000000000000e+00 0.000000000000000000e+00 0.000000000000000000e+00
4.063381080212501439e-01 2.961839447675323478e-01 1.948754804989515643e-01 1.617511142650294720e-01 1.330746962415381152e-01 1.276119324349075934e-01 1.223794958473160277e-01
3.710481842438814182e-01 2.589669684468739463e-01 1.338636081465734706e-01 8.934769104208563351e-02 5.431539310929524994e-02 4.849987312692005670e-02 4.341492235237284780e-02
1.642519178329477081e-01 5.684475795901028361e-02 1.814693582969087796e-02 4.682937179961037255e-02 7.138795358911823041e-02 7.353471157690735782e-02 7.546159526611483093e-02
3.399584407304320210e-01 1.826846829957647633e-01 6.398345389136653183e-02 4.713185004489083701e-02 3.031006540209918096e-02 3.010156303159510285e-02 2.988958980343910457e-02
6.906684932542097588e-01 4.541785171469154281e-01 2.705262179003086187e-01 2.300089094616346863e-01 1.868499236851229039e-01 1.837736110579971383e-01 1.807179451868603515e-01
4.842653360180653732e-01 3.490303616086684602e-01 2.312845046113239378e-01 1.877574114858747145e-01 1.493525279963255625e-01 1.448736650283426464e-01 1.405442359353314963e-01
4.961692802249343393e-01 3.769280996729313937e-01 2.565937689379270692e-01 2.032882155249173817e-01 1.496632470974302576e-01 1.483463500011318326e-01 1.470094040630965104e-01
4.718299614396181951e-01 3.649877700029830474e-01 2.627980422195769217e-01 2.434005557148970211e-01 2.236230398746038017e-01 2.239443447984163504e-01 2.242562541235255114e-01
3.361812886638182452e-01 2.009495353715881338e-01 1.073309592425237824e-01 9.046513683070966927e-02 7.490731381364296171e-02 6.926066003437772456e-02 6.356595922446758862e-02
5.526150825893123147e-02 3.172224327643063946e-02 1.022326255049155370e-02 1.012918781686207581e-02 1.005183013054476715e-02 1.032558551693283158e-02 1.058310371239897657e-02
3.580701110815915356e-01 2.901617215076399692e-01 2.306773500932337573e-01 2.027971591857456735e-01 1.771485061152455742e-01 1.734384726038522562e-01 1.697337739506068477e-01
3.121696376261565153e-01 2.871013215570884514e-01 2.666931245040556897e-01 2.657443027190247165e-01 2.650150916334562679e-01 2.677722193089562830e-01 2.702461341665071681e-01
5.241790281650814398e-01 3.861359468420248464e-01 2.514771786439098378e-01 2.212301102797964991e-01 1.905841528751980873e-01 1.772927024964071896e-01 1.640404267722491705e-01
3.323783417576641752e-01 2.159680759335234068e-01 1.117183809624120866e-01 1.039957057855987604e-01 9.692821533058797179e-02 8.775835979905723117e-02 7.873708769329654245e-02
4.654345859543261299e-01 2.724899778780432991e-01 1.389031662418701019e-01 1.143588564303387317e-01 9.012126087179565814e-02 8.268600072510373655e-02 7.480517145901084686e-02
5.615581909438099872e-01 4.145997890624608107e-01 2.562928455495673274e-01 2.071081183584430607e-01 1.631202352656175858e-01 1.569498240508634956e-01 1.508571776285530797e-01
3.442313866569759462e-01 1.335637898358694453e-01 2.385321825759899317e-02 3.601844739254715655e-02 4.630221381555712362e-02 4.972254656392906952e-02 5.286912417638877509e-02
4.185123309272779646e-01 2.595831665324824233e-01 1.086796191765481701e-01 9.940113348879207888e-02 9.045897879864213398e-02 8.105817672424060760e-02 7.244194189358291180e-02
2.081788175772344707e-01 1.443338806927152440e-01 9.753650693568884089e-02 1.173819380343344571e-01 1.341126213015212953e-01 1.367947196064945858e-01 1.391624953780952190e-01
2.641604841775821999e-01 2.424769164154247925e-01 2.244873701673895938e-01 1.916999033402992103e-01 1.655518789341667019e-01 1.521576976176721718e-01 1.398983630506961673e-01
1.597421550298941395e-01 1.408602203609124193e-01 1.236091617343236526e-01 1.117098796747454797e-01 1.010074925443592703e-01 9.116040115477663797e-02 8.148427560635010392e-02
1.194516363256555858e-01 9.855285612296775521e-02 7.707561817768057710e-02 7.443499904679687362e-02 7.165850779136793969e-02 6.732575714494538899e-02 6.288617335946318498e-02
1.293714272489638988e-03 1.381127654116820393e-03 1.454647223701724780e-03 1.841452536279489715e-03 2.239604353524350059e-03 2.642606675208106909e-03 3.057238489925750459e-03
4.473130503501263067e-01 3.183562364097889952e-01 2.014873496933307084e-01 1.685830750088110064e-01 1.369162766731711611e-01 1.296681090499099409e-01 1.224187688856497036e-01
4.465691772692869654e-01 2.951356583223121444e-01 1.502639903488561801e-01 1.378092319627714779e-01 1.260227418784573561e-01 1.225219764490884239e-01 1.191368607052349093e-01
4.396691202952011657e-01 3.903335298482155657e-01 3.439261616587437342e-01 3.404808180217903657e-01 3.376420931673274617e-01 3.385441124796880197e-01 3.393359474482741112e-01
3.756602100650125453e-01 2.469614585350915215e-01 1.265703758136428048e-01 1.000610942219238714e-01 7.466814424453593890e-02 7.126931237548950193e-02 6.801137300470440350e-02
1.364792393378155000e-01 1.251427142814976745e-01 1.135116612854318446e-01 1.163666902034972278e-01 1.189922266543280427e-01 1.171341553871177998e-01 1.153645924713976728e-01
4.607749057770508250e-01 3.977267482558264344e-01 3.257721694375434462e-01 2.940620749508414122e-01 2.638022319084201150e-01 2.412495899533019239e-01 2.207677785202920018e-01
4.403156312330859246e-01 3.231512776184725655e-01 1.989346884124650328e-01 1.631823337096631743e-01 1.294294523607835978e-01 1.204924938848135896e-01 1.121500637004888556e-01
4.715523303473455607e-01 2.878080896963433055e-01 1.066191791790162408e-01 9.614178702923840969e-02 8.566708138272118023e-02 7.639543212745056322e-02 6.830713778132543879e-02
8.229799744202451750e-01 4.578923788364766545e-01 2.728989556499367142e-01 2.468780371291649234e-01 2.192814185892648093e-01 2.133492729687498091e-01 2.075472632586743693e-01
2.543707719665883049e-02 2.899353814518056474e-02 3.145496546466067245e-02 3.922987653684103376e-02 4.542151615008711840e-02 4.500513692944371757e-02 4.462130181585606536e-02
4.416432859492035456e-01 3.755635273670499541e-01 3.128736493514125416e-01 2.983921503226326655e-01 2.852100743686992179e-01 2.761235390294843328e-01 2.675304482898484548e-01
5.852433015418238155e-02 9.110757549850882764e-02 1.129850232952777783e-01 9.861817774668223124e-02 8.259495585653955918e-02 8.162860167711119552e-02 8.053409205943337645e-02
4.687381758256889963e-01 1.138417926579252809e-01 5.399425802499966537e-02 4.913536741070684277e-02 4.503637170355107022e-02 4.088778974223247764e-02 3.679313337292808295e-02
6.195823120558085345e-02 3.932873716066957737e-02 1.820444062944664987e-02 1.870988851520007101e-02 1.913031203967430899e-02 1.904076356486630872e-02 1.895651100096533079e-02
6.223814726574206091e-01 4.600684128915695226e-01 2.967856895764715008e-01 2.226441474580053148e-01 1.631732894255780164e-01 1.510653930396897993e-01 1.385464973022370594e-01
1.874281044809517072e-01 1.445200939903936166e-01 1.066197531462942105e-01 9.648717898306441443e-02 8.696112296612328041e-02 7.770675718084492367e-02 6.899385655030683406e-02
6.685515816604492567e-01 4.525592178946372113e-01 2.572133322895940322e-01 2.584628735374674968e-01 2.595979662206654437e-01 2.530516569698220697e-01 2.466520502801403669e-01
