0.000000000000000000e+00 0.000000000000000000e+00 0.000000000000000000e+00 0.000000000000000000e+00 0.000000000000000000e+00 0.000000000000000000e+00 0.000000000000000000e+00
3.909622621702944500e-01 4.336515982390516666e-02 4.062029680631263490e-02 2.527916029702712009e-02 2.249724120105478162e-02 1.294489685483401695e-02 1.187494178607151341e-02
0.000000000000000000e+00 0.000000000000000000e+00 0.000000000000000000e+00 0.000000000000000000e+00 0.000000000000000000e+00 0.000000000000000000e+00 0.000000000000000000e+00
0.000000000000000000e+00 0.000000000000000000e+00 0.000000000000000000e+00 0.000000000000000000e+00 0.000000000000000000e+00 0.000000000000000000e+00 0.000000000000000000e+00
0.000000000000000000e+00 0.000000000000000000e+00 0.000000000000000000e+00 0.000000000000000000e+00 0.000000000000000000e+00 0.000000000000000000e+00 0.000000000000000000e+00
0.000000000000000000e+00 0.000000000000000000e+00 0.000000000000000000e+00 0.000000000000000000e+00 0.000000000000000000e+00 0.000000000000000000e+00 0.000000000000000000e+00
4.244347687869346464e-01 4.451780639388366878e-02 3.573246233283725037e-02 3.504697128621613034e-02 3.471369927022075613e-02 3.447355952558041337e-02 3.413326941636043999e-02
0.000000000000000000e+00 0.000000000000000000e+00 0.000000000000000000e+00 0.000000000000000000e+00 0.000000000000000000e+00 0.000000000000000000e+00 0.000000000000000000e+00
4.370213274227938705e-01 2.861376120492873931e-01 2.217185241528638606e-01 1.845242142605404423e-01 1.736884122455024659e-01 1.732970457665798936e-01 1.505679139968785496e-01
0.000000000000000000e+00 0.000000000000000000e+00 0.000000000000000000e+00 0.000000000000000000e+00 0.000000000000000000e+00 0.000000000000000000e+00 0.000000000000000000e+00
0.000000000000000000e+00 0.000000000000000000e+00 0.000000000000000000e+00 0.000000000000000000e+00 0.000000000000000000e+00 0.000000000000000000e+00 0.000000000000000000e+00
1.696240636867534790e-01 6.958635684753211939e-03 6.340267990917906882e-03 6.358821067198227629e-03 4.852082522851803269e-03 4.921392891153157471e-03 5.017281561632803803e-03
2.003056283820195752e-02 2.159429403512860488e-02 2.114814810411576665e-02 2.053806493864851479e-02 1.991207680007700542e-02 1.844801426592811155e-02 1.398385836571351161e-02
2.936760912398215795e-01 1.139822408189849479e-01 4.746120998439453537e-02 4.785171277789468380e-02 5.037806263852059874e-02 5.292544038161285658e-02 5.157833281703354950e-02
2.842477257167140836e-01 3.332281223998182634e-02 3.247329821498976671e-02 2.918424566354548694e-02 2.560987698298307705e-02 2.518287331508754778e-02 2.483492480065499150e-02
6.350448724754335084e-01 1.237352971452334444e-01 1.152540186784786203e-01 1.104472508283707438e-01 1.015845809490728974e-01 9.513103980989512376e-02 8.889792433761589674e-02
4.107839103016511229e-01 3.144885222655565554e-02 3.140694764929590627e-02 3.065144491809737234e-02 2.879544673862536458e-02 2.461447429060642858e-02 2.064589529797367096e-02
0.000000000000000000e+00 0.000000000000000000e+00 0.000000000000000000e+00 0.000000000000000000e+00 0.000000000000000000e+00 0.000000000000000000e+00 0.000000000000000000e+00
6.021841081295958853e-01 6.397018709531478164e-02 4.784079859127464418e-02 3.421209655791122156e-02 2.701681821112458456e-02 2.233473407310027428e-02 1.795537378509901374e-02
0.000000000000000000e+00 0.000000000000000000e+00 0.000000000000000000e+00 0.000000000000000000e+00 0.000000000000000000e+00 0.000000000000000000e+00 0.000000000000000000e+00
0.000000000000000000e+00 0.000000000000000000e+00 0.000000000000000000e+00 0.000000000000000000e+00 0.000000000000000000e+00 0.000000000000000000e+00 0.000000000000000000e+00
2.001277350784748388e-02 1.740417008838322788e-02 1.731749085431649390e-02 1.729693620796107084e-02 1.709978762681243700e-02 1.613931663858797841e-02 1.510187400932376522e-02
5.365663600636479957e-01 6.955985347287678422e-02 5.927649013482400031e-02 5.416981349612323693e-02 4.061081781741285313e-02 3.488647730068731440e-02 2.577674743531638973e-02
3.212739627155372091e-01 3.966324552110691432e-02 1.572629834984281758e-02 1.564648086748226044e-02 1.586830507607222066e-02 1.408540705780481420e-02 1.361013708366401107e-02
3.228043892374906076e-01 0.000000000000000000e+00 0.000000000000000000e+00 0.000000000000000000e+00 0.000000000000000000e+00 0.000000000000000000e+00 0.000000000000000000e+00
0.000000000000000000e+00 0.000000000000000000e+00 0.000000000000000000e+00 0.000000000000000000e+00 0.000000000000000000e+00 0.000000000000000000e+00 0.000000000000000000e+00
0.000000000000000000e+00 0.000000000000000000e+00 0.000000000000000000e+00 0.000000000000000000e+00 0.000000000000000000e+00 0.000000000000000000e+00 0.000000000000000000e+00
0.000000000000000000e+00 0.000000000000000000e+00 0.000000000000000000e+00 0.000000000000000000e+00 0.000000000000000000e+00 0.000000000000000000e+00 0.000000000000000000e+00
0.000000000000000000e+00 0.000000000000000000e+00 0.000000000000000000e+00 0.000000000000000000e+00 0.000000000000000000e+00 0.000000000000000000e+00 0.000000000000000000e+00
3.163992945824768421e-01 8.283149474490276998e-03 1.361522766591724207e-02 1.204673086943951199e-02 1.136034518093368730e-02 9.208703939280639753e-03 6.994606722231773085e-03
3.487065679085304959e-01 3.453693295475993574e-01 2.405587691033926889e-01 1.707419616236516557e-01 1.949083975030370675e-01 1.639828268422970636e-01 1.881225158121488106e-01
0.000000000000000000e+00 0.000000000000000000e+00 0.000000000000000000e+00 0.000000000000000000e+00 0.000000000000000000e+00 0.000000000000000000e+00 0.000000000000000000e+00
4.178478224537377494e-01 1.546052847104020522e-01 2.510436936249319309e-02 2.345049964829796357e-02 1.763889641380969597e-02 1.454267300707584240e-02 1.413209618836784066e-02
1.842697523020306594e-01 4.268312391800779446e-04 4.280866232147280816e-04 4.271943075124146104e-04 4.274037000061663952e-04 4.176603854228424953e-04 0.000000000000000000e+00
2.011724463791333406e-01 9.412482140129319053e-02 9.790535888084532512e-02 9.726765835872926147e-02 8.722947431072811120e-02 8.350234769408859670e-02 7.487584365116653484e-02
0.000000000000000000e+00 0.000000000000000000e+00 0.000000000000000000e+00 0.000000000000000000e+00 0.000000000000000000e+00 0.000000000000000000e+00 0.000000000000000000e+00
0.000000000000000000e+00 7.090632263477494868e-02 6.899565235483642867e-02 6.715485895475759026e-02 6.641719527048504934e-02 6.548736943162923596e-02 6.471633484151888271e-02
0.000000000000000000e+00 0.000000000000000000e+00 0.000000000000000000e+00 0.000000000000000000e+00 0.000000000000000000e+00 0.000000000000000000e+00 0.000000000000000000e+00
1.046727537323819124e-01 0.000000000000000000e+00 0.000000000000000000e+00 0.000000000000000000e+00 0.000000000000000000e+00 0.000000000000000000e+00 0.000000000000000000e+00
0.000000000000000000e+00 0.000000000000000000e+00 0.000000000000000000e+00 0.000000000000000000e+00 0.000000000000000000e+00 0.000000000000000000e+00 0.000000000000000000e+00
1.027233899388941413e-01 3.529958785916273434e-02 1.781736091941174549e-02 1.543520476908335180e-02 1.132115301901763516e-02 1.034274940803395909e-02 8.355859966510089179e-03
0.000000000000000000e+00 0.000000000000000000e+00 0.000000000000000000e+00 0.000000000000000000e+00 0.000000000000000000e+00 0.000000000000000000e+00 0.000000000000000000e+00
0.000000000000000000e+00 0.000000000000000000e+00 0.000000000000000000e+00 0.000000000000000000e+00 0.000000000000000000e+00 0.000000000000000000e+00 0.000000000000000000e+00
8.372645348536084109e-02 1.376682768824703516e-05 1.056621994232096987e-05 0.000000000000000000e+00 0.000000000000000000e+00 0.000000000000000000e+00 0.000000000000000000e+00
0.000000000000000000e+00 0.000000000000000000e+00 0.000000000000000000e+00 0.000000000000000000e+00 0.000000000000000000e+00 0.000000000000000000e+00 0.000000000000000000e+00
0.000000000000000000e+00 0.000000000000000000e+00 0.000000000000000000e+00 0.000000000000000000e+00 0.000000000000000000e+00 0.000000000000000000e+00 0.000000000000000000e+00
6.916502619178132027e-01 1.883545034400770091e-01 1.830989100512669110e-01 1.789848759538002765e-01 1.561542172410919915e-01 1.437024662018147603e-01 1.391071197931075254e-01
1.026517396137466731e+00 0.000000000000000000e+00 0.000000000000000000e+00 0.000000000000000000e+00 0.000000000000000000e+00 0.000000000000000000e+00 0.000000000000000000e+00
