9.306105438528680107e-01 7.981834441960166115e-01 6.666797943326068232e-01 6.133527000867290413e-01 5.608481482140323937e-01 5.224302245679584011e-01 4.864218795550642183e-01
1.824847969649884405e+01 1.707245978946573928e+01 1.612850619175719302e+01 1.477991859350111703e+01 1.356575726739653653e+01 1.283405555547262189e+01 1.215542354185556384e+01
2.769216107332528320e+00 2.424278672958640968e+00 2.124535751631882796e+00 1.950103658328505851e+00 1.802030929875962251e+00 1.729765420033522849e+00 1.661373608940295288e+00
1.085051564821117864e+01 1.396875200131835726e+01 1.702311216686002027e+01 1.768540917692378756e+01 1.831924008940289639e+01 1.812939458375688062e+01 1.794620976999561179e+01
4.560025806004179394e+00 3.599175868884948226e+00 2.804165295907426358e+00 2.606236907398951974e+00 2.431147400308999895e+00 2.236613107362348529e+00 2.059604520251190785e+00
1.856393381429242428e-01 2.983915704701273208e-01 3.452179678701396970e-01 3.756214806021694885e-01 3.988377890798257552e-01 3.306164839368491704e-01 2.668612013870037547e-01
9.361787411012950644e-01 8.884943731800888367e-01 8.472034739807090542e-01 7.990190820098728164e-01 7.546644698839577448e-01 7.303164719197474675e-01 7.056019612072172986e-01
0.000000000000000000e+00 0.000000000000000000e+00 0.000000000000000000e+00 0.000000000000000000e+00 0.000000000000000000e+00 0.000000000000000000e+00 0.000000000000000000e+00
9.306105438528680107e-01 7.981834441960166115e-01 6.666797943326068232e-01 6.133527000867290413e-01 5.608481482140323937e-01 5.224302245679584011e-01 4.864218795550642183e-01
2.365277349956540931e+00 2.125161055219897843e+00 1.882599632577831361e+00 1.501573243898843835e+00 1.227914059702096106e+00 1.167136301377285967e+00 1.109909307157842528e+00
2.261104522450927856e+00 1.239453278311872131e+00 6.875817371272203715e-01 6.807964430465490713e-01 6.746856715823464912e-01 6.661796529648654763e-01 6.579647993004172912e-01
1.086382649579736182e+00 7.083375158924952730e-01 3.888926608177564193e-01 3.446692184169085071e-01 3.009834244458129415e-01 2.942438834768751343e-01 2.872767467406147079e-01
1.395487386031780463e+00 9.096142046242668977e-01 4.609497014491945599e-01 4.106365219926683685e-01 3.609510553189448356e-01 3.347941555047910800e-01 3.104519017575161910e-01
4.926969262105582281e+00 4.496345931600579604e+00 4.102714534842315075e+00 3.749971983387786700e+00 3.439192662718564275e+00 3.353556035324008366e+00 3.271312521047320399e+00
1.303725015115035246e+00 1.025119987595418891e+00 7.244449562941855936e-01 6.119849619749779812e-01 4.975404228685207930e-01 4.803108010265095262e-01 4.633402217988328298e-01
2.897622999979324376e+00 2.613328606761863959e+00 2.339124413202242181e+00 2.334568757291037411e+00 2.329774565052134427e+00 2.288625408059664412e+00 2.247998110777022607e+00
1.175605183611504234e+00 8.390793551235917747e-01 5.967195567726559791e-01 5.302304048929943336e-01 4.666319453518774085e-01 4.238600243423222280e-01 3.801057841303578377e-01
1.805045846306315127e+01 1.755547959434781902e+01 1.708119555356660157e+01 1.612510497873914517e+01 1.529198616849289394e+01 1.464276560551350492e+01 1.404326258276276818e+01
3.278488390435570388e+00 3.099797810326844427e+00 2.933096127231925809e+00 2.937288141564391886e+00 2.941517148849318808e+00 2.852711496394767288e+00 2.765763814921184061e+00
8.163454539601733284e-01 7.722465407140489679e-01 7.356076039588280713e-01 7.304129710018862909e-01 7.265731636036432128e-01 7.446395487161309168e-01 7.610926549996359647e-01
3.673705860228583475e+00 3.030810757706091429e+00 2.454049799428501988e+00 2.383631347546671275e+00 2.314125790246013281e+00 2.217880120608187067e+00 2.126652513047921911e+00
3.377578870759060159e+00 3.152480442792430004e+00 2.930609825991693729e+00 2.690775230588454470e+00 2.479113765417598092e+00 2.393995532328518916e+00 2.312444860229469601e+00
1.277760236403863603e+00 8.279189249229689240e-01 5.312514476176004585e-01 4.523553393771214126e-01 3.771118250528108784e-01 3.687264716546913013e-01 3.600481568840503965e-01
5.305134627073259779e+00 4.940135148123987463e+00 4.560194864637196588e+00 4.336168438264384584e+00 4.132765508041733149e+00 3.993362355480011949e+00 3.858814655132314808e+00
1.438552972425795495e+00 9.197055765317800891e-01 4.803203444529520749e-01 4.592351060653133699e-01 4.397969141563560780e-01 4.210484403755513916e-01 4.025607118421559161e-01
1.229111724914380144e+00 8.309954730570188186e-01 4.951870913709466304e-01 4.652250830703231754e-01 4.355258335855829999e-01 4.023868078933316994e-01 3.712092361782746708e-01
1.739038519403623084e+01 1.487056221027745551e+01 1.287362528393594552e+01 1.456603092248850828e+01 1.618083241836220054e+01 1.595254280663062296e+01 1.572813929390164844e+01
9.701099292691951481e-01 7.890636274189002375e-01 6.567116286419326654e-01 5.822983500851015570e-01 5.189016556837107164e-01 4.926117109469624333e-01 4.690715577115599499e-01
5.733775391272873279e+00 5.438028763247046982e+00 5.178262792932443404e+00 4.923321376408718031e+00 4.695339064779239457e+00 4.587884799254208446e+00 4.485007713972873233e+00
2.270697521064841129e-01 1.810321144929387671e-01 1.336860903382635080e-01 1.293525508622413445e-01 1.246860680555518658e-01 1.152736596542242586e-01 1.060015854446628714e-01
1.993742852361697071e-01 1.717218699016906380e-01 1.485679731591881270e-01 1.179994759968617524e-01 9.488312309680163592e-02 8.866960954468255940e-02 8.295974023385636886e-02
5.761357685999409561e+00 5.522030937402941042e+00 5.287615518105467594e+00 5.387940429995171421e+00 5.493022056937416409e+00 5.302877304758430554e+00 5.124218778898296911e+00
5.773489885569706104e+00 4.882992291439884447e+00 4.043288595007385133e+00 3.932216914864541391e+00 3.830589579291876046e+00 3.590649382380879384e+00 3.356394689415280297e+00
1.536003396264009835e+00 1.389254759523049110e+00 1.253949678508066601e+00 1.143801467772280311e+00 1.049073333087600535e+00 1.024948756062865618e+00 1.002179425486622977e+00
1.314271236588036684e+00 1.071801112654584998e+00 7.513447727163091727e-01 6.872106608273488293e-01 6.075670626940173902e-01 5.887227753744446179e-01 5.697396137965010654e-01
5.730645256498609008e+00 5.938669330504708022e+00 6.153194334298782486e+00 6.064200412850285105e+00 5.984206629999978766e+00 5.876275628010267482e+00 5.772693163529933003e+00
1.945315945126611101e+00 1.826063565317952442e+00 1.680348613657519419e+00 1.615639493299936502e+00 1.553810744458404391e+00 1.472493518634351517e+00 1.396800108639558502e+00
5.871031631973052001e+00 5.737234200426852837e+00 5.599098288211006746e+00 5.212776220657174164e+00 4.866164153296654860e+00 4.716678723305541610e+00 4.573828564864035329e+00
1.316234866946014881e+00 8.846523906282262040e-01 5.213939010320821632e-01 5.147301306175983138e-01 5.076743077582620556e-01 4.788210413382908981e-01 4.521578703028124036e-01
4.119558209587022901e+00 2.728024878794798713e+00 1.963928830365590184e+00 1.971868269966269738e+00 1.980680711905257851e+00 1.918315193355635939e+00 1.856433378442993831e+00
8.934777140194013478e-01 8.771796525044445181e-01 8.614426140684418032e-01 8.475365514503782061e-01 8.340741038584063016e-01 6.437064635470933771e-01 4.577932538729707623e-01
1.649046804490607698e+01 1.524907323525089531e+01 1.424741188787724688e+01 1.232681866473241961e+01 1.094535830313453850e+01 1.015035735779622961e+01 9.436755797977593119e+00
3.377574991722764874e+00 2.537298887529532365e+00 2.039730885945249650e+00 2.117033996826214182e+00 2.204617731976995731e+00 2.254494011426308564e+00 2.308820811779067395e+00
9.716050776990506899e-01 7.942049198326035508e-01 6.362461811875949058e-01 5.885114100168816753e-01 5.417590713802930003e-01 5.049960108299027528e-01 4.707308492208150952e-01
6.348409909450942301e+00 6.199447533573662739e+00 6.054827640578479553e+00 5.747908694952114317e+00 5.480912594614165023e+00 5.280815285217897781e+00 5.094201711681852984e+00
4.172913149331752614e+00 4.312971434277746319e+00 4.526934856598104240e+00 4.506580993056672035e+00 4.486867915202764401e+00 4.160645125821701207e+00 3.871108923950176361e+00
4.102444000698892701e+00 3.702976961511812881e+00 3.349706866496840796e+00 3.186022466449605517e+00 3.031621555216742703e+00 2.913063494014717314e+00 2.799085661154209870e+00
2.349920236301259013e+00 1.755733287044014990e+00 1.277681841894665826e+00 1.270850182190935707e+00 1.265712417371627874e+00 1.188736896703748824e+00 1.116756067098673366e+00
