4.134391378188336241e-01 3.678715337395817020e-01 3.193436705604096315e-01 2.837175696974176820e-01 2.465919624318717862e-01 2.255469522563421092e-01 2.061103040367952832e-01
3.267886241399656222e-01 1.515537392849045373e-01 4.674378867953675465e-02 4.422470149709085974e-02 4.192670774161329911e-02 4.493441140390351529e-02 4.764597600138593958e-02
4.327213650517836574e-01 3.281524724431924001e-01 2.366092179276735596e-01 2.260737360602707580e-01 2.173019038202330389e-01 1.800578828310072377e-01 1.449744219089864339e-01
1.798940992362338676e-01 1.560848379636875782e-01 1.325218131554746492e-01 1.288873944935744753e-01 1.255158538071003416e-01 1.268208584169237818e-01 1.280740878041821129e-01
4.141384153680444657e-01 2.299320649316142773e-01 8.846248038033519001e-02 9.345246834259539337e-02 9.746652024985368035e-02 8.179997664672399027e-02 6.816846326798049749e-02
2.219364827983886512e-01 2.541348051982315615e-01 2.646455935976277374e-01 2.472446990078827900e-01 2.350062031969338272e-01 1.857705666396477495e-01 1.487545133798368058e-01
2.638754394762414246e-01 2.501618034921982425e-01 2.376341116057429093e-01 1.990194234510081206e-01 1.574520689377469640e-01 1.112714036999317008e-01 5.526098213454425784e-02
0.000000000000000000e+00 0.000000000000000000e+00 0.000000000000000000e+00 0.000000000000000000e+00 0.000000000000000000e+00 0.000000000000000000e+00 0.000000000000000000e+00
4.051876300200109027e-01 2.786930488362034386e-01 1.679022079777660881e-01 1.422741790586272426e-01 1.189513843764097439e-01 1.121130706403735827e-01 1.054774765359148131e-01
3.675801293942690950e-01 2.308262559236063105e-01 8.144215996401184265e-02 5.509748544982170926e-02 3.619016592535214544e-02 3.090331572075458860e-02 2.635255599305023552e-02
1.438990970492848853e-01 5.178005228837068152e-02 1.688804261151583691e-02 6.011831695797920788e-02 9.002379768799212423e-02 9.720599075719217608e-02 1.021947934837513644e-01
3.651407280399538435e-01 2.077407603593897645e-01 6.447185535146915392e-02 4.963924986784267607e-02 3.566635705624894570e-02 3.562360322824264375e-02 3.557965501464150498e-02
7.077855447661594024e-01 4.193808302366600071e-01 1.859178556336059107e-01 1.642854605067137763e-01 1.423415949563676952e-01 1.354798366919801322e-01 1.289968868627822118e-01
4.994421925026716891e-01 3.711113298573665009e-01 2.361454294275733279e-01 2.156038267877619652e-01 1.956330412205135316e-01 1.813420853175747860e-01 1.683811152104772724e-01
4.999043713444845660e-01 3.489239927908093786e-01 1.705580589161432015e-01 1.425401247977432229e-01 1.190694583411221891e-01 1.142023848523698315e-01 1.097255735784345293e-01
4.765705968953111715e-01 3.386874115071014657e-01 2.033579216399333811e-01 1.847366526480642701e-01 1.683146163587716515e-01 1.642974228831987349e-01 1.606693797684220770e-01
3.307071558462949534e-01 1.925782903379965882e-01 9.853261197021656592e-02 8.049602807407979510e-02 6.551680972890133736e-02 6.139568738484859484e-02 5.756690619382308360e-02
5.083612640694162160e-02 2.980729049922321849e-02 1.119416241306833357e-02 1.042230388751060055e-02 9.853249042766415097e-03 1.511197360474948390e-02 2.003326896690820966e-02
3.606233633686736773e-01 3.009285158774504532e-01 2.430306029027891890e-01 2.297204590907731547e-01 2.174024780872877982e-01 2.207645944509524227e-01 2.236706326727353200e-01
3.099884679661966680e-01 2.884982475237014565e-01 2.702505141864026683e-01 2.977179004104232862e-01 3.141326136135024760e-01 3.073313738700657605e-01 3.022805312628558672e-01
5.273336135326046614e-01 3.043517377211361064e-01 1.193565422750904048e-01 1.062738767491914205e-01 9.328869290621859267e-02 8.607787805906186307e-02 7.925746626748135515e-02
3.357026502193864448e-01 2.109085561100303152e-01 9.600213075416584585e-02 7.998500670924628408e-02 6.672226116360233106e-02 5.973003409534078517e-02 5.292934218906314436e-02
4.647961852784885939e-01 2.626143174664878344e-01 1.265592434124134802e-01 9.921503358246012982e-02 7.373300220494719004e-02 6.734904424486824748e-02 6.066445134662683952e-02
5.637692960263185338e-01 3.885372317521575414e-01 1.918946754107953567e-01 1.677150238229901391e-01 1.450267919952746010e-01 1.393298036766205950e-01 1.342586047259120563e-01
2.977085095645182755e-01 1.146571716167580357e-01 2.370461884559533355e-02 4.260725418893839683e-02 5.670336628709159860e-02 5.757784800332112207e-02 5.833310295131653722e-02
4.057140340927753441e-01 2.203617996882700769e-01 7.467457970549927493e-02 5.840352210878835965e-02 4.589799123823809501e-02 4.267816065408695791e-02 3.961318540817443390e-02
2.120278212792815753e-01 1.413580569706366086e-01 8.960960111850899135e-02 1.160554118103282878e-01 1.358912561472432057e-01 1.384903321064766546e-01 1.405303041563162603e-01
2.476347692832671643e-01 2.316272553660018718e-01 2.195078574838323915e-01 1.891549414431284992e-01 1.662431544387513171e-01 1.427339599612785226e-01 1.200476984009309772e-01
1.419470141165924126e-01 1.283039793065015588e-01 1.165072180782145139e-01 9.197533583325047390e-02 7.010445523272322566e-02 5.558497373417879694e-02 4.005868765513110469e-02
7.644143052773412494e-02 7.155435851965527561e-02 6.666728740814796550e-02 6.676466215413390248e-02 6.687007734315607299e-02 6.753737979946233816e-02 6.820262850888299255e-02
1.296712979625274124e-03 1.204492821309373525e-03 1.124518835782490440e-03 2.625161630599171392e-03 4.143138551163424999e-03 3.524254617127418714e-03 2.874363679255317362e-03
4.482203785581021505e-01 2.915968974916039458e-01 1.513403254023028277e-01 1.351848986301580069e-01 1.191345146750650147e-01 1.094760153705613276e-01 9.978144287549603475e-02
4.429784531261609093e-01 2.760823981496642876e-01 1.057483798002609443e-01 9.955934932383204983e-02 9.446250958676107035e-02 9.184706859595466455e-02 8.951817229847063018e-02
4.474712089564872874e-01 3.313947649253237704e-01 2.439870245716451447e-01 2.501144545553563026e-01 2.545244877878233281e-01 2.550691251734003573e-01 2.555048786234043745e-01
3.557635833524658286e-01 1.954261716713264485e-01 5.981746963067419154e-02 5.294147204796487149e-02 4.713642092276938006e-02 4.364984392551049530e-02 4.037697048989597609e-02
1.352140016373705178e-01 1.208852761079191318e-01 1.064356795261543753e-01 1.028569530032752699e-01 9.955342168230806033e-02 9.428994546299458712e-02 8.970667608714459618e-02
4.703871035653537369e-01 3.804365137482040859e-01 2.698633327210331334e-01 2.592222352692960530e-01 2.493821409479711759e-01 2.370990815183703637e-01 2.266031177662268525e-01
4.401101157224092120e-01 2.831688040177514631e-01 1.324561896548538120e-01 1.131377518190948839e-01 9.574487515340467103e-02 8.543378282705797744e-02 7.561660549787718733e-02
4.474774872408132098e-01 2.252974801342590705e-01 6.468633560286356221e-02 4.888767809913679291e-02 3.714028600047619699e-02 3.561752614651906429e-02 3.418086235905887227e-02
8.292495607668005642e-01 4.794883106587960464e-01 2.573244545758921475e-01 2.198852875871391832e-01 1.829790786253079060e-01 1.755971506703257745e-01 1.683947484018097629e-01
2.569172944828643224e-02 2.955335758859153547e-02 3.225489549842489728e-02 4.399243355115548676e-02 5.174527364700486770e-02 5.283821976964363926e-02 5.369227288415556743e-02
4.372052351209107512e-01 3.673841964011548278e-01 2.985838609613646333e-01 2.771829127810710447e-01 2.594064221387299418e-01 2.445747444697231598e-01 2.313451920888885405e-01
5.844376349498629775e-02 8.721366939537313068e-02 1.062678058490847538e-01 1.247580188671088969e-01 1.449200090719287848e-01 1.373352742450431874e-01 1.305137168094035183e-01
4.689584285421448118e-01 1.256459211513733798e-01 4.383967235378897348e-02 4.116109422550993241e-02 3.859587664128104334e-02 3.707540716043210977e-02 3.560322382920036444e-02
5.846051389954696337e-02 3.761936896009156206e-02 1.875435047345710635e-02 1.719790173622442325e-02 1.602023853652785601e-02 2.008236390682724762e-02 2.377803718443811595e-02
6.505144891157331744e-01 4.929979265271769995e-01 2.115280665753992706e-01 1.928058154907078547e-01 1.784257588306717990e-01 1.697348433562869963e-01 1.615457337169858010e-01
1.850415821836295382e-01 1.503937885515466699e-01 1.165793337755383491e-01 1.024577927687855411e-01 8.875238193248610741e-02 8.186187465873794034e-02 7.546733734034385965e-02
6.665993226492267221e-01 4.396924235824718474e-01 2.253643981149331399e-01 2.327394287126703376e-01 2.390301067994471396e-01 2.343123527878793189e-01 2.301110310081235233e-01
