0.000000000000000000e+00 0.000000000000000000e+00 0.000000000000000000e+00 0.000000000000000000e+00 0.000000000000000000e+00 0.000000000000000000e+00 0.000000000000000000e+00
3.913398281632525788e-01 4.334679243161222717e-02 4.289672037115274672e-02 2.700370542727625195e-02 2.404906578620228177e-02 1.383713262837647437e-02 1.268837563558396740e-02
0.000000000000000000e+00 0.000000000000000000e+00 0.000000000000000000e+00 0.000000000000000000e+00 0.000000000000000000e+00 0.000000000000000000e+00 0.000000000000000000e+00
0.000000000000000000e+00 0.000000000000000000e+00 0.000000000000000000e+00 0.000000000000000000e+00 0.000000000000000000e+00 0.000000000000000000e+00 0.000000000000000000e+00
0.000000000000000000e+00 0.000000000000000000e+00 0.000000000000000000e+00 0.000000000000000000e+00 0.000000000000000000e+00 0.000000000000000000e+00 0.000000000000000000e+00
0.000000000000000000e+00 0.000000000000000000e+00 0.000000000000000000e+00 0.000000000000000000e+00 0.000000000000000000e+00 0.000000000000000000e+00 0.000000000000000000e+00
4.244358978579794717e-01 4.672799344401409177e-02 3.449743839736624934e-02 3.393523708297212227e-02 3.361407424219047674e-02 3.335893654309560891e-02 3.305188820162741764e-02
0.000000000000000000e+00 0.000000000000000000e+00 0.000000000000000000e+00 0.000000000000000000e+00 0.000000000000000000e+00 0.000000000000000000e+00 0.000000000000000000e+00
4.374158195530539750e-01 2.631097867048530214e-01 1.929900051286755347e-01 1.787595834906240133e-01 1.739602028031125847e-01 1.790492006564209093e-01 1.703361315353016658e-01
0.000000000000000000e+00 0.000000000000000000e+00 0.000000000000000000e+00 0.000000000000000000e+00 0.000000000000000000e+00 0.000000000000000000e+00 0.000000000000000000e+00
0.000000000000000000e+00 0.000000000000000000e+00 0.000000000000000000e+00 0.000000000000000000e+00 0.000000000000000000e+00 0.000000000000000000e+00 0.000000000000000000e+00
1.721579547693219414e-01 6.958635684753211939e-03 6.340267990917906882e-03 6.358821067198227629e-03 4.852082522851803269e-03 4.921392891153157471e-03 5.017281561632803803e-03
1.993321970490824144e-02 2.158614392834092011e-02 2.117296036966849482e-02 2.051300857918057427e-02 1.990363725342874507e-02 1.844264317220298266e-02 1.403894306299857328e-02
2.940763081546154400e-01 1.387710503957240715e-01 6.000404556209189277e-02 4.784323941618504050e-02 5.036097818082505700e-02 5.292759707300351280e-02 5.156026725132101252e-02
2.852134146222881084e-01 3.331053211058446206e-02 3.254938676387360980e-02 2.949547596973699573e-02 2.614610099619553082e-02 2.493910164775963584e-02 2.461430749333081217e-02
6.438178676258735633e-01 1.299315910780493855e-01 1.212037600698827877e-01 1.180643316426903955e-01 1.071531827318066010e-01 9.651563816532567064e-02 9.097557184379845285e-02
4.075585270513174541e-01 3.145269337694925338e-02 3.149362597293799138e-02 3.210634364385481915e-02 2.855109666772556384e-02 2.522801849055757509e-02 2.170821070093233857e-02
0.000000000000000000e+00 0.000000000000000000e+00 0.000000000000000000e+00 0.000000000000000000e+00 0.000000000000000000e+00 0.000000000000000000e+00 0.000000000000000000e+00
6.023018901513198520e-01 6.397018709531478164e-02 4.784079859127464418e-02 3.421209655791122156e-02 2.701681821112458456e-02 2.233473407310027428e-02 1.795537378509901374e-02
0.000000000000000000e+00 0.000000000000000000e+00 0.000000000000000000e+00 0.000000000000000000e+00 0.000000000000000000e+00 0.000000000000000000e+00 0.000000000000000000e+00
0.000000000000000000e+00 0.000000000000000000e+00 0.000000000000000000e+00 0.000000000000000000e+00 0.000000000000000000e+00 0.000000000000000000e+00 0.000000000000000000e+00
2.004063575244638754e-02 1.785650158899069681e-02 1.788944800284582304e-02 1.814388558402363003e-02 1.802703060299687410e-02 1.730576729788295062e-02 1.512079807274489818e-02
5.363597493428317042e-01 7.260063974585682922e-02 5.879419246743073507e-02 5.780962797054692986e-02 4.024833322076892123e-02 3.547892294527642265e-02 2.711211907241785693e-02
3.167324749780449644e-01 4.787350518091221252e-02 1.488398699275153385e-02 1.483549639288657927e-02 1.503987595033820859e-02 1.336107774528693878e-02 1.290096202990556433e-02
2.987420079214245239e-01 0.000000000000000000e+00 0.000000000000000000e+00 0.000000000000000000e+00 0.000000000000000000e+00 0.000000000000000000e+00 0.000000000000000000e+00
0.000000000000000000e+00 0.000000000000000000e+00 0.000000000000000000e+00 0.000000000000000000e+00 0.000000000000000000e+00 0.000000000000000000e+00 0.000000000000000000e+00
0.000000000000000000e+00 0.000000000000000000e+00 0.000000000000000000e+00 0.000000000000000000e+00 0.000000000000000000e+00 0.000000000000000000e+00 0.000000000000000000e+00
0.000000000000000000e+00 0.000000000000000000e+00 0.000000000000000000e+00 0.000000000000000000e+00 0.000000000000000000e+00 0.000000000000000000e+00 0.000000000000000000e+00
0.000000000000000000e+00 0.000000000000000000e+00 0.000000000000000000e+00 0.000000000000000000e+00 0.000000000000000000e+00 0.000000000000000000e+00 0.000000000000000000e+00
3.131673551811145484e-01 1.060342302660120112e-02 1.465757322525540647e-02 1.355486835386083416e-02 1.264085632328059393e-02 9.671102403361860403e-03 8.246722380476665532e-03
3.449550237894042359e-01 3.485410445663241763e-01 2.641863959415418073e-01 1.995188361725142856e-01 2.237832325735523709e-01 1.693337636694255133e-01 1.679436330448103309e-01
0.000000000000000000e+00 0.000000000000000000e+00 0.000000000000000000e+00 0.000000000000000000e+00 0.000000000000000000e+00 0.000000000000000000e+00 0.000000000000000000e+00
4.172066375442325392e-01 1.589684308135604074e-01 3.241114906425694719e-02 2.345049964829796357e-02 1.763889641380969597e-02 1.454267300707584240e-02 1.413209618836784066e-02
1.842863615948976408e-01 0.000000000000000000e+00 0.000000000000000000e+00 0.000000000000000000e+00 0.000000000000000000e+00 0.000000000000000000e+00 0.000000000000000000e+00
2.055815287996004548e-01 9.624628290810290088e-02 1.005873411301778098e-01 1.023290682449453648e-01 9.116503841637754735e-02 8.599119089981210884e-02 7.575525529103488420e-02
0.000000000000000000e+00 0.000000000000000000e+00 0.000000000000000000e+00 0.000000000000000000e+00 0.000000000000000000e+00 0.000000000000000000e+00 0.000000000000000000e+00
0.000000000000000000e+00 7.005839887172332636e-02 6.820817490624975221e-02 6.712484497328174982e-02 6.561730308918996279e-02 6.462183026130972896e-02 6.389756781446764844e-02
0.000000000000000000e+00 0.000000000000000000e+00 0.000000000000000000e+00 0.000000000000000000e+00 0.000000000000000000e+00 0.000000000000000000e+00 0.000000000000000000e+00
1.046727537323819124e-01 0.000000000000000000e+00 0.000000000000000000e+00 0.000000000000000000e+00 0.000000000000000000e+00 0.000000000000000000e+00 0.000000000000000000e+00
0.000000000000000000e+00 0.000000000000000000e+00 0.000000000000000000e+00 0.000000000000000000e+00 0.000000000000000000e+00 0.000000000000000000e+00 0.000000000000000000e+00
1.032150235720477038e-01 3.447960157301344780e-02 1.704767623792017781e-02 1.483447569723478875e-02 1.107535726299359140e-02 1.006008635773774154e-02 8.362078912248920720e-03
0.000000000000000000e+00 0.000000000000000000e+00 0.000000000000000000e+00 0.000000000000000000e+00 0.000000000000000000e+00 0.000000000000000000e+00 0.000000000000000000e+00
0.000000000000000000e+00 0.000000000000000000e+00 0.000000000000000000e+00 0.000000000000000000e+00 0.000000000000000000e+00 0.000000000000000000e+00 0.000000000000000000e+00
8.372645348536084109e-02 2.430132011744938378e-05 1.865158038325203884e-05 0.000000000000000000e+00 0.000000000000000000e+00 0.000000000000000000e+00 0.000000000000000000e+00
0.000000000000000000e+00 0.000000000000000000e+00 0.000000000000000000e+00 0.000000000000000000e+00 0.000000000000000000e+00 0.000000000000000000e+00 0.000000000000000000e+00
0.000000000000000000e+00 0.000000000000000000e+00 0.000000000000000000e+00 0.000000000000000000e+00 0.000000000000000000e+00 0.000000000000000000e+00 0.000000000000000000e+00
6.939605701043702890e-01 1.904916995165062965e-01 1.868743458450408401e-01 1.809306742113799826e-01 1.608579755750970119e-01 1.518263892435809670e-01 1.403602688597203607e-01
1.026517396137466731e+00 0.000000000000000000e+00 0.000000000000000000e+00 0.000000000000000000e+00 0.000000000000000000e+00 0.000000000000000000e+00 0.000000000000000000e+00
