4.120329292327210569e-01 3.632737241973248987e-01 3.124555339593892422e-01 2.768614338561581900e-01 2.408774678204384512e-01 2.202210690917353331e-01 2.000742844830647182e-01
3.041983455238741474e-01 1.991490340600749198e-01 1.192842101415927253e-01 1.047519106525061777e-01 9.132496327744661635e-02 8.922247470985407436e-02 8.723511387085193525e-02
4.307287529462293096e-01 2.997707012883135680e-01 1.987685606097242264e-01 1.765831339428314550e-01 1.547156250158269741e-01 1.403155327460063329e-01 1.266969944804954562e-01
1.718315206503235881e-01 1.503827788417209099e-01 1.298009243289735826e-01 1.288728180246567767e-01 1.279960574446905308e-01 1.251418368711413875e-01 1.223259930096981390e-01
3.103027591969046428e-01 1.173876795523349781e-01 1.801331367767674413e-02 1.753916390866911215e-02 1.708461606455936865e-02 1.737521405152390314e-02 1.767653858449321630e-02
2.128528406372873494e-01 1.596615377233388255e-01 1.331240264292618825e-01 1.234213389026639351e-01 1.150016245653784491e-01 1.224470949465667757e-01 1.294141633764560873e-01
2.653867421551476813e-01 2.308365511697274830e-01 2.031877744739724045e-01 1.883263474373334800e-01 1.751737563885403803e-01 1.708392586549809800e-01 1.668304503231050895e-01
0.000000000000000000e+00 0.000000000000000000e+00 0.000000000000000000e+00 0.000000000000000000e+00 0.000000000000000000e+00 0.000000000000000000e+00 0.000000000000000000e+00
4.046178219235299633e-01 2.855213067264225080e-01 1.774365974834608561e-01 1.517917244752605144e-01 1.294832013304403895e-01 1.242247584551877670e-01 1.191274205388275914e-01
3.670155505980026711e-01 1.987861416082300492e-01 5.470122902199529152e-02 4.361038298499851640e-02 3.354927910629237203e-02 3.185801885551880347e-02 3.029354131890052079e-02
1.500290722052942949e-01 8.194618686868881952e-02 3.356334496562864839e-02 3.225858729900901029e-02 3.098501593492406642e-02 2.387209417348844578e-02 1.734320442150148051e-02
3.644075252448931157e-01 2.302051731318111860e-01 7.934789681544024420e-02 6.030295483160742764e-02 4.278841147441427017e-02 4.213131594487973253e-02 4.147503541162182727e-02
7.023713843982939409e-01 4.199644631125958316e-01 1.900267776359789162e-01 1.651094778589887735e-01 1.385568245201250215e-01 1.295512167182905627e-01 1.206490719227123337e-01
5.013540049311958624e-01 3.440285788047584004e-01 1.964607944160799424e-01 1.475345137015726948e-01 9.735329128242570240e-02 8.241948247341854272e-02 6.771574436656195572e-02
5.028444334945543215e-01 3.351619067836388299e-01 1.471692282738181756e-01 9.330650285842106983e-02 5.404855166808265193e-02 4.878257920726802171e-02 4.344008997057327570e-02
4.747169333934071478e-01 3.326748531808566556e-01 1.978222404757744857e-01 1.755044573089417359e-01 1.537294826293688632e-01 1.474869443413565906e-01 1.411479019528690815e-01
2.881299889609632153e-02 2.752262903666291907e-02 2.627828196476467842e-02 2.566556195400728629e-02 2.507296027698268856e-02 2.449873680241053051e-02 2.393975128145696407e-02
5.196071023490052981e-02 3.165220083682163121e-02 1.341864396950305689e-02 1.197489046003427648e-02 1.070973581673260316e-02 8.814778931154104019e-03 7.179573748086874423e-03
3.570940457519443112e-01 2.809275736776932764e-01 2.130748753060957845e-01 1.836314209206715287e-01 1.579292590745879354e-01 1.483315248432973688e-01 1.386233521347448316e-01
3.002229209874251459e-01 2.943597249155446849e-01 2.886831578552770394e-01 2.782768888039935384e-01 2.672378463823096295e-01 2.590936741679074062e-01 2.506986254465067843e-01
5.248434286034034946e-01 2.909104645444815507e-01 1.111155330148117237e-01 9.810839465053985964e-02 8.517090251805224665e-02 8.091635982926026482e-02 7.676835615823643377e-02
3.766934550189289244e-01 2.968013336795002899e-01 1.954113629544127484e-01 1.501490875661156688e-01 1.078256514475680466e-01 8.902542727109820364e-02 7.149610895410633826e-02
4.168165311562204711e-01 3.319079533005951377e-01 2.500339787272585212e-01 2.182444037844613882e-01 1.830418276789129162e-01 1.634054709731961319e-01 1.430103174698394708e-01
5.608928864613312859e-01 3.766446824728235110e-01 1.745730095547435856e-01 1.313942778419974478e-01 8.907213093079205390e-02 7.962817526238556709e-02 7.043510274617098554e-02
3.103027591969050314e-01 1.173876795523350614e-01 1.801331367767675107e-02 1.753916390866912603e-02 1.708461606455937559e-02 1.737521405152391354e-02 1.767653858449322671e-02
4.273209072723246904e-01 2.784623412627997840e-01 1.066770753249482451e-01 8.107459931097418804e-02 5.971975969963054520e-02 5.438965724667246815e-02 4.931946873674754317e-02
5.402009911143969972e-02 5.202809659097006045e-02 5.019588437463993330e-02 4.830563849036401125e-02 4.642396020957319930e-02 3.023335033021017776e-02 1.705252955065805417e-02
2.163561288954566897e-01 2.259998997422296430e-01 2.336570606291770158e-01 2.171556824311481337e-01 2.047959571368725418e-01 1.837966399527640182e-01 1.646253286364932067e-01
1.439313414710854389e-01 1.246984065355973281e-01 1.072253572480960093e-01 1.045791882347581608e-01 1.021770076396239652e-01 9.428006434803599956e-02 8.663960523076176534e-02
9.798099594686920932e-02 8.056129602953873703e-02 6.352506096897161947e-02 6.595691586295061859e-02 6.839220956135133589e-02 6.724679852722471873e-02 6.610112730081442456e-02
1.294703768463668914e-03 1.161819068459234725e-03 1.053673071358750268e-03 7.824245031484837465e-02 1.324391472536330105e-01 1.397338523298144175e-01 1.467829833116206517e-01
4.415915013610215989e-01 2.885639989636821223e-01 1.484033636546562007e-01 1.133990092040148279e-01 8.217882765500844622e-02 7.353954481010140098e-02 6.514734886555394178e-02
1.559670175555107063e-01 1.007247888883587711e-01 5.223363131831557093e-02 6.056112905782315425e-02 6.750750901317706387e-02 6.921570403051374720e-02 7.088831542805465458e-02
4.464707053410281179e-01 3.092630250114738466e-01 2.154508868738395366e-01 2.142680175004806065e-01 2.131806600019590381e-01 2.085644018508122366e-01 2.038793574006120268e-01
3.529295440772381998e-01 1.879547759785092920e-01 5.654012819316767136e-02 4.941048206858813380e-02 4.289939041383598189e-02 4.085087710197519290e-02 3.888410946383002997e-02
9.395737884031904463e-02 8.780806436001496740e-02 8.166616186314396009e-02 7.662099834822216904e-02 7.182071520753875726e-02 6.373728126643206371e-02 5.510863401796737421e-02
4.665041788914916498e-01 3.775082848780382805e-01 2.673009076790748839e-01 2.464994535461739467e-01 2.265527746003965226e-01 2.036694968793789917e-01 1.828789633812575033e-01
4.363316473226976355e-01 2.730430705247462453e-01 1.194549496961092722e-01 9.561722117064831716e-02 7.267224390903820330e-02 6.477395543054442761e-02 5.727082695969593767e-02
4.653003460527282420e-01 3.308986296485980638e-01 1.911869053141340147e-01 1.514966082970181649e-01 1.168625867908034133e-01 1.018259042290136224e-01 8.739188520510556002e-02
8.309192718980931147e-01 4.843947622107502293e-01 2.643584137435558423e-01 2.182994773514195519e-01 1.689523853462122915e-01 1.552868668530768270e-01 1.410500141717573042e-01
2.881299889609633194e-02 2.752262903666292948e-02 2.627828196476469230e-02 2.566556195400730017e-02 2.507296027698270938e-02 2.449873680241054438e-02 2.393975128145697448e-02
4.369916570338909789e-01 3.434444351659969863e-01 2.618308218868938275e-01 2.493897758067100401e-01 2.376997601265433691e-01 2.245889795692540547e-01 2.116464493191718421e-01
5.804968447870102050e-02 6.512953903197035710e-02 6.985424686087242374e-02 7.158385805791291079e-02 7.328518621875244887e-02 6.475072032032998248e-02 5.594100243740568468e-02
3.924395490248079321e-01 3.128826238551842831e-01 2.424519502619149891e-01 2.135336957914199529e-01 1.872136121923682617e-01 1.749967776862767777e-01 1.630754683984882436e-01
5.884883850542193401e-02 4.044891901090993946e-02 2.365042822894978733e-02 2.131764527744981971e-02 1.924893632052165210e-02 1.580032591999218708e-02 1.274256988457153454e-02
6.386774689175036546e-01 4.471299059026039302e-01 1.895081689137983194e-01 1.400412422265275847e-01 1.047292339192047034e-01 1.019497552371954052e-01 9.923993906881505012e-02
2.495210129382268716e-01 1.613891874800884030e-01 9.217480517033826981e-02 8.080108301934037229e-02 6.969565403201453957e-02 6.468083743151679943e-02 5.976097681087506192e-02
6.657693861514566436e-01 4.571559806937471881e-01 2.512255549869766846e-01 2.467773144404585839e-01 2.424584625075354993e-01 2.244212910364137836e-01 2.049958229170461554e-01
