4.118993367741803358e-01 3.277270906935043637e-01 2.485928941028088812e-01 2.161097290164951390e-01 1.829499801218368027e-01 1.675480505417377419e-01 1.522983915752524620e-01
2.976844209784341166e-01 1.969196981349528586e-01 1.162160816482007281e-01 1.003485326705266661e-01 8.608652153096169046e-02 8.039864434402767268e-02 7.502891706596584442e-02
4.449182371172092920e-01 3.184077023218268576e-01 2.106869650701420627e-01 1.962351159231562614e-01 1.831802340179415900e-01 1.618291843804843255e-01 1.406967413224682328e-01
1.630078454448549152e-01 1.383778990003107501e-01 1.139946105758908174e-01 1.068467194196594666e-01 1.000253072471987276e-01 1.028020022575468068e-01 1.054990481182811468e-01
4.166452034763925005e-01 2.486957969355551856e-01 1.097975659230877032e-01 8.821515757462165819e-02 6.914269724507145221e-02 5.649158902033402790e-02 4.419565084779467079e-02
2.149542743019047519e-01 1.765724572749541588e-01 1.504761279263556462e-01 1.453467775884837998e-01 1.411900728812876815e-01 1.245425423640140195e-01 1.098329989635642989e-01
2.653275630121251782e-01 2.464556785286829144e-01 2.297256366055057397e-01 2.128278327314890306e-01 1.979029255754142236e-01 1.865967371787187190e-01 1.756543806340893632e-01
0.000000000000000000e+00 0.000000000000000000e+00 0.000000000000000000e+00 0.000000000000000000e+00 0.000000000000000000e+00 0.000000000000000000e+00 0.000000000000000000e+00
4.055542981777707223e-01 2.885236978875654890e-01 1.777992238603160746e-01 1.482814038260145684e-01 1.247722320932679457e-01 1.172228266530633140e-01 1.097251374387496758e-01
3.697662188819589302e-01 2.149552784825033980e-01 5.954827448711148830e-02 4.103703505772326315e-02 2.741067031022475717e-02 2.652878237269615941e-02 2.566201876133030607e-02
1.469918972633616761e-01 6.098038068407895390e-02 1.903305479000875003e-02 1.703381867953692244e-02 1.534941717704216453e-02 1.403609877213151530e-02 1.280433606171450453e-02
4.145487165092957005e-01 2.414964975949244197e-01 8.664143744295112193e-02 6.212515483070017719e-02 4.204314489452262715e-02 3.655403544707896274e-02 3.167072674593901516e-02
7.040949658939860134e-01 4.196835868133724223e-01 1.865575510731150299e-01 1.544482386352385161e-01 1.215000777573309321e-01 1.137919553474968232e-01 1.059826408828145466e-01
4.989120780791922449e-01 3.553715784415115708e-01 2.219165895428398538e-01 1.837606629087091270e-01 1.462931858474619540e-01 1.264589716329797553e-01 1.060087046466557242e-01
4.909053837471349380e-01 2.819063997209346195e-01 1.131065848585655897e-01 9.221450480538488648e-02 7.269748789300643776e-02 6.513304248345523628e-02 5.788938750793202331e-02
4.679638134120069348e-01 3.452148982225111129e-01 2.163963896594426894e-01 1.837301229980359829e-01 1.476099610615937974e-01 1.430048441175123530e-01 1.383665771910856657e-01
3.351517432178817701e-01 1.935963303121356893e-01 9.179525086257490918e-02 7.769862938821378573e-02 6.346211226872175426e-02 5.573862497641178526e-02 4.907470793618479155e-02
4.883637909182866887e-02 3.022271377027313868e-02 1.032562325225220949e-02 9.806219323149593589e-03 9.315258667864510095e-03 8.642030696212608595e-03 7.999876466268370651e-03
3.582663629038502773e-01 2.929808295595549006e-01 2.309131101276171161e-01 2.095119812731899567e-01 1.882809891168129024e-01 1.751941888843045747e-01 1.623486512395383996e-01
2.965209280158119243e-01 2.861939417735092639e-01 2.758891208307429621e-01 2.652488861453812241e-01 2.539912161153163317e-01 2.469203677939061370e-01 2.397046349689372358e-01
5.274387550919753531e-01 3.005085712999416292e-01 1.228244578969905215e-01 1.045436633453937086e-01 8.764704707411255513e-02 8.195657882912195380e-02 7.627265244018296975e-02
3.744527632556811092e-01 2.837737094012000583e-01 1.860343906804568515e-01 1.520926532740563553e-01 1.179799583355111287e-01 9.366050895614290439e-02 6.941828201181898805e-02
4.159921295377569939e-01 2.975725697552988325e-01 1.986428430291630742e-01 1.650487557119884874e-01 1.271999903133234910e-01 1.105766140271556841e-01 9.476387391675170080e-02
5.585975751715649418e-01 3.725870101122172873e-01 1.798736342528850785e-01 1.440956184547290964e-01 1.114352857583157247e-01 1.018089041567617342e-01 9.217365684182472763e-02
5.108768970728719827e-01 2.687943622297777613e-01 8.811898987221843116e-02 7.271475689343993853e-02 5.830408756174951246e-02 5.328961585243174176e-02 4.833432758238023763e-02
4.235914543328787030e-01 2.075794470250298951e-01 6.207944535871810776e-02 4.878290983929477881e-02 3.716245804777026929e-02 3.333506232266704450e-02 2.963618444396465962e-02
1.898689665412849614e-01 1.236764770736182711e-01 7.087599968501281933e-02 6.416232741041313914e-02 5.779030835418647732e-02 5.508599251736735064e-02 5.245906332140604783e-02
2.116875621401005936e-01 2.104407148849134213e-01 2.093518039209079085e-01 1.894649558289325519e-01 1.746250007494339340e-01 1.554949735401552624e-01 1.373726573244864468e-01
1.449038939176874596e-01 1.307829563495382930e-01 1.178894107064779317e-01 1.128131698118953891e-01 1.079652983012035355e-01 9.995839939517425776e-02 9.243605626285164578e-02
1.014628405652140547e-01 8.184138637070038913e-02 6.176016664009169321e-02 5.794442709756350562e-02 5.427486266207123822e-02 5.304566841310170283e-02 5.177639935444842967e-02
1.024183209345837925e-01 9.068595942130497356e-02 8.053695033057876873e-02 7.177151795453781680e-02 6.391411050922105042e-02 6.092942385703069286e-02 5.799721232696378875e-02
4.483137013449052799e-01 2.911482291622946583e-01 1.528964965873680637e-01 1.247672287671947322e-01 9.543011104921358956e-02 8.271112594127062734e-02 7.064100089201139077e-02
4.375544892691800580e-01 2.771575521706004519e-01 1.150846979720629021e-01 8.896144529916405475e-02 6.391396227601166269e-02 5.650442473825133261e-02 4.895740118870459123e-02
4.449699519349516463e-01 3.709033891560752916e-01 2.974429314089356846e-01 2.781420562309963040e-01 2.574111744051736372e-01 2.510413607427782745e-01 2.444923480994723453e-01
3.594894535217487141e-01 1.917811994989923052e-01 5.359330609928984746e-02 4.920778948778327389e-02 4.506654395697245324e-02 4.225046012904152409e-02 3.950369927790033098e-02
1.260317764922589123e-01 1.125315006405925716e-01 9.857690939414164022e-02 9.502611081452796982e-02 9.169781638086907383e-02 9.350115940718214946e-02 9.525255249783172451e-02
4.653116888911457139e-01 3.766809252566305499e-01 2.666679296146545197e-01 2.454124581667479488e-01 2.252763476221464611e-01 2.031663375369783531e-01 1.829990239247738237e-01
4.413373588130661829e-01 2.792889035161827405e-01 1.263788303363677368e-01 9.623597868706763869e-02 6.819831296971338996e-02 6.047290440676190981e-02 5.292059126455918305e-02
4.512246250318849294e-01 2.550670856815729359e-01 1.002933488030734871e-01 7.946653965940045361e-02 6.127939328142349706e-02 5.121133917105321481e-02 4.143821363836475841e-02
8.356245747516490852e-01 4.779699273310526464e-01 2.576146388851825453e-01 1.919932594267887704e-01 1.207149965768195693e-01 1.089177176554959048e-01 9.739639510839080694e-02
3.915351364356272623e-01 2.570302280572706599e-01 1.436730668835705660e-01 1.261447371035226417e-01 1.102853157033993614e-01 1.039191034314423667e-01 9.768228898758071765e-02
4.329725433531435574e-01 3.433945222705755973e-01 2.609925327450756116e-01 2.409664773248760827e-01 2.224381699977566185e-01 2.144042609727337401e-01 2.067006949473150779e-01
5.895437443873155492e-02 4.079944982328832098e-02 2.274579341878213423e-02 7.095096915015375316e-02 1.088994853384844669e-01 1.010271348389925467e-01 9.277832192977811254e-02
3.940276218883357329e-01 3.073996008880987008e-01 2.291215018421819960e-01 2.069222665389655047e-01 1.854858851692197663e-01 1.712934740010168266e-01 1.575568154583266434e-01
5.455489478268892023e-02 3.719197639132705568e-02 1.866704523212345951e-02 1.766452437888478208e-02 1.671899134256584277e-02 1.540915974176543767e-02 1.415048449772531372e-02
6.395651174123021532e-01 4.618885397478237342e-01 1.884508760171818564e-01 1.719677720286439948e-01 1.573153777874175541e-01 1.454004531039981007e-01 1.346423710949464225e-01
2.478340199102543051e-01 1.705033979048656834e-01 1.065545022343179771e-01 9.652550653359662225e-02 8.728494255273944180e-02 7.760804067253419813e-02 6.831029555683273968e-02
6.815607635787834795e-01 4.633242775022838322e-01 2.531607676856592049e-01 2.409687981119012778e-01 2.291756123378052012e-01 2.116112606004003915e-01 1.952628459598119703e-01
