4.128346089514882133e-01 3.715635364302378174e-01 3.284122992939813024e-01 2.891670112026755723e-01 2.472627248662984389e-01 2.225992714472768141e-01 1.999228353135972802e-01
3.295297388806022743e-01 1.568320627734565986e-01 4.742426324395389303e-02 4.973291028851238582e-02 5.192912506844950260e-02 4.809849540947035151e-02 4.451724059036308440e-02
4.326476368762390279e-01 3.203325494531834017e-01 2.231094038613795072e-01 2.109289476332001090e-01 2.004803768730696045e-01 1.803451406906370902e-01 1.609527876744082375e-01
1.698361049606486040e-01 1.486333592112382695e-01 1.282044514229986887e-01 1.284086083310513049e-01 1.286018765862729785e-01 1.269930014343154112e-01 1.254358651975521211e-01
4.179497941539917494e-01 2.493671324272648815e-01 1.243711328995484172e-01 1.150192708101002853e-01 1.070506197556910788e-01 9.069108076765222681e-02 7.493133440046814697e-02
1.797849269194571054e-01 1.953383167088194594e-01 2.012885974031103642e-01 1.955736257898661457e-01 1.908749463796033941e-01 1.797988646539297464e-01 1.678124851581434263e-01
2.607312749675858021e-01 2.459166163068317035e-01 2.329160557045855395e-01 2.142276512275621547e-01 1.977654727982648131e-01 1.875680239437196029e-01 1.778933523637860337e-01
0.000000000000000000e+00 0.000000000000000000e+00 0.000000000000000000e+00 0.000000000000000000e+00 0.000000000000000000e+00 0.000000000000000000e+00 0.000000000000000000e+00
3.945344335635392330e-01 2.454675646159201474e-01 1.187370283071401689e-01 9.959167338871056929e-02 8.423330463959799452e-02 8.243824908293145848e-02 8.064940743430172587e-02
3.680463970282259467e-01 1.783497475979101132e-01 4.170478647998840382e-02 3.181311935895540094e-02 2.393815599733235475e-02 2.499453462853875457e-02 2.604118343504218530e-02
1.597256261319096315e-01 5.460248536763667032e-02 1.524046886933616216e-02 2.919091020732687142e-02 4.195729122487121265e-02 4.423252901349188082e-02 4.643728569403161172e-02
3.629815115723469821e-01 1.806529708256909561e-01 4.328961517579384827e-02 3.598419986268459186e-02 2.892775512419450135e-02 2.863010393340339327e-02 2.832967396247506112e-02
7.108201002075321684e-01 4.031823632901563315e-01 1.699009170788880752e-01 1.464988232289512748e-01 1.230472289323435858e-01 1.160804920511886718e-01 1.092237037955445383e-01
4.709521616762766261e-01 2.634426591429841480e-01 1.082654858613419646e-01 1.010069758032121623e-01 9.349048048842585612e-02 9.106427186037312216e-02 8.861475683288784488e-02
4.139115666910247460e-01 2.398173969591315680e-01 6.408723076129857477e-02 5.928977599604746962e-02 5.421058222598367643e-02 4.754671625794042178e-02 4.218475538967021016e-02
3.828835729364046814e-01 2.864294046476459354e-01 1.621198736860925138e-01 1.239013501991622912e-01 8.795804453802985590e-02 8.758123391359792786e-02 8.720234458308784298e-02
3.393042767436583729e-01 1.912669660464854926e-01 9.610166246232670906e-02 6.779829327035814812e-02 4.466698809889785293e-02 4.305882152490094622e-02 4.144227635776208396e-02
5.398141066710159669e-02 3.398694755585018185e-02 1.345751019411246807e-02 1.390766828826134685e-02 1.430593508333728898e-02 1.455498912478886235e-02 1.478564185845359855e-02
2.850002788132499076e-01 1.813786920368540834e-01 1.048218268309256129e-01 8.867306182246519064e-02 7.310099824701118965e-02 6.495781974830687477e-02 5.714680535873284395e-02
3.073890809885965747e-01 2.922056328479918363e-01 2.777330270708436855e-01 2.718371263625080636e-01 2.665035040419447276e-01 2.535104898333534473e-01 2.410309952117272447e-01
4.433567537061705033e-01 2.859533886491395505e-01 1.446525343545999320e-01 1.226456952105011156e-01 1.013042539068895326e-01 9.323447530309861286e-02 8.540782358644859185e-02
3.293039196453166340e-01 2.160211902833421294e-01 1.095902109141969200e-01 9.931114314747571670e-02 9.012174548021936737e-02 8.074808993775518806e-02 7.183479562928281326e-02
4.644447038342778833e-01 2.461735752270793887e-01 1.161564208366284989e-01 7.862259805279037117e-02 4.820858168432953089e-02 4.593065288047874783e-02 4.361191024293104707e-02
4.363484951682850554e-01 2.924483853530848165e-01 1.563408349118068363e-01 1.293034015274731885e-01 1.036077701425410363e-01 9.385780218361863825e-02 8.451003720084021564e-02
4.509217706670236581e-01 2.182441436881357721e-01 6.134083029003506438e-02 6.394933656253116994e-02 6.622638327350950649e-02 6.372872969545481658e-02 6.132790595305542825e-02
4.075338196457044537e-01 2.257344311104441115e-01 7.996024473483308304e-02 6.872926883179544810e-02 5.892390135614387209e-02 5.253934547029273650e-02 4.658553895514915000e-02
2.010043081202562976e-01 1.402458220768111052e-01 9.305667743956137772e-02 1.016828568365034519e-01 1.094197791421214622e-01 1.255386226298843833e-01 1.386150402129684156e-01
2.392862733597605207e-01 2.313409615469805836e-01 2.253634725491929225e-01 2.198242553767246199e-01 2.160516546800980153e-01 1.887707311308472469e-01 1.636833526388611626e-01
1.330147366126290809e-01 1.225017555483404880e-01 1.133221258643443419e-01 1.061146428161695021e-01 9.955446402483038304e-02 9.317038314296507973e-02 8.713524912850315052e-02
8.081987867206223697e-02 7.847556135768474217e-02 7.617162347468685313e-02 7.316363332690110910e-02 6.988299503496921139e-02 7.207564825624966642e-02 7.446000122319017256e-02
8.898001521629068933e-02 1.275983778052783291e-01 1.546249356734305802e-01 1.659796366483842767e-01 1.742283264357397665e-01 1.648276723528064314e-01 1.563351203198795614e-01
4.458755729450259442e-01 3.247025811181675214e-01 1.995833694445011408e-01 1.728811790150491245e-01 1.446155719047860500e-01 1.317807382307508435e-01 1.193364237670040545e-01
5.370859022594557386e-01 3.228381178209069891e-01 1.215031056507531182e-01 1.079429051260942518e-01 9.530734972531787474e-02 8.727057656758183124e-02 7.949871587070872492e-02
4.498410269417347784e-01 3.631130397127894649e-01 2.826421011224800051e-01 2.787507877684448632e-01 2.751414822925639658e-01 2.743675330300212045e-01 2.736447528224777992e-01
3.523965195820031870e-01 2.018116012378844137e-01 7.151549829867458186e-02 5.974129891035857148e-02 4.986802363020847312e-02 4.736015765913489245e-02 4.491436745748218773e-02
1.579719600607682739e-01 1.477751319836439481e-01 1.375058306873280789e-01 1.413617755809866150e-01 1.449348150459149054e-01 1.445110697600701932e-01 1.440939445868415769e-01
2.680166726037752079e-01 2.341679497286199563e-01 2.007141366680260663e-01 1.740351900980143529e-01 1.517649185839264614e-01 1.260623885212384665e-01 1.064203228754260211e-01
4.400376399480852019e-01 2.843249319684657550e-01 1.390606822864210168e-01 1.125142019185025738e-01 8.797665392061618239e-02 8.267960138753821520e-02 7.746925848888820687e-02
4.425628095362312275e-01 2.681833071119412715e-01 1.286007719296684837e-01 1.128557468938722746e-01 9.931147207826955536e-02 8.248361344674319529e-02 6.648991192943637385e-02
8.361185169410640938e-01 4.679635032458488997e-01 2.480703451415214866e-01 2.031343025975713701e-01 1.558942684432192693e-01 1.448465945880928751e-01 1.337555218820874470e-01
3.845870095475094619e-01 2.558038429476964248e-01 1.385881197168694901e-01 1.312664987785954196e-01 1.245320786668301233e-01 1.152990338385520008e-01 1.063697972210684295e-01
4.392383411356767242e-01 3.700382249689813108e-01 3.051852463745563515e-01 3.021853381519578052e-01 2.997557082914854565e-01 2.844967166286272997e-01 2.698931233322050538e-01
5.817983560352080197e-02 6.944022497939313088e-02 7.697029739383516589e-02 6.647861448143159435e-02 5.548999275713825674e-02 5.078315497276879309e-02 4.637686151837663862e-02
3.033678454229176147e-01 1.700736596986047178e-01 9.477595907887155502e-02 8.195202436024974502e-02 6.941305667080702180e-02 6.157348042842496899e-02 5.429452857514845826e-02
5.975994766728232044e-02 4.110455200979824808e-02 2.193518283544841629e-02 2.263193306610518374e-02 2.325079128485904936e-02 2.350607918062543739e-02 2.374433164706486049e-02
2.850002788132499076e-01 1.813786920368540834e-01 1.048218268309256129e-01 8.867306182246519064e-02 7.310099824701118965e-02 6.495781974830687477e-02 5.714680535873284395e-02
1.837516747236150882e-01 1.436652352946587996e-01 1.053260057564832791e-01 9.123053743653476710e-02 7.837081915945434685e-02 6.946829862087088026e-02 6.119917601598625495e-02
6.881507645231949022e-01 5.414550257421308910e-01 3.840888972242778032e-01 3.731544519688660966e-01 3.648240826330400588e-01 3.285386373861088338e-01 2.963561376685692750e-01
