4.019388036245012952e-01 3.452204461474427388e-01 2.929046545409711988e-01 2.186550017893298670e-01 1.761128551798870900e-01 1.586599936061263705e-01 1.381865171013407778e-01
2.924368450162985744e-01 2.229464901261929144e-01 1.828028694602406856e-01 1.172257546347337115e-01 1.341375204736477422e-01 9.599218634718403864e-02 1.119545404770774522e-01
5.620200027992499070e-01 1.243997814232635779e-01 7.626156285981786076e-02 6.380248990778428220e-02 5.728732861975675134e-02 5.678938822743530984e-02 5.729438163725997929e-02
1.336129415486553285e-01 1.202949832935480551e-01 1.231094617243387312e-01 1.072162659385272193e-01 1.002043512411180670e-01 1.048714017166708368e-01 9.899830758125083285e-02
4.089302299014392905e-01 1.781194956239808558e-01 1.567554422914159140e-01 1.513770085945906896e-01 1.470266539841023623e-01 1.020185347133504145e-01 9.554711066768929728e-02
2.793444972369861223e-01 2.596335959922217995e-01 2.535438021452374180e-01 2.441920760789492717e-01 2.444243345034322612e-01 2.412584958021600223e-01 2.264162896383981882e-01
4.185319720921520936e-01 3.728524370596830728e-02 3.418225246789297067e-02 3.190513478694229077e-02 3.157129063788684936e-02 3.129646428517497692e-02 3.099930676401852978e-02
2.419736573462089591e-01 1.480963004662574634e-01 1.297819688101063129e-01 1.156677156464755857e-01 1.057485332574550629e-01 9.521619935445901906e-02 7.735276455115827621e-02
4.186503258449659204e-01 3.097235180139622512e-01 2.772480935006166880e-01 2.674164392598225581e-01 2.463043406222410192e-01 2.451363435336816610e-01 2.417824774275734445e-01
4.053124465807391719e-01 1.561416974134102187e-01 1.483030851661426008e-01 1.371362138966053523e-01 1.347119309050811842e-01 1.310265161348366236e-01 1.219765599077195367e-01
5.343948039010635448e-02 4.497354397754969174e-02 4.504231521040846092e-02 4.265455357986883828e-02 3.993649817273940000e-02 3.063798272366183295e-02 2.899848579357448830e-02
2.301512196546607325e-01 1.052872459006352207e-01 9.569986625352594478e-02 8.379587942941929546e-02 7.916125257268613602e-02 7.604808800943431424e-02 6.977685598138871903e-02
6.509826235453592957e-01 2.198633182513624329e-01 2.199360134852056670e-01 2.192354899280168357e-01 1.694854536087284091e-01 1.920362856751781921e-01 1.978218825694250393e-01
3.939272031552986664e-01 2.054490739777159736e-01 1.044554743656622708e-01 7.527694867487183528e-02 6.739881699007284344e-02 6.453608351369045926e-02 5.969366136412759816e-02
3.974276825882330222e-01 6.719122394712598312e-02 6.727026875316374777e-02 6.371111023708535270e-02 5.465612626220114900e-02 5.416287958693970922e-02 5.366843869101705494e-02
8.290808984409553384e-01 5.474222160242965263e-01 2.139573815762113584e-01 1.390561054268155128e-01 1.191034218811640316e-01 1.074901267822582357e-01 9.083110237328159697e-02
3.896609795306547608e-01 1.947505012394331048e-01 1.856360691421389819e-01 1.788523995947869649e-01 1.701638157035865462e-01 1.852326290251729290e-01 1.711152526471179103e-01
7.046660594831978541e-02 1.737756904909703790e-02 4.175299684929426915e-03 4.413963680786618833e-03 8.155488250484253798e-03 7.043213603088366130e-03 7.162737907903411749e-02
2.324414879988198623e-01 1.664079960483639264e-01 1.583238010267904450e-01 1.341925929434176212e-01 1.159899756237077195e-01 9.656222068529170255e-02 7.774914552371484100e-02
2.069079757468614555e-01 1.890308786741780878e-01 1.699785442268817726e-01 1.316014078658738762e-01 1.419283439173264771e-01 1.324206978385065736e-01 1.093088169951730027e-01
4.202510122654613545e-01 1.228827553202853362e-01 8.116372505543875682e-02 7.684315726272784863e-02 7.317081754810692007e-02 6.440102428118588129e-02 5.969871022834846719e-02
3.115845949450113395e-01 1.050918211041826367e-01 7.168841557853471158e-02 6.809413430638383558e-02 6.187072447119124075e-02 5.405423507881042949e-02 4.700517691523763836e-02
4.637620608221086349e-01 1.589054857928583198e-01 9.610483848951301145e-02 7.784038595653698656e-02 6.005236288966253611e-02 5.033637298278677286e-02 4.052890398739706496e-02
7.102253641711683274e-01 4.483638506953517289e-01 2.314012119700410153e-01 2.092346471053044554e-01 1.659920363268912735e-01 1.406429077383543613e-01 1.051647973242236384e-01
2.837798638891624314e-01 2.026798835666908730e-03 1.939793967706076932e-03 1.872778007382321390e-03 2.367020223552786153e-03 2.957454406276146391e-03 4.466679581403325099e-03
3.141921126808179254e-01 7.214191822367559126e-02 6.610792686876382218e-02 6.181790405223321766e-02 5.345351225609540347e-02 5.030223114205364249e-02 4.857432520021033595e-02
1.907621644311608133e-01 1.419100511788949082e-01 1.497470510395208232e-01 1.429013769510470155e-01 1.311538409287379414e-01 1.358740824215435294e-01 1.252014782632238366e-01
6.922731551261251948e-02 3.182350013742414607e-02 2.458222090995686518e-02 3.170638508894411262e-02 3.363861855431173747e-02 3.366784066194235259e-02 2.953533688618666803e-02
2.454191744332458458e-01 2.094289601251592137e-01 2.135799630132326765e-01 1.936792255452827460e-01 1.843184834637457692e-01 1.782676928555225193e-01 1.612997095304500583e-01
3.165710037616675243e-01 4.040768672048100640e-02 3.554348887215692115e-02 3.042427974333345581e-02 2.304762515386805238e-02 2.121500894028185633e-02 1.800176064208975843e-02
1.685668423128232896e-01 1.387610657968194328e-01 1.211155367437991154e-01 1.115329813324802549e-01 1.093405766414787955e-01 1.015181172010548444e-01 9.432588712224992955e-02
4.787494102902963289e-01 2.445799287019182200e-01 1.500975426273181978e-01 1.267821583484379788e-01 1.062422291053162632e-01 9.529412218624112862e-02 8.628928079500637616e-02
5.094914770713733221e-01 1.130300691740424301e-01 8.194058332629693131e-02 4.778181927654086975e-02 3.710028566970356018e-02 3.631802046707805626e-02 3.543370460499113694e-02
4.731529855741792856e-01 3.021804750577020138e-01 2.538781694317222559e-01 2.397483702088284707e-01 2.232258556389746518e-01 2.268134390920987786e-01 2.137253048580155246e-01
2.714219887024174604e-01 6.581557463605855474e-02 6.243648755524332239e-02 5.555566183116320000e-02 4.552276184858078389e-02 3.937150740941613991e-02 3.563933490457392439e-02
7.027924008927168009e-02 5.388387072350753204e-02 6.043600762274602134e-02 5.824802459544778377e-02 5.650157805560333119e-02 5.540062277899258231e-02 5.506650693291786219e-02
3.748197661916437551e-01 2.992623831857425531e-01 2.831182561078044446e-01 2.542289643864523718e-01 2.514932317781907178e-01 2.475818194694129060e-01 2.401833785688900491e-01
3.665518831439363856e-01 5.561892240055292536e-02 3.975987443249307668e-02 3.681534690030726503e-02 3.023381661644703247e-02 2.870793234468730151e-02 2.679795441849821408e-02
1.753972597380491216e-01 5.340673649577649257e-02 5.090753983115484105e-02 4.817141383985007463e-02 3.594906474889432435e-02 3.210548480246853270e-02 3.187479136834287657e-02
3.701133004424604356e-01 2.560700627873074287e-01 1.160729830951004321e-01 1.051873109339640372e-01 9.495305282644218858e-02 1.037995069994777780e-01 1.233260060865778579e-01
2.581058711554021778e-01 1.359253229460916368e-01 1.207162066655135535e-01 1.170191954355487424e-01 1.123076999776584095e-01 1.087821898522673553e-01 9.927858685546996076e-02
6.236980020409016445e-01 5.577849359510770322e-01 5.191369441933021411e-01 4.857831620611395840e-01 4.610977159049938212e-01 4.275176123597770883e-01 4.568383249293912485e-01
1.044575555182712364e-03 1.119294182013382563e-04 1.052741415485142516e-04 1.053275822192618460e-04 1.053961752225297420e-04 1.099210558189045727e-04 1.083751151987915917e-04
2.419736573462089591e-01 1.480963004662574634e-01 1.297819688101063129e-01 1.156677156464755857e-01 1.057485332574550629e-01 9.521619935445901906e-02 7.735276455115827621e-02
4.204237990696504251e-02 6.952443876860371630e-03 9.157045813492812117e-03 8.944536907600544526e-03 8.648987806231925313e-03 1.007322986302638772e-02 8.656768121756554940e-03
8.899243332989877908e-01 6.235578930630473193e-01 6.220918817628184883e-01 6.171265730712599540e-01 6.148220777380751789e-01 6.107973562902813125e-01 6.091766244420915299e-01
4.916569565784021933e-01 9.109307972595255543e-02 8.742313560728348643e-02 8.017445074425075258e-02 7.217489162810056258e-02 6.850442569514243740e-02 6.509384804995042850e-02
6.630452187940224507e-01 9.975995084340347208e-02 6.538122623232202335e-02 6.009900353267401407e-02 5.512412531405071203e-02 5.264240539731962487e-02 5.959752857095856199e-02
