2.255870400052926716e-01 2.065699643386452455e-01 2.057316693942747576e-01 2.022601491381425809e-01 1.926488037013420751e-01 1.872722277652575928e-01 1.704666043554413923e-01
9.944415667785430069e-01 1.113627794922086078e+00 1.467489230558145286e+00 1.654842459441778324e+00 1.422861075046179646e+00 1.319774048807801137e+00 1.104625063587261424e+00
0.000000000000000000e+00 0.000000000000000000e+00 0.000000000000000000e+00 0.000000000000000000e+00 0.000000000000000000e+00 0.000000000000000000e+00 0.000000000000000000e+00
2.909494649793367693e-01 2.680344040149887364e-01 2.756512757587298301e-01 2.499800426142898269e-01 2.384159286856630811e-01 2.316038916987354646e-01 2.303101249816476570e-01
5.623433209790164033e-01 3.957123689432553992e-01 3.205407324458224294e-01 3.154820964075663592e-01 2.702182931720211179e-01 1.340286818541167602e-01 1.308195492505584701e-01
2.834185299323169760e-01 2.647376268475133410e-01 2.580672506384797393e-01 2.413913902647377707e-01 2.435450190533556547e-01 2.359784871835393094e-01 2.216597339268426559e-01
0.000000000000000000e+00 0.000000000000000000e+00 0.000000000000000000e+00 0.000000000000000000e+00 0.000000000000000000e+00 0.000000000000000000e+00 0.000000000000000000e+00
0.000000000000000000e+00 0.000000000000000000e+00 0.000000000000000000e+00 0.000000000000000000e+00 0.000000000000000000e+00 0.000000000000000000e+00 0.000000000000000000e+00
3.825020947469803811e-01 3.343785654027355281e-01 3.293901392308237752e-01 3.221055955979627572e-01 2.421434442550496058e-01 2.372966025906986520e-01 2.317992924270214916e-01
0.000000000000000000e+00 0.000000000000000000e+00 0.000000000000000000e+00 0.000000000000000000e+00 0.000000000000000000e+00 0.000000000000000000e+00 0.000000000000000000e+00
0.000000000000000000e+00 0.000000000000000000e+00 0.000000000000000000e+00 0.000000000000000000e+00 0.000000000000000000e+00 0.000000000000000000e+00 0.000000000000000000e+00
0.000000000000000000e+00 0.000000000000000000e+00 0.000000000000000000e+00 0.000000000000000000e+00 0.000000000000000000e+00 0.000000000000000000e+00 0.000000000000000000e+00
2.518533269989802273e-02 2.600440016222133055e-02 2.547273781441957916e-02 2.405886406500989255e-02 1.137141324135889330e-02 1.392359435808390548e-02 1.086313423473100892e-02
0.000000000000000000e+00 0.000000000000000000e+00 0.000000000000000000e+00 0.000000000000000000e+00 0.000000000000000000e+00 0.000000000000000000e+00 0.000000000000000000e+00
0.000000000000000000e+00 0.000000000000000000e+00 0.000000000000000000e+00 0.000000000000000000e+00 0.000000000000000000e+00 0.000000000000000000e+00 0.000000000000000000e+00
7.232341670844727455e-01 6.233425235857209534e-01 3.591660636413102625e-01 3.326892032545890610e-01 2.459077559722156470e-01 1.674408534794035452e-01 1.471399716057234797e-01
3.891498656204274709e-01 3.144217532688771133e-01 3.177527082526834246e-01 3.873813958402344548e-01 3.798139303593653371e-01 3.757435597549962369e-01 3.712211456821791766e-01
0.000000000000000000e+00 0.000000000000000000e+00 0.000000000000000000e+00 0.000000000000000000e+00 0.000000000000000000e+00 0.000000000000000000e+00 0.000000000000000000e+00
0.000000000000000000e+00 0.000000000000000000e+00 0.000000000000000000e+00 0.000000000000000000e+00 0.000000000000000000e+00 0.000000000000000000e+00 0.000000000000000000e+00
0.000000000000000000e+00 0.000000000000000000e+00 0.000000000000000000e+00 0.000000000000000000e+00 0.000000000000000000e+00 0.000000000000000000e+00 0.000000000000000000e+00
0.000000000000000000e+00 0.000000000000000000e+00 0.000000000000000000e+00 0.000000000000000000e+00 0.000000000000000000e+00 0.000000000000000000e+00 0.000000000000000000e+00
5.035995445614042110e-01 2.398473318647512398e-01 1.543178758649274007e-01 1.447722467183173711e-01 1.334659729236920001e-01 1.163319607620931645e-01 1.154554685968080530e-01
0.000000000000000000e+00 0.000000000000000000e+00 0.000000000000000000e+00 0.000000000000000000e+00 0.000000000000000000e+00 0.000000000000000000e+00 0.000000000000000000e+00
2.591247614522123044e-01 2.310464197308969569e-01 2.049972916248965216e-01 2.017987967770723812e-01 1.365693919241034449e-01 1.292127818765194114e-01 1.251642983969530887e-01
0.000000000000000000e+00 0.000000000000000000e+00 2.180419946881381049e-02 3.001058979437815077e-02 3.177143220620008007e-02 2.535005529126464069e-02 2.085011600410631091e-02
5.551816635934821997e-01 1.232752823816055388e-01 1.124798808240341785e-01 1.094105331364875339e-01 9.357047926730545362e-02 9.306595777762356747e-02 8.683784513376993641e-02
0.000000000000000000e+00 0.000000000000000000e+00 0.000000000000000000e+00 0.000000000000000000e+00 0.000000000000000000e+00 0.000000000000000000e+00 0.000000000000000000e+00
0.000000000000000000e+00 0.000000000000000000e+00 0.000000000000000000e+00 0.000000000000000000e+00 0.000000000000000000e+00 0.000000000000000000e+00 0.000000000000000000e+00
0.000000000000000000e+00 0.000000000000000000e+00 0.000000000000000000e+00 0.000000000000000000e+00 0.000000000000000000e+00 0.000000000000000000e+00 0.000000000000000000e+00
0.000000000000000000e+00 0.000000000000000000e+00 0.000000000000000000e+00 0.000000000000000000e+00 0.000000000000000000e+00 0.000000000000000000e+00 0.000000000000000000e+00
5.064297265589344788e-01 5.064859709173438196e-01 2.768011164476866237e-01 1.999489462178840604e-01 1.928330515572547199e-01 1.478536566394832441e-01 1.369792057069718072e-01
5.415186150238412433e-01 5.179533267637530525e-01 5.413793689023250755e-01 4.898101496335510729e-01 3.599572318640545943e-01 3.480639310100199779e-01 3.386465548729552522e-01
0.000000000000000000e+00 0.000000000000000000e+00 0.000000000000000000e+00 0.000000000000000000e+00 0.000000000000000000e+00 0.000000000000000000e+00 0.000000000000000000e+00
3.911861176105854015e-02 5.043473485660789069e-02 3.083169165966255509e-02 5.651310190486122202e-03 2.383420843506280432e-02 2.684245260527559976e-02 2.641571518642389649e-02
0.000000000000000000e+00 0.000000000000000000e+00 0.000000000000000000e+00 0.000000000000000000e+00 0.000000000000000000e+00 0.000000000000000000e+00 0.000000000000000000e+00
0.000000000000000000e+00 0.000000000000000000e+00 0.000000000000000000e+00 0.000000000000000000e+00 0.000000000000000000e+00 0.000000000000000000e+00 0.000000000000000000e+00
3.237621951132075293e-01 2.687897210633885536e-01 2.496185292869800287e-01 2.526478791337245511e-01 2.383133394111540959e-01 2.329863239875639702e-01 2.284284369473110754e-01
0.000000000000000000e+00 0.000000000000000000e+00 0.000000000000000000e+00 0.000000000000000000e+00 0.000000000000000000e+00 0.000000000000000000e+00 0.000000000000000000e+00
0.000000000000000000e+00 0.000000000000000000e+00 0.000000000000000000e+00 0.000000000000000000e+00 0.000000000000000000e+00 0.000000000000000000e+00 0.000000000000000000e+00
0.000000000000000000e+00 0.000000000000000000e+00 0.000000000000000000e+00 0.000000000000000000e+00 0.000000000000000000e+00 0.000000000000000000e+00 0.000000000000000000e+00
1.174490774400839266e-01 8.926681981566736424e-02 7.612070524593690657e-02 7.071053299509878765e-02 7.189244298241252717e-02 6.820722348422224302e-02 7.048677308418564713e-02
1.132537813862452558e-01 1.306295450122212931e-01 1.414987714051591516e-01 1.314368059218108675e-01 9.807363599770964335e-02 7.801930728268641202e-02 7.034513018255390826e-02
0.000000000000000000e+00 0.000000000000000000e+00 0.000000000000000000e+00 0.000000000000000000e+00 0.000000000000000000e+00 0.000000000000000000e+00 0.000000000000000000e+00
4.519282896940237659e-01 4.937261402555943035e-01 4.329397065088251284e-01 4.700108452993088104e-01 4.042683582400052877e-01 4.036981569450286966e-01 3.910314352146407324e-01
0.000000000000000000e+00 0.000000000000000000e+00 0.000000000000000000e+00 0.000000000000000000e+00 0.000000000000000000e+00 0.000000000000000000e+00 0.000000000000000000e+00
2.505144464425086981e-01 4.714191822331366133e-01 2.432542583260944857e-01 2.389059844391870080e-01 1.908876053395251182e-01 2.247907863995821931e-01 2.234710140096599074e-01
4.119529476225179676e-02 3.665551644476755522e-02 3.799848828010925911e-02 3.832393081857956435e-02 3.675814002546817783e-02 3.416450430645971009e-02 2.401827025603379268e-02
1.079005539592873125e-01 1.073429355473572155e-01 1.072589064905900280e-01 1.071191500316458073e-01 6.348428022252103342e-02 6.349308231136770175e-02 1.976225079824469807e-02
