3.857871052206925278e+00 3.837734979972216021e+00 3.816503941477579431e+00 3.928662157996888560e+00 4.045160013255805431e+00 3.998359843221249932e+00 3.952457272162761104e+00
1.666349002633024767e+00 9.364172504572981781e-01 5.011007872955558495e-01 6.688919791710719043e-01 8.148541319167663666e-01 8.004110417177439096e-01 7.863378706401870089e-01
2.718349176990093152e+00 2.410253919553200674e+00 2.132020413201568321e+00 1.997183505112354096e+00 1.880758493100897377e+00 1.787817796340027243e+00 1.701061320885906669e+00
1.101104866122163806e+01 1.354681435454416061e+01 1.606961009501176463e+01 1.719815548885215861e+01 1.824801919478082723e+01 1.820772569506537764e+01 1.816844792028403077e+01
4.624521811916240566e+00 3.963965681792960272e+00 3.398166888807682362e+00 3.041317820195839072e+00 2.737962558089865883e+00 2.504917839976656513e+00 2.292808682960691069e+00
2.119520084731858212e-01 3.346230126246399483e-01 3.826040124606971959e-01 3.961329067651142011e-01 4.072840814362044815e-01 3.387288380284525502e-01 2.737107534633231309e-01
9.386737645722756929e-01 8.807372666063197908e-01 8.301939948579436512e-01 7.720830612278378746e-01 7.195846629579031317e-01 6.976655256950109463e-01 6.754016948513842378e-01
0.000000000000000000e+00 0.000000000000000000e+00 0.000000000000000000e+00 0.000000000000000000e+00 0.000000000000000000e+00 0.000000000000000000e+00 0.000000000000000000e+00
5.069867891270785520e+00 4.711705670633227427e+00 4.382304915727208261e+00 4.102009706683325874e+00 3.859352608649769589e+00 3.768416195759938248e+00 3.681313946643558488e+00
2.323406672238240933e+00 2.185946266298021357e+00 2.032515037263976865e+00 1.708184156336967296e+00 1.452948348821863966e+00 1.335558160980226283e+00 1.232915004667696435e+00
2.284661693810839278e+00 1.095413062816797733e+00 6.669376050935067468e-01 6.686679288412863409e-01 6.701494730632192587e-01 6.364675935088109915e-01 6.062354645476517589e-01
1.036754445935723190e+00 6.511261404752376469e-01 3.600759710449942252e-01 3.157901080038194030e-01 2.715826095611943436e-01 2.630547699006643425e-01 2.543849706189151849e-01
2.156655306523496130e+00 1.614154450358207926e+00 1.192861627643364120e+00 1.138789120922614417e+00 1.081191155055917452e+00 1.067375400757329285e+00 1.053652371270026977e+00
4.765662709204648628e+00 4.238642671529024852e+00 3.779778932604271890e+00 3.489580105004373323e+00 3.233531484191198402e+00 3.158332721775095386e+00 3.085642909184260763e+00
1.262495896476448554e+00 1.003038318120710093e+00 7.412021479232292487e-01 6.350456028194334523e-01 5.282529514899225731e-01 5.189409233394413068e-01 5.094871260414968184e-01
2.887553256820168723e+00 2.599564978180924246e+00 2.324117204195402131e+00 2.304261144856016852e+00 2.284016071969085182e+00 2.240166104833086980e+00 2.197598398452636381e+00
1.108330423932583964e+00 7.685945849894859627e-01 5.334014093664836142e-01 4.906082887654428792e-01 4.511339138785929737e-01 4.332310522649913120e-01 4.151758563000719215e-01
1.802403884466210471e+01 1.723236045962165264e+01 1.650930141959723940e+01 1.501896947314381769e+01 1.379346899310544927e+01 1.336835017747279508e+01 1.296844633738821884e+01
3.173432153553585877e+00 2.913308211335009279e+00 2.685452576857635609e+00 2.525289647145539274e+00 2.377946200589829751e+00 2.383603500271843423e+00 2.389252665016204258e+00
8.208619966576781168e-01 7.641049933973754760e-01 7.178989337847349050e-01 7.212580710952996021e-01 7.238397151969166998e-01 7.571390309754024717e-01 7.870178330282434631e-01
3.712191649833364249e+00 3.415975901833892880e+00 3.127022284135781316e+00 3.028326835324059552e+00 2.928329821269623157e+00 2.884067716794294967e+00 2.839936068560139582e+00
2.772571522051312520e+00 2.342038124394274057e+00 1.956479556489048255e+00 1.829179044302529089e+00 1.712678591519344762e+00 1.654501050553166541e+00 1.597266187288933548e+00
1.256028582762164447e+00 8.320531094919264570e-01 5.385101478574847444e-01 4.969932770432127223e-01 4.559952155218476300e-01 4.380767098492177603e-01 4.190844108410464175e-01
5.306579599618775234e+00 5.100843997563359267e+00 4.879220912960999357e+00 4.585944809491491192e+00 4.323656174582399814e+00 4.295971479985378316e+00 4.268635691555913603e+00
2.324472478424044919e+00 1.293581719947367592e+00 7.567188323753686330e-01 7.320844683913843021e-01 7.112600315985804222e-01 6.815060988447351198e-01 6.541335986894660781e-01
1.206977036815874094e+00 8.802462720866575108e-01 5.700147823804772029e-01 5.375376339592875530e-01 5.062377327846303565e-01 4.651781913283130065e-01 4.275453756997299459e-01
1.761042000782857286e+01 1.430994985133004427e+01 1.189075511131575524e+01 1.286774966208667159e+01 1.369140455280009050e+01 1.283676593800037935e+01 1.208228479096530172e+01
8.941103811444642835e-01 7.857653932709591782e-01 6.958781020524545946e-01 6.155708583387795585e-01 5.515257834420693728e-01 5.247899399222990535e-01 5.003193401227016279e-01
5.577756867824907872e+00 5.405122225944408498e+00 5.247398434380136756e+00 4.988451805207975376e+00 4.755551445536420729e+00 4.713966287424673496e+00 4.673103133532742426e+00
2.634415109989375892e-01 2.109543232623323217e-01 1.570143416382829005e-01 1.515438051681259057e-01 1.457917841764378719e-01 1.341673249158044923e-01 1.222562400046251080e-01
1.211213110816381278e+00 1.097554825964246472e+00 1.001961816901558500e+00 1.013167338902295267e+00 1.024701562457908111e+00 1.052675329766443957e+00 1.081456339898511754e+00
5.629305282413763933e+00 5.184851309940092356e+00 4.782058782949333064e+00 4.637523268539168519e+00 4.498423500164149935e+00 4.501974654872034520e+00 4.505526384052626732e+00
5.816250446195950552e+00 5.276911556634342304e+00 4.760943063812741904e+00 4.603054380322995520e+00 4.453637318611345819e+00 4.318578842381723959e+00 4.187982096198654247e+00
1.496617726959014405e+00 1.384524926647764387e+00 1.279085186121643902e+00 1.214703168462628380e+00 1.161656838990908769e+00 1.134086182696479206e+00 1.109883364129694572e+00
2.651644850566163392e+00 2.232997553254270962e+00 1.841374473755561070e+00 1.734365138376303017e+00 1.631862070120848163e+00 1.597788885824860561e+00 1.565128144463429072e+00
5.763313946359096995e+00 5.963339025064703591e+00 6.168560843868042376e+00 6.155380717898108145e+00 6.143260034656813140e+00 6.022705288407743218e+00 5.907893110833574823e+00
1.905090878783903152e+00 1.820688625171089203e+00 1.724363389846337968e+00 1.622062570792837999e+00 1.524440448317983199e+00 1.434680455235789021e+00 1.353162411531798393e+00
5.771225503154909120e+00 5.688790005670927741e+00 5.601392635984219659e+00 5.357294248598697628e+00 5.126847219994151494e+00 4.926084164387400932e+00 4.738676806560413901e+00
1.293260052733761656e+00 9.558065700134418252e-01 6.230460510021001985e-01 6.005561912547915382e-01 5.780720981219873433e-01 5.273594474751829297e-01 4.831193307267633852e-01
4.204649962741626723e+00 2.651964215397891955e+00 1.865203298268449661e+00 1.867943937557793088e+00 1.870850536606673886e+00 1.841613976930905228e+00 1.813018791650662598e+00
7.532420133252072381e-01 6.160644428625486890e-01 5.211238194607811236e-01 4.769169697968416721e-01 4.417123379991300114e-01 4.244764171164028821e-01 4.085876519672041463e-01
1.658934554230508240e+01 1.651655056862048809e+01 1.644748996491436799e+01 1.622610836345118557e+01 1.602459130506576201e+01 1.518189519742559490e+01 1.438496172954611474e+01
3.392526822247515561e+00 2.761149147691684291e+00 2.337221697581323365e+00 2.420415595245335005e+00 2.513201048925289616e+00 2.593742591546539522e+00 2.684965349100827847e+00
6.372129168708536850e-01 1.498925668426750457e-01 6.771387213376263425e-02 6.198548799329952480e-02 5.715298117957804541e-02 5.221222432707389033e-02 4.733569019952824780e-02
6.342258716482049863e+00 6.111359452874545184e+00 5.895818420290884987e+00 5.437342804686662312e+00 5.055990068567278506e+00 4.909152691368880106e+00 4.770999299789806969e+00
4.106093841924849386e+00 3.766506081204688883e+00 3.424889612050247667e+00 2.931812692027250478e+00 2.536302878340076283e+00 2.568789431668307088e+00 2.602378732486847035e+00
2.081542966493724389e+00 1.776260040667554829e+00 1.506605801041558390e+00 1.510460220483108573e+00 1.514083921126350818e+00 1.425556012774295889e+00 1.342207797845525796e+00
2.323351194062882374e+00 1.791212419737114203e+00 1.309940219539529771e+00 1.404132883796324949e+00 1.489698209623508740e+00 1.455669872134517151e+00 1.422404108497512087e+00
