4.124895752275667959e-01 3.520820158082905160e-01 2.881481688800373031e-01 2.674367402716161246e-01 2.462167938313701843e-01 2.231007864084280923e-01 2.008173751933805262e-01
3.209281553382544172e-01 1.620101283198962794e-01 6.677884764259039985e-02 6.232564951224597860e-02 5.841400148511160378e-02 5.216428754023499231e-02 4.607890394764986575e-02
4.463658475696013483e-01 3.397987163028972635e-01 2.389668547608830851e-01 2.342683064800227533e-01 2.304010921154837355e-01 2.100866102038414229e-01 1.913718672066417881e-01
1.733456477711448340e-01 1.509244731636336656e-01 1.290057678212396808e-01 1.218421349325116976e-01 1.150877170309042574e-01 1.172776384773437097e-01 1.193884509766268004e-01
4.468180116620170672e-01 3.199294891041244426e-01 2.141265311575331065e-01 1.851499457866482290e-01 1.600138016515942896e-01 1.293998985267841018e-01 1.014632024629395918e-01
2.418164067517494242e-01 2.493574460837835460e-01 2.523692875674665714e-01 2.480702113672763887e-01 2.445705259437058743e-01 2.171275900787322244e-01 1.903501294580539072e-01
2.731886106780770374e-01 2.483478106452925438e-01 2.264339153745864031e-01 2.083121253000184969e-01 1.921124873378318998e-01 1.741224974097523859e-01 1.558568365383829479e-01
0.000000000000000000e+00 0.000000000000000000e+00 0.000000000000000000e+00 0.000000000000000000e+00 0.000000000000000000e+00 0.000000000000000000e+00 0.000000000000000000e+00
4.060867127745048655e-01 2.912388371929559017e-01 1.858673560893063237e-01 1.498581196461448994e-01 1.183828096912785260e-01 1.152545148637148659e-01 1.122407403687218502e-01
3.708741067976709660e-01 2.614461621130720892e-01 1.282871692028328958e-01 9.511360332082526015e-02 6.733235449692349939e-02 4.874631291535751199e-02 3.398518538144189999e-02
1.624075550057478001e-01 5.419828834091940106e-02 1.634416947508815152e-02 3.769468819720406261e-02 5.629540973369356882e-02 5.876694514688782234e-02 6.108852445092449041e-02
3.403075458184433022e-01 1.827868812942899934e-01 6.206888421362302677e-02 4.641657591220819945e-02 3.075045186861615279e-02 3.046890367448511910e-02 3.018389392656224343e-02
6.907120350595465919e-01 4.379701248649352507e-01 2.432652939768402134e-01 2.064834645515729317e-01 1.681257257917297132e-01 1.583219462141734757e-01 1.482444223797813043e-01
4.834280744908902028e-01 3.435034896584530095e-01 2.211346170103685449e-01 1.795256849028154800e-01 1.418786102804861227e-01 1.273244347390049269e-01 1.132831154562753406e-01
4.946946533588548744e-01 3.703375060227038218e-01 2.417308816923517956e-01 1.906781719124855945e-01 1.385837830290555794e-01 1.307292197493976627e-01 1.224802628044807801e-01
4.708229474869761177e-01 3.508838955089240708e-01 2.359886110495637290e-01 2.219513084607822040e-01 2.078760083142542070e-01 1.999844217738325491e-01 1.919794206754580623e-01
3.354696297508232283e-01 1.961066503348778411e-01 1.030164759761520304e-01 8.846420164216310666e-02 7.432249691497244681e-02 6.644416584014956051e-02 5.846926623987633992e-02
5.564532402477798817e-02 3.301324344336077632e-02 1.160830965156697120e-02 1.053803510846653725e-02 9.680143992821719362e-03 9.737798458445018693e-03 9.791396413500118648e-03
3.574187117076838005e-01 2.838852522343653928e-01 2.202568589273695976e-01 1.946408364051222806e-01 1.709681587401077618e-01 1.632322074778844723e-01 1.555754981785154034e-01
3.118515985112308986e-01 2.930553030761157696e-01 2.772776318077821434e-01 2.705345515475099383e-01 2.655116792152421579e-01 2.644708161553844805e-01 2.635320369602744961e-01
5.243751848332378618e-01 3.763392536359518870e-01 2.327956487150627252e-01 1.935503479120761205e-01 1.552656722410037382e-01 1.376773519174158411e-01 1.204157585656621815e-01
3.311775265728936213e-01 2.137509567854910808e-01 1.092407168058306399e-01 9.582405506400940021e-02 8.389591596493713166e-02 7.542925027961214224e-02 6.681061069024755994e-02
4.652959282451113454e-01 2.638455865977460402e-01 1.313499664344600359e-01 1.114591678693277327e-01 9.028423308047409113e-02 8.015152677077098942e-02 6.929075722533623027e-02
5.614276482432272175e-01 4.104003786562644973e-01 2.457987904765361609e-01 1.913264288665664226e-01 1.434640167383069431e-01 1.300171910832491895e-01 1.169053384291010994e-01
3.397982753542764245e-01 1.313247799578697583e-01 2.366166405667438979e-02 3.390248990403908064e-02 4.233982977720427560e-02 4.405434084128674599e-02 4.568814766743497374e-02
4.153758021133844847e-01 2.574866336743180106e-01 1.068281049977890945e-01 9.318493037243653909e-02 8.036456733419539145e-02 7.002108836880721610e-02 6.066336571805600736e-02
2.064268611534938458e-01 1.302941674805057348e-01 8.033390579387630903e-02 8.964162654002862107e-02 9.800111463011763890e-02 1.032298223771088430e-01 1.081535093794138147e-01
2.632895462786005725e-01 2.449086270693314193e-01 2.300898649287707876e-01 1.942113233157321539e-01 1.645156178601114849e-01 1.512439432914553794e-01 1.394411058108434853e-01
1.578530207665005958e-01 1.386862600063388518e-01 1.211693182370210120e-01 1.097809494279475273e-01 9.959562205208707941e-02 8.918873149557546287e-02 7.911585353653689812e-02
1.135227844698901561e-01 9.625392251405145982e-02 7.867795250960112063e-02 7.559886919119920834e-02 7.227844084718984541e-02 6.929687828406079497e-02 6.614397112127939904e-02
1.293617253124447345e-03 1.364398886022904307e-03 1.423976178803177100e-03 1.765961174867570430e-03 2.114343856103693010e-03 2.591315576074869082e-03 3.092547810672965566e-03
4.469954037526652213e-01 2.955016177835400049e-01 1.668448421779237245e-01 1.413727167577134569e-01 1.170956414025483006e-01 1.057704013968010226e-01 9.450376869096777099e-02
4.447713317928075338e-01 2.916446838971543665e-01 1.420253792299128737e-01 1.280688381512634644e-01 1.149416680253643464e-01 1.053475888057106707e-01 9.605637828103005815e-02
4.401065144402361295e-01 3.736149507160760885e-01 3.132579975655843674e-01 3.120040539212702857e-01 3.109419255322246056e-01 3.085472881650579424e-01 3.063179730961186897e-01
3.725612316143789848e-01 2.420047482477542533e-01 1.195246639054715065e-01 9.334830850599570851e-02 6.866588164833982433e-02 6.308875834974160546e-02 5.761488672817079854e-02
1.355763698722410315e-01 1.233882595789717457e-01 1.109379394795928508e-01 1.050175755078728429e-01 9.960295728769011370e-02 1.029671546027671331e-01 1.061664848032159436e-01
4.586785867133655881e-01 3.892761913939769003e-01 3.077398019072300484e-01 2.780733590262365329e-01 2.497808375027127936e-01 2.293294546525557198e-01 2.110039529948695980e-01
4.401748166316817867e-01 3.081328753716260360e-01 1.707424537459720504e-01 1.456013951819119800e-01 1.214125132724755141e-01 1.038760186054569351e-01 8.785352982813147971e-02
4.673054469463652216e-01 2.861080543272592758e-01 1.051585039892319468e-01 9.126595407516580050e-02 7.767559305576911266e-02 6.630865916014105910e-02 5.682816785514917951e-02
8.235272161820949011e-01 4.489603924820136371e-01 2.564150954818195660e-01 2.280432927456298720e-01 1.990793404098486485e-01 1.822242611480683894e-01 1.649756624507617842e-01
2.543798071596517149e-02 2.909955719432415558e-02 3.164002185453024252e-02 3.864350680733664306e-02 4.422423056344115117e-02 4.255568478312269504e-02 4.102696225196966751e-02
4.412273476589636534e-01 3.684222632644000850e-01 2.974818683762295302e-01 2.804389932608066238e-01 2.650767003418421086e-01 2.527509932256840619e-01 2.412715065075425325e-01
5.853236292742097086e-02 9.472928189914282815e-02 1.196448667628787210e-01 1.020079451365172030e-01 8.338270905417335954e-02 8.602785361693132682e-02 8.910864574907308155e-02
4.671312572717622458e-01 1.144170721631557613e-01 5.469936211154974998e-02 4.980925851788455677e-02 4.563214662519162607e-02 4.193058824583847932e-02 3.852279553895295722e-02
6.224138589530768539e-02 4.073002365789801099e-02 2.006762790354929896e-02 1.825079980415887648e-02 1.677611442808160311e-02 1.677232392969922950e-02 1.676878392145966790e-02
6.221396979995796883e-01 4.372005325225682970e-01 2.477156487029736065e-01 1.861655933883221703e-01 1.360045698512760137e-01 1.290209003529967091e-01 1.222302036711706702e-01
1.867495826865293862e-01 1.427409721634315121e-01 1.036066569006822841e-01 9.320488772829292612e-02 8.339328462697839783e-02 7.234490840260400513e-02 6.226146222680963016e-02
6.653631675696458636e-01 4.381159015446277616e-01 2.363100020382360444e-01 2.359295064031965705e-01 2.355798491317870891e-01 2.280152695181076883e-01 2.207104706314065301e-01
