3.142795504422922104e+00 3.119303122618239499e+00 3.129822277514815898e+00 3.266091291144542996e+00 3.378831568221515091e+00 3.478431260686440485e+00 3.574882385708002985e+00
3.932203983529940050e+00 3.914658766948839741e+00 3.943859796758735214e+00 4.354289863703280083e+00 4.163707683165179141e+00 3.635953154268522169e+00 3.535320985878404709e+00
2.543965065251645008e+00 2.902188640757229710e+00 2.632831556773632009e+00 2.517663037834896755e+00 2.559978249578414911e+00 2.578256966718886378e+00 2.332547802729008524e+00
4.366336659416111488e+00 4.467688982886186544e+00 4.377210442608539864e+00 5.895411812163768417e+00 6.106499122885417741e+00 6.309399481844079283e+00 6.149394736801831129e+00
1.543205571545756882e+00 1.449108044822793095e+00 1.416942256557217172e+00 1.402025241255029586e+00 1.276955614488237467e+00 1.185853172245846521e+00 1.073867226340627701e+00
1.461943045552302589e+00 1.447456118961173877e+00 1.448904511200656664e+00 1.482685414318387629e+00 1.462225537533767605e+00 1.454637512213370565e+00 1.478370663457626577e+00
4.687816479311484597e-01 7.657851091015954736e-02 6.693195777703297988e-02 6.032941017793524291e-02 6.023906099228239913e-02 6.016273257066689917e-02 6.001414060942880657e-02
1.493214515776226214e+00 1.313278719688482754e+00 1.183590627332425926e+00 1.122159541223949120e+00 1.097068042270621158e+00 1.075975644253191366e+00 1.073106911330724111e+00
1.032436100307337012e+00 8.256031480394193656e-01 7.672167941781093958e-01 7.649118922656819031e-01 7.312388810535425110e-01 7.200471084672123157e-01 7.146530019722368010e-01
2.200473342846200442e+00 2.395799980555683106e+00 2.390380561140351912e+00 2.422033023634669213e+00 2.315425549460349508e+00 2.336712207998690172e+00 2.382996643563162653e+00
1.441267932955602227e+01 1.459007397000985762e+01 1.450544862217131303e+01 1.457724757922527026e+01 1.451847483179837717e+01 1.038532563476861625e+01 9.492229035809520710e+00
1.526038284780489418e+00 1.179722053430752648e+00 1.157515352941215214e+00 1.096295296432448607e+00 1.089664334449534477e+00 1.083356263985859380e+00 1.065206893671860167e+00
1.202703121875213554e+00 4.496929354842089666e-01 4.204847664662589302e-01 4.215086793547149213e-01 3.392558777795522951e-01 3.742862329488616524e-01 3.687891787884257089e-01
1.087263160007877927e+00 9.239792863101609077e-01 8.166143645160126585e-01 7.474287623100241973e-01 7.374096131526501896e-01 7.499289291280701875e-01 7.602436195986748135e-01
9.680117835818876637e-01 4.360484992405550542e-01 4.208284816704499498e-01 4.148459328743216434e-01 3.719733754899179901e-01 3.561470507441853450e-01 3.548785649606001624e-01
2.813502256986583294e+00 1.941622806487863118e+00 1.286466481632113856e+00 1.170431240296987641e+00 1.101318186371615493e+00 1.065236120419005061e+00 1.063332989820341190e+00
1.401025200978648355e+00 1.007170609448122311e+00 9.009840167892028129e-01 8.995729463522440517e-01 8.984617293847311226e-01 8.897838271048857939e-01 8.870384533735076182e-01
7.898369751405414085e+00 8.253612064454969754e+00 8.330264015873881434e+00 8.769640830466643777e+00 8.369013476070444213e+00 8.389598938523734617e+00 6.424986249644220493e+00
2.748029449107192157e+00 2.657855857117361609e+00 2.537122771220441830e+00 2.346715147885471975e+00 2.132993837432274109e+00 1.818191195035737673e+00 1.653430510260671893e+00
1.273085674968185810e+00 1.277686991466842725e+00 1.194076512739287388e+00 9.399376038384904541e-01 9.316580895179612520e-01 9.307010769273208473e-01 8.390554309599239646e-01
1.560699519986832318e+00 9.689157887682814385e-01 8.495048973374610402e-01 7.790218466198735037e-01 7.490376339461169986e-01 6.897487869790716042e-01 6.380284424003811461e-01
1.264321072472708751e+00 9.145563530427001098e-01 8.423196610832309750e-01 8.142626177269139953e-01 7.921057039792227528e-01 7.787589402564483176e-01 7.633054379709970361e-01
1.248279758637947712e+00 4.156871816434140054e-01 3.667477802700743750e-01 3.438344198299695398e-01 3.155440766762067084e-01 3.059455689965775993e-01 2.826897372512084394e-01
1.986265820641591073e+00 1.347677624349450376e+00 9.266940367839061610e-01 8.887945609976962702e-01 6.829145968520715648e-01 6.398363608583506057e-01 5.838657501253716742e-01
9.689827340906171926e+00 4.831897680865991695e+00 4.664383177718665507e+00 4.596660798137992998e+00 4.028291176907990767e+00 3.742732222585815727e+00 3.514541732141254649e+00
1.725692063764560080e+00 1.089446358608120891e+00 1.087907142755054180e+00 1.030407154244002754e+00 8.501110361173775942e-01 7.801986750126669312e-01 7.760128372899539606e-01
3.524790763507026803e+00 3.686628324095288178e+00 3.574854656534515840e+00 3.686392009719350771e+00 3.732754311007378867e+00 3.709026380274750512e+00 3.765891764007916365e+00
4.336086963655910509e+00 4.214756029808081728e+00 4.216124377424772973e+00 4.116066460512144864e+00 4.081044938947326450e+00 4.051464132526734652e+00 4.079600776772069892e+00
1.335417022421723443e+00 1.158562390796434638e+00 1.142120574662806920e+00 1.075055658524443292e+00 1.022059537797568307e+00 1.018703186331878285e+00 9.629732195469533629e-01
7.440993900386217996e-01 2.173591965829136663e-01 1.605561373112147083e-01 1.460919372497073154e-01 1.376308660195730837e-01 1.287696325320238089e-01 1.207697757955327744e-01
4.999648678311635841e+00 4.873373541765662509e+00 4.852360981271686136e+00 4.776663327981946594e+00 4.687802456659526662e+00 4.554229852561575420e+00 4.436093959639178408e+00
2.257743527023591934e+00 1.951324276352374376e+00 1.817996718686263113e+00 1.801430589720232733e+00 1.775520251797653826e+00 1.777678460002363847e+00 1.733548441207536595e+00
1.791636793427691554e+00 1.120560807018702087e+00 9.212204193767957738e-01 7.346481735690798542e-01 6.217765644362073241e-01 6.047583802456582003e-01 5.824098766935587035e-01
1.154673817409316738e+00 9.889566793659048116e-01 9.149812883439547573e-01 7.922126868660148702e-01 7.777798214796107779e-01 7.763041831581208863e-01 7.726047192720727486e-01
1.017050827495737497e+00 6.388204902468879176e-01 6.085038701849571074e-01 5.599969003195066630e-01 5.383766380281279629e-01 5.057262814991441147e-01 5.004216363646117882e-01
1.362547409981335989e+01 1.397748176247262997e+01 1.366425972641176045e+01 1.390085730227190020e+01 1.394845131139214267e+01 1.392982936707148411e+01 1.382674955155028762e+01
1.664198540947404714e+00 1.610515148373864669e+00 1.576283538055341271e+00 1.587729698254202626e+00 1.569091900037890008e+00 1.561333379891492568e+00 1.565390531047049283e+00
2.336121399173939128e+00 1.901052509948615965e+00 1.753363404102037393e+00 1.525249333572800348e+00 1.493331939229632033e+00 1.381159415642006616e+00 1.311738747632293034e+00
6.379165084619483395e+00 6.567142622830917986e+00 6.490961969372623486e+00 6.403196769837234292e+00 5.292848483125023762e+00 4.695788911957579970e+00 4.939525388302099529e+00
3.851629869107540127e+00 3.428444874991129154e+00 3.578301307686440058e+00 3.544538971268408556e+00 3.527743669041258912e+00 3.465024565197477813e+00 3.411603423272599578e+00
6.609774262716788806e-01 4.400054485903956425e-01 4.145515809830563891e-01 4.087402458988181331e-01 3.926914139416767813e-01 3.729434091283856390e-01 3.486473251004611473e-01
2.092600754755478132e+00 2.138297833095821332e+00 2.097373144987185523e+00 2.173154451085100192e+00 2.706717696914027638e+00 2.731522150739082999e+00 2.781949742868693232e+00
1.093189493791198341e+00 1.202897347317194221e+00 1.113016257009951326e+00 1.131105886847019182e+00 1.131822893497660187e+00 1.119292125093298340e+00 1.104476367601925579e+00
1.493214515776226214e+00 1.313278719688482754e+00 1.183590627332425926e+00 1.122159541223949120e+00 1.097068042270621158e+00 1.075975644253191366e+00 1.073106911330724111e+00
1.692243173998289407e+01 1.692970847644444632e+01 1.682240837012658830e+01 1.674876711769762139e+01 1.648633049143778351e+01 1.635978616113432693e+01 1.650280309264778822e+01
2.149952352762033225e+00 2.885321148753922760e+00 3.485244043189496210e+00 3.555840944647659985e+00 3.543802848516039994e+00 3.524127888768558314e+00 3.323655540452589374e+00
1.971341329439806334e+00 1.108470469071758835e+00 1.086605060164621550e+00 9.798969184159083134e-01 9.204005039171613278e-01 9.114831646445571423e-01 8.984745118923016527e-01
1.667262061493685943e+00 5.777185883132498478e-01 4.800173012889236146e-01 4.191907470531368030e-01 4.060325032755730534e-01 3.691975321631500440e-01 3.800162411161689957e-01
