9.286261376186454308e-01 8.084733906314300889e-01 6.855245709561590406e-01 6.319522727417823393e-01 5.810088513942597288e-01 5.546463306230509094e-01 5.291374320335385795e-01
1.721414565610435377e+00 1.162594522256312324e+00 8.051933519978538012e-01 9.591244033220056586e-01 1.097865534658498676e+00 1.052085483895390805e+00 1.009676309389912374e+00
2.767661697090971540e+00 2.380862305484336527e+00 2.053970449248609498e+00 1.866567008787395121e+00 1.710153785434666229e+00 1.664929953339253421e+00 1.620730728213455762e+00
1.082343630054077721e+01 1.415181913829254512e+01 1.736180484952549108e+01 1.754554760548990444e+01 1.771827254794024853e+01 1.747785765560168514e+01 1.724682550970764439e+01
2.158127451365023042e+00 1.836209052926668139e+00 1.542158180147260582e+00 1.259020589625176934e+00 1.019826362889559190e+00 9.048515706576986117e-01 7.978389876451449370e-01
1.274376430464811139e-01 2.278484697587635777e-01 2.677169666567182915e-01 2.874331048337611105e-01 3.036261016293705373e-01 3.015108980815549011e-01 2.993988779970135905e-01
9.543125458960165508e-01 9.006505357752541130e-01 8.541570040742368919e-01 8.012292714797563109e-01 7.544913542462844402e-01 7.310801026626460031e-01 7.087835671035757068e-01
0.000000000000000000e+00 0.000000000000000000e+00 0.000000000000000000e+00 0.000000000000000000e+00 0.000000000000000000e+00 0.000000000000000000e+00 0.000000000000000000e+00
1.205381188490030508e+00 1.003700878042348865e+00 8.089524909319159018e-01 7.543710927454877480e-01 7.018936799164942064e-01 6.763381794955425352e-01 6.516130630038803329e-01
2.367236516810039770e+00 1.762000872422043729e+00 1.310333268810814911e+00 1.233871273995796658e+00 1.162308508540304652e+00 1.113001311343359889e+00 1.066110801590935075e+00
2.287922625684632560e+00 1.315017065836413757e+00 8.799270121040327908e-01 8.354394477282207632e-01 7.970288067031274792e-01 7.698537816398921541e-01 7.444317905403349256e-01
1.077097569165625712e+00 6.992298314575133844e-01 3.850851652918159673e-01 3.353220018968350868e-01 2.899590381700121733e-01 2.749509190714535811e-01 2.604969849109551872e-01
1.402366579492853038e+00 1.002284204399344070e+00 5.526371961354900053e-01 5.086027029638933161e-01 4.632926450271715457e-01 4.506909624554468752e-01 4.378714514266187074e-01
4.960928617137877694e+00 4.475427783820332017e+00 4.048013188933498263e+00 3.639695733102596531e+00 3.292893354700283215e+00 3.259812945012919627e+00 3.227172888868090617e+00
1.319268009041829171e+00 1.008806106174361616e+00 6.677019889585321666e-01 5.662924464902583388e-01 4.707676378761430080e-01 4.666366954649044385e-01 4.625857330805273060e-01
1.210672214610664321e+00 1.062239037773307082e+00 9.283321966971281869e-01 8.658602878137451331e-01 8.149794035541678694e-01 8.135809697698848098e-01 8.122877160454803347e-01
1.142136506471968627e+00 7.658566918415565805e-01 5.141827542995978106e-01 4.711299041937309640e-01 4.285900990707048885e-01 4.236225130379263626e-01 4.186665648079400115e-01
1.814099454087481078e+01 1.813528870759300560e+01 1.812963495322549079e+01 1.702748391543750373e+01 1.606691447698197450e+01 1.578487158459775408e+01 1.551614439614364471e+01
3.331855135401383450e+00 3.093445584561252737e+00 2.877162669558517294e+00 2.836761062299788527e+00 2.797338084655250245e+00 2.730606472617069347e+00 2.666334950538536308e+00
8.295708407448835198e-01 7.941793965770455044e-01 7.609116303519495306e-01 7.464100665438017090e-01 7.338043268876569547e-01 7.286294556250237919e-01 7.237087972860266616e-01
1.984197134939619689e+00 1.618052880161634288e+00 1.206548452566091223e+00 1.171849796307596225e+00 1.136146010203549661e+00 1.129309855903084969e+00 1.122355534132894350e+00
2.882644297967523528e+00 2.531088790944516997e+00 2.203040963133973573e+00 2.045391933247159511e+00 1.905227472777375919e+00 1.789180539697847294e+00 1.678309773910410474e+00
1.277019068055788020e+00 7.847910090797675098e-01 4.748601142286789090e-01 4.321124666482094034e-01 3.872294275451426127e-01 3.840209264973002967e-01 3.807585367325281300e-01
3.244144117413547246e+00 2.687658306536059083e+00 2.212023019292527426e+00 1.893744782985958830e+00 1.627916110777313907e+00 1.611821118363015559e+00 1.596102825720639551e+00
1.626304843752341300e+00 1.025934937157576998e+00 5.913914227506900101e-01 5.788021068361512977e-01 5.673123149189908121e-01 5.486819200294383858e-01 5.309747978318125616e-01
1.252718577558220803e+00 9.258275065558433381e-01 6.071047691744267949e-01 5.345232891417274201e-01 4.719077102083144570e-01 4.419214082462986637e-01 4.141780820742618219e-01
1.703500982475754455e+01 1.520377582877337197e+01 1.367246897736181133e+01 1.453891644605868372e+01 1.527455900580377879e+01 1.326126082566122655e+01 1.170203760440203133e+01
1.065642454245810056e+00 8.054688004615014885e-01 6.259779940479961446e-01 6.261500029490895125e-01 6.262756903936818054e-01 6.014964414834416129e-01 5.771387296401310207e-01
5.850919429099735503e+00 5.546060784965757051e+00 5.278222433726583063e+00 5.116253675299440751e+00 4.966018577112471633e+00 4.859913949193146010e+00 4.758340268207793322e+00
2.022024369646238662e-01 1.698279949599968974e-01 1.368756623100667313e-01 1.321529308480570986e-01 1.270667859319994097e-01 1.193724672346443832e-01 1.115488561313268262e-01
8.282964117117884717e-01 8.001607147385262353e-01 7.754694918888828115e-01 7.258219813859855263e-01 6.860095149826187511e-01 6.501608805207985675e-01 6.185508016347991411e-01
5.805468622824301761e+00 5.532706562259192218e+00 5.266672832321543041e+00 5.250772387051238610e+00 5.234906918228295680e+00 5.044825564886652458e+00 4.867209853628307492e+00
2.940737641726390184e+00 2.380563403106858988e+00 1.859355502113583469e+00 1.897733994801045210e+00 1.934932503275905269e+00 1.768548431699389578e+00 1.609010069170551116e+00
1.550048925984351733e+00 1.414966341572213793e+00 1.288106252273583996e+00 1.213817039450308055e+00 1.148970456632966819e+00 1.136181976257282455e+00 1.124031563905062203e+00
2.701466639664017677e+00 2.118377664391304815e+00 1.627982166299100752e+00 1.546257498908492733e+00 1.466186674531926970e+00 1.420907597134047240e+00 1.377345902529037103e+00
5.745575828045770272e+00 5.908434551619269115e+00 6.072903802359617131e+00 6.049213134365053257e+00 6.027479477647132988e+00 6.007286091883161205e+00 5.987353946841286856e+00
1.719314592468242031e+00 1.639022472756487492e+00 1.559896594191641617e+00 1.494835972098655930e+00 1.432822992180479149e+00 1.336792705727045449e+00 1.251285624199317548e+00
5.888669747455790748e+00 5.382532515959927544e+00 4.915984446256139506e+00 4.838984256260462580e+00 4.762806717391108613e+00 4.616809710384849552e+00 4.477167799729357078e+00
1.510633161985232453e+00 1.207106368646215122e+00 9.213437686252260450e-01 7.529542086369319653e-01 6.106240346051542423e-01 5.430499133809700840e-01 4.806626057026590071e-01
4.136140738098299963e+00 2.717187069653406617e+00 1.942635534296461408e+00 1.907280835979198841e+00 1.869865287179629965e+00 1.873303743980801128e+00 1.876829006906744812e+00
1.706095818872028991e+00 1.390623885935243997e+00 1.094297813607896686e+00 1.047132481263519210e+00 1.002266639093708722e+00 9.632451322504501645e-01 9.255515980514839036e-01
1.635726733338547945e+01 1.530397347334270997e+01 1.441549660733370963e+01 1.315650725662479736e+01 1.214979814354181364e+01 1.124932038499738596e+01 1.041847439575158063e+01
3.391358411693515595e+00 2.801304647787181690e+00 2.394167431845823923e+00 2.388024189415963061e+00 2.381779506381708433e+00 2.362741666069136937e+00 2.343709231620211497e+00
9.701336106059056386e-01 8.064652135353697071e-01 6.562345862065657176e-01 6.053557786345125091e-01 5.573942768181517904e-01 5.300292672492954438e-01 5.038860039665923329e-01
6.399818935330801928e+00 6.394476541176330464e+00 6.389158328401020270e+00 6.067911999047144178e+00 5.785696851452089895e+00 5.696645369104349044e+00 5.611535840237942274e+00
4.200296773390638450e+00 4.201354031208060391e+00 4.202866006457949943e+00 4.036875121948729550e+00 3.888849751757109896e+00 3.664437089515895529e+00 3.464179202302982929e+00
2.104080129193591109e+00 1.902389310842774739e+00 1.720639626816163448e+00 1.702120028344375813e+00 1.684693182976874537e+00 1.581880645777361982e+00 1.486189553669179819e+00
2.238689991536267687e+00 1.744803430496766561e+00 1.272629977821610581e+00 1.243922788665966728e+00 1.218359142005119411e+00 1.187988545200949098e+00 1.158608816183224866e+00
