0.000000000000000000e+00 0.000000000000000000e+00 0.000000000000000000e+00 0.000000000000000000e+00 0.000000000000000000e+00 0.000000000000000000e+00 0.000000000000000000e+00
3.544389345123764579e-01 4.331904760963581347e-02 3.113149475476116937e-02 2.126466292609128714e-02 1.984619295870295938e-02 1.139002688752678918e-02 1.041638660426926627e-02
0.000000000000000000e+00 0.000000000000000000e+00 0.000000000000000000e+00 0.000000000000000000e+00 0.000000000000000000e+00 0.000000000000000000e+00 0.000000000000000000e+00
0.000000000000000000e+00 0.000000000000000000e+00 0.000000000000000000e+00 0.000000000000000000e+00 0.000000000000000000e+00 0.000000000000000000e+00 0.000000000000000000e+00
0.000000000000000000e+00 0.000000000000000000e+00 0.000000000000000000e+00 0.000000000000000000e+00 0.000000000000000000e+00 0.000000000000000000e+00 0.000000000000000000e+00
0.000000000000000000e+00 0.000000000000000000e+00 0.000000000000000000e+00 0.000000000000000000e+00 0.000000000000000000e+00 0.000000000000000000e+00 0.000000000000000000e+00
4.244340210655445644e-01 4.176660632359373987e-02 3.241161105112509710e-02 3.210543279054858812e-02 3.180339704318518868e-02 3.153289382233614990e-02 3.126916320842401675e-02
0.000000000000000000e+00 0.000000000000000000e+00 0.000000000000000000e+00 0.000000000000000000e+00 0.000000000000000000e+00 0.000000000000000000e+00 0.000000000000000000e+00
4.312207404488258011e-01 2.250549003529234149e-01 1.951309779408462730e-01 1.888238200889665597e-01 1.735407468979308643e-01 1.688181957793706278e-01 1.522100356425546974e-01
0.000000000000000000e+00 0.000000000000000000e+00 0.000000000000000000e+00 0.000000000000000000e+00 0.000000000000000000e+00 0.000000000000000000e+00 0.000000000000000000e+00
0.000000000000000000e+00 0.000000000000000000e+00 0.000000000000000000e+00 0.000000000000000000e+00 0.000000000000000000e+00 0.000000000000000000e+00 0.000000000000000000e+00
1.558104399948501695e-01 6.958635684753211939e-03 6.340267990917906882e-03 6.358821067198227629e-03 4.852082522851803269e-03 4.921392891153157471e-03 5.017281561632803803e-03
1.984376383804349261e-02 2.160429019541132423e-02 2.114292299509452216e-02 2.050678553148199690e-02 1.990110481867723297e-02 1.844148060417408891e-02 1.712162118023638144e-02
2.982446244378793576e-01 1.775905761389216242e-01 6.039908536935709171e-02 5.549009351003048734e-02 5.037680512846868380e-02 5.290986469974241074e-02 5.158804723930556640e-02
2.869434090944766869e-01 3.229051660621858749e-02 3.130274738557973363e-02 2.830217097856682976e-02 2.511327200955385322e-02 2.447196198542076970e-02 2.410223163489076670e-02
7.324553957621765532e-01 1.303204923117080027e-01 1.247114024368028290e-01 1.130648578531628368e-01 1.034433336440826467e-01 1.013468042350881698e-01 8.964550429557573141e-02
3.912828342273800830e-01 3.503933911090369863e-02 3.269564418714431681e-02 3.191603886793618200e-02 3.139295709787277844e-02 2.954287795543808146e-02 2.532196684187653507e-02
0.000000000000000000e+00 0.000000000000000000e+00 0.000000000000000000e+00 0.000000000000000000e+00 0.000000000000000000e+00 0.000000000000000000e+00 0.000000000000000000e+00
6.047210573322111538e-01 6.397018709531478164e-02 4.784079859127464418e-02 3.421209655791122156e-02 2.701681821112458456e-02 2.233473407310027428e-02 1.795537378509901374e-02
0.000000000000000000e+00 0.000000000000000000e+00 0.000000000000000000e+00 0.000000000000000000e+00 0.000000000000000000e+00 0.000000000000000000e+00 0.000000000000000000e+00
0.000000000000000000e+00 0.000000000000000000e+00 0.000000000000000000e+00 0.000000000000000000e+00 0.000000000000000000e+00 0.000000000000000000e+00 0.000000000000000000e+00
1.981256862047168013e-02 1.839580587044480423e-02 1.734934723386378011e-02 1.736687827326300823e-02 1.804372506844582891e-02 1.817332149036252412e-02 1.638656744495833525e-02
5.208782712373254409e-01 1.259309281892005972e-01 6.859468207159340192e-02 6.202790228297317549e-02 4.863571486743347577e-02 4.487617065834441366e-02 3.386229034806395588e-02
3.175988478424982553e-01 4.384960679679714146e-02 1.572286144143712067e-02 1.567652495665368059e-02 1.587309056891055697e-02 1.408489900450961632e-02 1.362852689673417148e-02
3.720693343452357027e-01 0.000000000000000000e+00 0.000000000000000000e+00 0.000000000000000000e+00 0.000000000000000000e+00 0.000000000000000000e+00 0.000000000000000000e+00
0.000000000000000000e+00 0.000000000000000000e+00 0.000000000000000000e+00 0.000000000000000000e+00 0.000000000000000000e+00 0.000000000000000000e+00 0.000000000000000000e+00
0.000000000000000000e+00 0.000000000000000000e+00 0.000000000000000000e+00 0.000000000000000000e+00 0.000000000000000000e+00 0.000000000000000000e+00 0.000000000000000000e+00
0.000000000000000000e+00 0.000000000000000000e+00 0.000000000000000000e+00 0.000000000000000000e+00 0.000000000000000000e+00 0.000000000000000000e+00 0.000000000000000000e+00
0.000000000000000000e+00 0.000000000000000000e+00 0.000000000000000000e+00 0.000000000000000000e+00 0.000000000000000000e+00 0.000000000000000000e+00 0.000000000000000000e+00
3.429640767022521519e-01 1.140873907762268193e-02 1.478926182709676927e-02 1.329276315821190275e-02 1.300632636871300492e-02 1.110353453392617061e-02 8.969680741982869951e-03
3.059069740917872982e-01 2.875152512713229358e-01 2.112085212798858191e-01 1.362690941894455499e-01 1.407612376354913930e-01 1.032305775501050904e-01 1.128315017847463936e-01
0.000000000000000000e+00 0.000000000000000000e+00 0.000000000000000000e+00 0.000000000000000000e+00 0.000000000000000000e+00 0.000000000000000000e+00 0.000000000000000000e+00
4.186478640912512095e-01 1.150515860366490839e-01 4.077931645419777956e-02 2.345049964829796357e-02 1.763889641380969597e-02 1.454267300707584240e-02 1.413209618836784066e-02
1.843036809640412610e-01 0.000000000000000000e+00 0.000000000000000000e+00 0.000000000000000000e+00 0.000000000000000000e+00 0.000000000000000000e+00 0.000000000000000000e+00
2.048247089218550587e-01 9.404552360493845242e-02 9.490215849854780061e-02 9.019739790951725178e-02 8.536246250639700772e-02 7.938249791641872888e-02 7.393024512551669980e-02
0.000000000000000000e+00 0.000000000000000000e+00 0.000000000000000000e+00 0.000000000000000000e+00 0.000000000000000000e+00 0.000000000000000000e+00 0.000000000000000000e+00
0.000000000000000000e+00 7.468070744645764758e-02 7.137853608975663899e-02 7.017974304788256179e-02 6.872392233183345633e-02 6.736844765460751894e-02 6.637272786568190752e-02
0.000000000000000000e+00 0.000000000000000000e+00 0.000000000000000000e+00 0.000000000000000000e+00 0.000000000000000000e+00 0.000000000000000000e+00 0.000000000000000000e+00
1.046727537323819124e-01 0.000000000000000000e+00 0.000000000000000000e+00 0.000000000000000000e+00 0.000000000000000000e+00 0.000000000000000000e+00 0.000000000000000000e+00
0.000000000000000000e+00 0.000000000000000000e+00 0.000000000000000000e+00 0.000000000000000000e+00 0.000000000000000000e+00 0.000000000000000000e+00 0.000000000000000000e+00
1.018404537792276798e-01 3.005991074335965726e-02 1.532213981431222727e-02 1.305533328958817865e-02 9.815021234539726344e-03 8.674692953885933255e-03 6.930164156855844228e-03
0.000000000000000000e+00 0.000000000000000000e+00 0.000000000000000000e+00 0.000000000000000000e+00 0.000000000000000000e+00 0.000000000000000000e+00 0.000000000000000000e+00
0.000000000000000000e+00 0.000000000000000000e+00 0.000000000000000000e+00 0.000000000000000000e+00 0.000000000000000000e+00 0.000000000000000000e+00 0.000000000000000000e+00
8.372645348536084109e-02 0.000000000000000000e+00 0.000000000000000000e+00 0.000000000000000000e+00 0.000000000000000000e+00 0.000000000000000000e+00 0.000000000000000000e+00
0.000000000000000000e+00 0.000000000000000000e+00 0.000000000000000000e+00 0.000000000000000000e+00 0.000000000000000000e+00 0.000000000000000000e+00 0.000000000000000000e+00
0.000000000000000000e+00 0.000000000000000000e+00 0.000000000000000000e+00 0.000000000000000000e+00 0.000000000000000000e+00 0.000000000000000000e+00 0.000000000000000000e+00
6.985027428622758716e-01 1.872702594918827235e-01 1.722504633379818573e-01 1.695868347860744474e-01 1.570159462013875906e-01 1.501466539571232883e-01 1.464851645979349803e-01
1.026517396137466731e+00 0.000000000000000000e+00 0.000000000000000000e+00 0.000000000000000000e+00 0.000000000000000000e+00 0.000000000000000000e+00 0.000000000000000000e+00
