2.215731703331801639e-01 1.952071448054496228e-01 2.061111886872424026e-01 2.061500472032838371e-01 1.943860440607592110e-01 1.861046094148609553e-01 1.801351468394567501e-01
1.003070593472696004e+00 1.103502012969255874e+00 1.306450865664527505e+00 1.269747557532450832e+00 1.219210634973341145e+00 9.187426090844305060e-01 9.150344447448065521e-01
0.000000000000000000e+00 0.000000000000000000e+00 0.000000000000000000e+00 0.000000000000000000e+00 0.000000000000000000e+00 0.000000000000000000e+00 0.000000000000000000e+00
2.851034323572149143e-01 2.739369675595625386e-01 2.657146993023159487e-01 2.579039740349284848e-01 2.483198523469132835e-01 2.389185433198310338e-01 2.173393546116844377e-01
5.674491615267447386e-01 4.208213415954140668e-01 3.051390948052316032e-01 2.487214146784281210e-01 2.322012445681425896e-01 1.269475392824445381e-01 1.557617830451777929e-01
2.833800026900574753e-01 2.696579768973925706e-01 2.627269712090118947e-01 2.475717482234656985e-01 2.443697094302118566e-01 2.376710777684247489e-01 2.222966024396866302e-01
0.000000000000000000e+00 0.000000000000000000e+00 0.000000000000000000e+00 0.000000000000000000e+00 0.000000000000000000e+00 0.000000000000000000e+00 0.000000000000000000e+00
0.000000000000000000e+00 0.000000000000000000e+00 0.000000000000000000e+00 0.000000000000000000e+00 0.000000000000000000e+00 0.000000000000000000e+00 0.000000000000000000e+00
3.843691328649050387e-01 3.347040401094999451e-01 2.901802550773729394e-01 2.768692779501348289e-01 2.452723675982680929e-01 2.384030158058570992e-01 2.286728308768337659e-01
0.000000000000000000e+00 0.000000000000000000e+00 0.000000000000000000e+00 0.000000000000000000e+00 0.000000000000000000e+00 0.000000000000000000e+00 0.000000000000000000e+00
0.000000000000000000e+00 0.000000000000000000e+00 0.000000000000000000e+00 0.000000000000000000e+00 0.000000000000000000e+00 0.000000000000000000e+00 0.000000000000000000e+00
0.000000000000000000e+00 0.000000000000000000e+00 0.000000000000000000e+00 0.000000000000000000e+00 0.000000000000000000e+00 0.000000000000000000e+00 0.000000000000000000e+00
2.685582792321946147e-02 2.593353042124916033e-02 2.538826808160588033e-02 2.393603855616587700e-02 1.133320607512346145e-02 1.283030033126354719e-02 1.018274060457218834e-02
0.000000000000000000e+00 0.000000000000000000e+00 0.000000000000000000e+00 0.000000000000000000e+00 0.000000000000000000e+00 0.000000000000000000e+00 0.000000000000000000e+00
0.000000000000000000e+00 0.000000000000000000e+00 0.000000000000000000e+00 0.000000000000000000e+00 0.000000000000000000e+00 0.000000000000000000e+00 0.000000000000000000e+00
7.249534987564725252e-01 6.208060081443499412e-01 5.077593274518360511e-01 3.475879175838146873e-01 1.959176540244991216e-01 1.371316211856082046e-01 1.163031983086418031e-01
3.931731837211484559e-01 2.934642872360931909e-01 2.965346458958636466e-01 2.763812074721019307e-01 2.640870752370886865e-01 2.992966656321940921e-01 2.965627289482795637e-01
0.000000000000000000e+00 0.000000000000000000e+00 0.000000000000000000e+00 0.000000000000000000e+00 0.000000000000000000e+00 0.000000000000000000e+00 0.000000000000000000e+00
0.000000000000000000e+00 0.000000000000000000e+00 0.000000000000000000e+00 0.000000000000000000e+00 0.000000000000000000e+00 0.000000000000000000e+00 0.000000000000000000e+00
0.000000000000000000e+00 0.000000000000000000e+00 0.000000000000000000e+00 0.000000000000000000e+00 0.000000000000000000e+00 0.000000000000000000e+00 0.000000000000000000e+00
0.000000000000000000e+00 0.000000000000000000e+00 0.000000000000000000e+00 0.000000000000000000e+00 0.000000000000000000e+00 0.000000000000000000e+00 0.000000000000000000e+00
4.825255256565940676e-01 3.198568916067483503e-01 2.675734193129278848e-01 1.953790377526418709e-01 1.528791659313088747e-01 1.266854774833559294e-01 1.154049200293526117e-01
0.000000000000000000e+00 0.000000000000000000e+00 0.000000000000000000e+00 0.000000000000000000e+00 0.000000000000000000e+00 0.000000000000000000e+00 0.000000000000000000e+00
2.606622836146512134e-01 2.241607794909580564e-01 1.819820852052878302e-01 1.881408689047445459e-01 1.450878188829947679e-01 1.293247770137596897e-01 1.211781566288631096e-01
0.000000000000000000e+00 0.000000000000000000e+00 7.928576827788975934e-03 1.434992368729559077e-02 1.193089834231639279e-02 9.363685942660817524e-03 7.651648617708227927e-03
5.410174544895194337e-01 2.830433801730042886e-01 1.169039360120679022e-01 1.137245730299983743e-01 9.756841782841381427e-02 9.688065077815041781e-02 8.905113720727370064e-02
0.000000000000000000e+00 0.000000000000000000e+00 0.000000000000000000e+00 0.000000000000000000e+00 0.000000000000000000e+00 0.000000000000000000e+00 0.000000000000000000e+00
0.000000000000000000e+00 0.000000000000000000e+00 0.000000000000000000e+00 0.000000000000000000e+00 0.000000000000000000e+00 0.000000000000000000e+00 0.000000000000000000e+00
0.000000000000000000e+00 0.000000000000000000e+00 0.000000000000000000e+00 0.000000000000000000e+00 0.000000000000000000e+00 0.000000000000000000e+00 0.000000000000000000e+00
0.000000000000000000e+00 0.000000000000000000e+00 0.000000000000000000e+00 0.000000000000000000e+00 0.000000000000000000e+00 0.000000000000000000e+00 0.000000000000000000e+00
4.952296566911785214e-01 4.891473808918488375e-01 2.569604784659806906e-01 2.079626582132208523e-01 1.874245953473354376e-01 1.359525798207065206e-01 1.216540906118664112e-01
5.418621136404565553e-01 5.005624752816595358e-01 4.324145612940531458e-01 4.109260597612467425e-01 3.069283779989882555e-01 2.933066870852788499e-01 2.875396089128818278e-01
0.000000000000000000e+00 0.000000000000000000e+00 0.000000000000000000e+00 0.000000000000000000e+00 0.000000000000000000e+00 0.000000000000000000e+00 0.000000000000000000e+00
3.468772253350851931e-02 4.879694696189430109e-02 2.930933246346737256e-02 1.073106700860288441e-02 1.336574172215669425e-02 2.522965188712083043e-02 2.476351742253544638e-02
0.000000000000000000e+00 0.000000000000000000e+00 0.000000000000000000e+00 0.000000000000000000e+00 0.000000000000000000e+00 0.000000000000000000e+00 0.000000000000000000e+00
0.000000000000000000e+00 0.000000000000000000e+00 0.000000000000000000e+00 0.000000000000000000e+00 0.000000000000000000e+00 0.000000000000000000e+00 0.000000000000000000e+00
3.218102940489913077e-01 2.585154874046032281e-01 2.496324469694531367e-01 2.409750442155450534e-01 2.351862717365401367e-01 2.270514468361179983e-01 2.198156085959031281e-01
0.000000000000000000e+00 0.000000000000000000e+00 0.000000000000000000e+00 0.000000000000000000e+00 0.000000000000000000e+00 0.000000000000000000e+00 0.000000000000000000e+00
0.000000000000000000e+00 0.000000000000000000e+00 0.000000000000000000e+00 0.000000000000000000e+00 0.000000000000000000e+00 0.000000000000000000e+00 0.000000000000000000e+00
0.000000000000000000e+00 0.000000000000000000e+00 0.000000000000000000e+00 0.000000000000000000e+00 0.000000000000000000e+00 0.000000000000000000e+00 0.000000000000000000e+00
1.049975083563330219e-01 8.322128061774154706e-02 7.031724807300761271e-02 6.338242090733996192e-02 6.426957766547602979e-02 6.164343132186868301e-02 6.083589574845357784e-02
1.197516125850657670e-01 1.315133652370194250e-01 1.407571015695719963e-01 1.160449462795112158e-01 9.366133282816378747e-02 6.010177743735408556e-02 5.978668559547134498e-02
0.000000000000000000e+00 0.000000000000000000e+00 0.000000000000000000e+00 0.000000000000000000e+00 0.000000000000000000e+00 0.000000000000000000e+00 0.000000000000000000e+00
4.536828693980621274e-01 4.577684743205640561e-01 4.401819993771906581e-01 4.590876707201486107e-01 3.928787680614636568e-01 3.438455637146557442e-01 3.635132490986908160e-01
0.000000000000000000e+00 0.000000000000000000e+00 0.000000000000000000e+00 0.000000000000000000e+00 0.000000000000000000e+00 0.000000000000000000e+00 0.000000000000000000e+00
2.292984572940692800e-01 6.160964601272689301e-01 2.435415374153709622e-01 2.393888529414176791e-01 1.911561525248519910e-01 1.902058111152672704e-01 1.908575976113850992e-01
4.080813680467448856e-02 3.985951663502903392e-02 4.186973945602934927e-02 4.203239092254822118e-02 4.221652288245083401e-02 3.938026953805588704e-02 2.841930503271769201e-02
1.036213018061668961e-01 1.073429355473572155e-01 1.072589064905900280e-01 1.071191500316458073e-01 6.348428022252103342e-02 6.349308231136770175e-02 1.950962627423551143e-02
