0.000000000000000000e+00 0.000000000000000000e+00 0.000000000000000000e+00 0.000000000000000000e+00 0.000000000000000000e+00 0.000000000000000000e+00 0.000000000000000000e+00
3.918369749405738456e-01 3.210119073293644237e-02 3.190355146490343047e-02 2.547827949018117641e-02 1.814840421778591076e-02 1.278394506375204673e-02 1.201929435161857608e-02
0.000000000000000000e+00 0.000000000000000000e+00 0.000000000000000000e+00 0.000000000000000000e+00 0.000000000000000000e+00 0.000000000000000000e+00 0.000000000000000000e+00
2.961642429939323300e-03 1.156652245861383320e-03 1.138150534975618374e-03 1.118250754894376713e-03 5.672464634709237317e-04 5.553134050650319594e-04 3.504917732905923964e-04
0.000000000000000000e+00 0.000000000000000000e+00 0.000000000000000000e+00 0.000000000000000000e+00 0.000000000000000000e+00 0.000000000000000000e+00 0.000000000000000000e+00
0.000000000000000000e+00 0.000000000000000000e+00 0.000000000000000000e+00 0.000000000000000000e+00 0.000000000000000000e+00 0.000000000000000000e+00 0.000000000000000000e+00
0.000000000000000000e+00 0.000000000000000000e+00 0.000000000000000000e+00 0.000000000000000000e+00 0.000000000000000000e+00 0.000000000000000000e+00 0.000000000000000000e+00
0.000000000000000000e+00 0.000000000000000000e+00 0.000000000000000000e+00 0.000000000000000000e+00 0.000000000000000000e+00 0.000000000000000000e+00 0.000000000000000000e+00
0.000000000000000000e+00 0.000000000000000000e+00 0.000000000000000000e+00 0.000000000000000000e+00 0.000000000000000000e+00 0.000000000000000000e+00 0.000000000000000000e+00
0.000000000000000000e+00 0.000000000000000000e+00 0.000000000000000000e+00 0.000000000000000000e+00 0.000000000000000000e+00 0.000000000000000000e+00 0.000000000000000000e+00
7.045117022547563168e-02 4.439851801447937396e-02 4.465101861285861173e-02 4.351204969499744557e-02 2.925537010016272810e-02 2.649400747759296515e-02 2.417784032478101711e-02
1.805838101089896341e-01 8.919116872668856819e-03 6.043598170849828061e-03 6.102758569373939283e-03 6.158636568599008473e-03 6.187140124011767696e-03 6.389569918952204587e-03
0.000000000000000000e+00 0.000000000000000000e+00 0.000000000000000000e+00 0.000000000000000000e+00 0.000000000000000000e+00 0.000000000000000000e+00 0.000000000000000000e+00
4.534367463370929385e-02 4.207586168316472530e-02 3.106363357794801258e-02 3.121098716759894073e-02 3.240889738144385468e-02 3.234995670257870271e-02 2.347277744391397178e-02
0.000000000000000000e+00 0.000000000000000000e+00 0.000000000000000000e+00 0.000000000000000000e+00 0.000000000000000000e+00 0.000000000000000000e+00 0.000000000000000000e+00
0.000000000000000000e+00 0.000000000000000000e+00 0.000000000000000000e+00 0.000000000000000000e+00 0.000000000000000000e+00 0.000000000000000000e+00 0.000000000000000000e+00
0.000000000000000000e+00 0.000000000000000000e+00 0.000000000000000000e+00 0.000000000000000000e+00 0.000000000000000000e+00 0.000000000000000000e+00 0.000000000000000000e+00
7.029719956305757744e-02 2.690823785099782581e-02 3.322704685034806593e-02 4.584699871800299031e-02 4.896813743344113207e-02 7.037105717754159329e-02 9.283481396995828250e-02
0.000000000000000000e+00 0.000000000000000000e+00 0.000000000000000000e+00 0.000000000000000000e+00 0.000000000000000000e+00 0.000000000000000000e+00 0.000000000000000000e+00
0.000000000000000000e+00 0.000000000000000000e+00 0.000000000000000000e+00 0.000000000000000000e+00 0.000000000000000000e+00 0.000000000000000000e+00 0.000000000000000000e+00
9.511712078301605422e-02 1.356853002101713300e-02 1.335446864840737595e-02 1.276697423844241203e-02 1.255716836427102183e-02 1.239765662171637972e-02 1.228579425412352176e-02
2.514748830405791682e-03 2.277003614436565529e-03 2.247361810326494510e-03 1.951259516286280764e-03 1.441178227671506855e-03 1.362284680294376018e-03 1.270874612420495788e-03
0.000000000000000000e+00 0.000000000000000000e+00 0.000000000000000000e+00 0.000000000000000000e+00 0.000000000000000000e+00 0.000000000000000000e+00 0.000000000000000000e+00
1.280471550668738356e-01 1.239383684687725556e-01 1.213330348832626360e-01 1.144973527968716626e-01 1.117574725692276616e-01 8.348714870135293814e-03 1.537526332148587927e-03
3.443643898930790620e-02 1.110335607270776471e-03 8.692847039986167880e-04 6.940594094469561747e-04 1.358830513250708534e-03 3.802360624644739000e-03 6.883552321982476518e-03
1.642819759080297454e-02 0.000000000000000000e+00 0.000000000000000000e+00 0.000000000000000000e+00 0.000000000000000000e+00 0.000000000000000000e+00 0.000000000000000000e+00
1.317794235932288893e-01 4.038984846149188540e-02 2.283114524838081305e-02 2.274866523419050504e-02 2.188610283637510215e-02 2.171483066358805003e-02 2.162286626856788768e-02
6.406678715223494691e-02 3.510023329913446871e-02 3.734351092478344070e-02 4.125472173191910980e-02 5.840021386144809284e-02 1.145774348389556885e-01 1.053624096197380983e-01
0.000000000000000000e+00 0.000000000000000000e+00 0.000000000000000000e+00 0.000000000000000000e+00 0.000000000000000000e+00 0.000000000000000000e+00 0.000000000000000000e+00
0.000000000000000000e+00 0.000000000000000000e+00 0.000000000000000000e+00 0.000000000000000000e+00 0.000000000000000000e+00 0.000000000000000000e+00 0.000000000000000000e+00
0.000000000000000000e+00 0.000000000000000000e+00 0.000000000000000000e+00 0.000000000000000000e+00 0.000000000000000000e+00 0.000000000000000000e+00 0.000000000000000000e+00
0.000000000000000000e+00 0.000000000000000000e+00 0.000000000000000000e+00 0.000000000000000000e+00 0.000000000000000000e+00 0.000000000000000000e+00 0.000000000000000000e+00
0.000000000000000000e+00 0.000000000000000000e+00 0.000000000000000000e+00 0.000000000000000000e+00 0.000000000000000000e+00 0.000000000000000000e+00 0.000000000000000000e+00
1.813998015940071762e-01 0.000000000000000000e+00 0.000000000000000000e+00 0.000000000000000000e+00 0.000000000000000000e+00 1.870577145435660948e-01 2.390268849035059873e-01
0.000000000000000000e+00 0.000000000000000000e+00 0.000000000000000000e+00 0.000000000000000000e+00 0.000000000000000000e+00 0.000000000000000000e+00 0.000000000000000000e+00
6.221848334922395335e-02 4.647598405098377072e-02 5.019589811098053994e-02 4.774010525916036474e-02 4.696396784226559290e-02 4.668048765266388095e-02 4.368029587693283977e-02
1.046065843540744528e-01 0.000000000000000000e+00 0.000000000000000000e+00 0.000000000000000000e+00 0.000000000000000000e+00 0.000000000000000000e+00 0.000000000000000000e+00
6.729957728280121232e-02 3.469339189066716206e-02 3.034255354402943736e-02 2.453153462767107204e-02 2.276697025523716916e-02 2.176026822481837500e-02 1.636885656680859419e-02
1.071507054841661227e-01 0.000000000000000000e+00 0.000000000000000000e+00 0.000000000000000000e+00 0.000000000000000000e+00 2.407716547373811231e-02 4.586438362442836481e-02
0.000000000000000000e+00 0.000000000000000000e+00 0.000000000000000000e+00 0.000000000000000000e+00 0.000000000000000000e+00 0.000000000000000000e+00 0.000000000000000000e+00
4.661270162922147471e-03 2.698645733926011061e-03 2.169403536173643114e-03 2.036788267266379047e-03 2.043931084374031766e-03 2.065271568891804358e-03 1.895891978092076107e-03
0.000000000000000000e+00 0.000000000000000000e+00 0.000000000000000000e+00 0.000000000000000000e+00 0.000000000000000000e+00 0.000000000000000000e+00 0.000000000000000000e+00
1.045135099617777123e-03 1.117315715456399357e-04 1.050571907882174395e-04 1.054069532748710009e-04 9.952576824439505413e-05 1.003762601866711068e-04 1.009598213037253398e-04
1.443283054222945783e-01 0.000000000000000000e+00 0.000000000000000000e+00 0.000000000000000000e+00 0.000000000000000000e+00 0.000000000000000000e+00 0.000000000000000000e+00
5.636535030556889814e-02 6.211313160917782128e-03 9.219303224622939913e-03 9.375083480025744181e-03 8.792130025116841330e-03 9.570478063117325920e-03 8.143180580783842756e-03
0.000000000000000000e+00 0.000000000000000000e+00 0.000000000000000000e+00 0.000000000000000000e+00 0.000000000000000000e+00 0.000000000000000000e+00 0.000000000000000000e+00
9.762470585525051536e-02 2.375994356056767426e-02 2.095186957756295723e-02 2.088182786447522962e-02 2.054330072734398757e-02 1.656862426788506884e-02 1.624517691544740891e-02
0.000000000000000000e+00 0.000000000000000000e+00 0.000000000000000000e+00 0.000000000000000000e+00 0.000000000000000000e+00 0.000000000000000000e+00 0.000000000000000000e+00
