9.307889301410841032e-01 8.024754960298917661e-01 6.755827572938022385e-01 6.245017566703481293e-01 5.744533862457581463e-01 5.489337878665555559e-01 5.244936703588251037e-01
1.824907801368217974e+01 1.646523159249288781e+01 1.507905688130250610e+01 1.413744969092180526e+01 1.326797623931553716e+01 1.230056530491694566e+01 1.139364774995301843e+01
2.763409700154059845e+00 2.306826175153775083e+00 1.944833305549536151e+00 1.827854655475626977e+00 1.724848727484731725e+00 1.647727459391718385e+00 1.574699424910718681e+00
1.085270876497285819e+01 1.428439720652313127e+01 1.764129078876771572e+01 1.805936363379282028e+01 1.846357281500924330e+01 1.828108571476588651e+01 1.810593265586097900e+01
4.561661439421346387e+00 3.782092224511760747e+00 3.122600122454228799e+00 2.767011604906719935e+00 2.459975887474004974e+00 2.308302511817773350e+00 2.166210522054928145e+00
1.825678531408239103e-01 3.235104952187742300e-01 3.786509100571828768e-01 3.727422024327688987e-01 3.682150177075207975e-01 3.102596985040498301e-01 2.545962996391088473e-01
9.349409703375898273e-01 8.776980515009386030e-01 8.293768548591783363e-01 7.859864336833586318e-01 7.460311989872777660e-01 7.254403079711789770e-01 7.046418927196832493e-01
0.000000000000000000e+00 0.000000000000000000e+00 0.000000000000000000e+00 0.000000000000000000e+00 0.000000000000000000e+00 0.000000000000000000e+00 0.000000000000000000e+00
9.307889301410841032e-01 8.024754960298917661e-01 6.755827572938022385e-01 6.245017566703481293e-01 5.744533862457581463e-01 5.489337878665555559e-01 5.244936703588251037e-01
2.371270434871188382e+00 2.050988658742892934e+00 1.757620139172997531e+00 1.499756194706705736e+00 1.292454505050793845e+00 1.217781468952182644e+00 1.147317676828861099e+00
2.269644923246690649e+00 1.287819574020879987e+00 7.570580023216235688e-01 7.307849938756381114e-01 7.073320755127823212e-01 7.043982546159159863e-01 7.015769037772090488e-01
1.088682729514079073e+00 7.549528897324068177e-01 4.469079531894131208e-01 4.018181057848095317e-01 3.576483122719491536e-01 3.535401042991777043e-01 3.493797271672666738e-01
1.392874449888439781e+00 9.461583201309703428e-01 5.219211367437884830e-01 4.640986862942447777e-01 4.050180918171499278e-01 3.938463074879657855e-01 3.825485533464187404e-01
4.929623249449130995e+00 4.502539152113562260e+00 4.118245062854947847e+00 3.761053451196525010e+00 3.448094385169244269e+00 3.398144676139798204e+00 3.349310629526359939e+00
1.306592248491551311e+00 1.038959895710033221e+00 7.572218038112537020e-01 6.450195246529245585e-01 5.336745367689849084e-01 5.283479403002662167e-01 5.230817785591912461e-01
2.897857539918826664e+00 2.620675485817980821e+00 2.356593264269395416e+00 2.361121826230818233e+00 2.365912863082435535e+00 2.337366052196716559e+00 2.309261663779781593e+00
1.175377817683678661e+00 8.815224888035030348e-01 6.553466854865729330e-01 5.943702247323638943e-01 5.341331513760654293e-01 5.033220636580164609e-01 4.720662617807322436e-01
1.804730743599609966e+01 1.815642209596046541e+01 1.826472345333638714e+01 1.702563035571907690e+01 1.596069264064829163e+01 1.532015184683057463e+01 1.472955023567824639e+01
3.267727706530713760e+00 3.114936581728109388e+00 2.970912693596801546e+00 2.979122999387940229e+00 2.987362046135137561e+00 2.944606697007225105e+00 2.902680601037550545e+00
8.142938696884435279e-01 7.729111630089632312e-01 7.393680088473608691e-01 7.336458005344622668e-01 7.293009969668022840e-01 7.533152215728334822e-01 7.750778880617857913e-01
3.666978962849435586e+00 3.116442604668316463e+00 2.622364565771342804e+00 2.535088702395569271e+00 2.449237309346099511e+00 2.363664084151412492e+00 2.279888030991159997e+00
3.381154030909332420e+00 3.146200318679041263e+00 2.918397143030524443e+00 2.701544951817905105e+00 2.508826412489038926e+00 2.431858761381772371e+00 2.358314877329574788e+00
1.277403503537365426e+00 8.829276292706765839e-01 6.000367539034116016e-01 5.254880410106576027e-01 4.514435100042766824e-01 4.433664650355382819e-01 4.350681081053968668e-01
5.299037401805438918e+00 5.014990489990261757e+00 4.718528460279342696e+00 4.376434637135892203e+00 4.077358651822875046e+00 4.017904117310968637e+00 3.959909257465854537e+00
1.442180745775447859e+00 9.378702113301947696e-01 5.176963780106904611e-01 5.029318943712770551e-01 4.892032114110602681e-01 4.788389298975267994e-01 4.685983107196014519e-01
1.232049318247709468e+00 8.343257391548378754e-01 5.012505516083062274e-01 4.777781437315940516e-01 4.544976797303872940e-01 4.295449897553261231e-01 4.062209321661037209e-01
1.737147518372090360e+01 1.548394419939147859e+01 1.389637770945260797e+01 1.559558998916315176e+01 1.721179932139698110e+01 1.622480124866729412e+01 1.533130709998741281e+01
9.819554516966061408e-01 7.930733651264910700e-01 6.498036426405585653e-01 6.019467812809028429e-01 5.621579967376507669e-01 5.316822104900269519e-01 5.039177590008298013e-01
5.738776411733889304e+00 5.433879696986446461e+00 5.167058085301706960e+00 4.956109408309409048e+00 4.764218224568930182e+00 4.656924994336420376e+00 4.554331111804162724e+00
2.259377575712490094e-01 1.813759107723443564e-01 1.358004860381472334e-01 1.302912842557889805e-01 1.243725318153732634e-01 1.167700010696491042e-01 1.090474008031010605e-01
2.976257900131141221e-01 2.136251916079704161e-01 1.473588810349623635e-01 1.185768425794257591e-01 9.674802768552422105e-02 9.652323534718844356e-02 9.631234569431712522e-02
5.760329160135329474e+00 5.713579540228332476e+00 5.664880990701479213e+00 5.672678902559176173e+00 5.680516966567973114e+00 5.477636840249602734e+00 5.288897751804628733e+00
5.786009655980126176e+00 4.924140102984690515e+00 4.125622808424975752e+00 4.011400632800095067e+00 3.906448440852919646e+00 3.858605866503777904e+00 3.811605358056336712e+00
1.532974023829826393e+00 1.417756165676846702e+00 1.308837177444436062e+00 1.238543020548354523e+00 1.177052780033905455e+00 1.159512319065143293e+00 1.143354069928043559e+00
1.318183345535299811e+00 1.077658416024633636e+00 7.743898073013767425e-01 7.142045810921625604e-01 6.412290196721320834e-01 6.292203951302069997e-01 6.174445303130325913e-01
5.730094048129092066e+00 5.907174078402154471e+00 6.087243906869167276e+00 6.058142277074566096e+00 6.031463033451328393e+00 5.906942375294645942e+00 5.786650690357884486e+00
1.943002955047386404e+00 1.834645772188911339e+00 1.705645710676082949e+00 1.618392495430078348e+00 1.536545077062392961e+00 1.460661340382558127e+00 1.390757079501840021e+00
5.876999966270809672e+00 5.777450960050373396e+00 5.674291099262139149e+00 5.322580160332982757e+00 5.004141537140628593e+00 4.799432591744258403e+00 4.607184011851538585e+00
1.320485177886385308e+00 8.851123249746629673e-01 5.225081065852268392e-01 5.178340236862872814e-01 5.128980981608749490e-01 4.895933988642768853e-01 4.682130220020892519e-01
4.124592079280367862e+00 2.691354262690571542e+00 1.936058475736771367e+00 1.921082357498163029e+00 1.905015887754683224e+00 1.901144860376363210e+00 1.897232573368974995e+00
8.934767086104167255e-01 8.769568696882829029e-01 8.610135673630028297e-01 8.472550778891441148e-01 8.339309238831806859e-01 7.145362178854335333e-01 5.987177754922515804e-01
1.647764085620224606e+01 1.480892540203841179e+01 1.349286221486916482e+01 1.161767551346631500e+01 1.029010741084582037e+01 9.389433386638575740e+00 8.565810163533315702e+00
3.377750898484338737e+00 2.569788293189856354e+00 2.079727120043823874e+00 2.160704474079723436e+00 2.252680279961386756e+00 2.263063130556138614e+00 2.274182002942897185e+00
9.718568260936704117e-01 7.974099050003877753e-01 6.428629891140819064e-01 5.968032809639399749e-01 5.519620957214436130e-01 5.257645474665381125e-01 5.009279323481584667e-01
6.347266959751262760e+00 6.369664399093725393e+00 6.391987640287153383e+00 6.027249597245982748e+00 5.711145734280197672e+00 5.494927107038501291e+00 5.294497010374844770e+00
4.171989676056170104e+00 4.299990538068886536e+00 4.485166742592008760e+00 4.361788568116479858e+00 4.245917045033199777e+00 4.101136887691490429e+00 3.965338868679900042e+00
4.101617591840121868e+00 3.665263179453174480e+00 3.289627717810619245e+00 3.236326191741804248e+00 3.185279751261560488e+00 3.063254402059058634e+00 2.946696388157439284e+00
2.353402273985476523e+00 1.791945137176201852e+00 1.345022866876940615e+00 1.297731049681342119e+00 1.262865431477402378e+00 1.175452823135019864e+00 1.092897020189804946e+00
