7.593059718874844322e+00 7.964510688457419718e+00 8.387885955704158292e+00 9.146758882897433551e+00 1.002124975998465395e+01 9.472990225953678234e+00 8.984010849805549981e+00
2.427106044622427916e+01 2.337408369409261155e+01 2.262152627524913839e+01 1.990438320854682885e+01 1.748731452989879998e+01 1.572457251485640839e+01 1.411817738556506896e+01
2.811051796662167312e+00 2.512412241770764165e+00 2.245145396901345070e+00 2.062871442237829811e+00 1.902418943946774021e+00 1.882660950027013058e+00 1.863071165840568533e+00
1.140656315476569915e+01 1.370356746439455975e+01 1.596536694468089124e+01 1.738287233439487878e+01 1.873922181713673396e+01 1.866927098638377203e+01 1.860123044461192521e+01
4.661880274555675108e+00 4.155288947831333068e+00 3.673618332780495432e+00 3.494027145034810822e+00 3.333089342666433197e+00 2.895575226527662860e+00 2.472920853479752434e+00
1.287065867532265762e-01 1.057340556672830278e-01 9.253759219437437955e-02 1.533712582417262882e-01 1.961176599586343661e-01 2.750501418997861047e-01 3.356888738180537901e-01
9.263530931935146651e-01 8.526980244149089394e-01 7.936968112654041452e-01 7.525596642645403511e-01 7.145828129395839223e-01 6.861989895755183921e-01 6.595185061079389399e-01
0.000000000000000000e+00 0.000000000000000000e+00 0.000000000000000000e+00 0.000000000000000000e+00 0.000000000000000000e+00 0.000000000000000000e+00 0.000000000000000000e+00
5.066656792086076777e+00 4.393318517289801051e+00 3.844169824173691019e+00 3.620794191126061712e+00 3.425713954534418182e+00 3.384406334793453652e+00 3.343419762187506361e+00
2.347891236350528654e+00 1.932150649482298421e+00 1.562049028160727326e+00 1.405177635318336282e+00 1.265097998824037617e+00 1.249639015345676007e+00 1.234090606721779393e+00
2.310895247682996700e+00 1.866423619810814616e+00 1.522079923345860841e+00 1.474151848693050715e+00 1.431299128753097838e+00 1.069109881592433586e+00 8.269704490892192394e-01
1.679073304116820209e+00 1.289814203906548107e+00 9.493980669169065356e-01 9.003424656532614812e-01 8.525495683785748735e-01 8.508671969095740195e-01 8.492045645895832662e-01
2.169029216444814612e+00 1.347242308928738863e+00 8.569252153919882931e-01 8.098847899349922441e-01 7.689171088655692987e-01 7.648365366871814341e-01 7.607976835461214282e-01
4.852586122491649334e+00 4.415213536264237959e+00 4.014467814776241816e+00 3.912584749477614032e+00 3.814389039239836965e+00 3.736687478682443775e+00 3.662031601758898969e+00
1.254522094936076471e+00 8.364357087470402075e-01 4.767329942165666190e-01 4.461220735706969975e-01 4.127077303807943354e-01 4.161215960786763257e-01 4.194596957274072668e-01
2.871770715415663755e+00 2.563130367719804514e+00 2.257815711196477615e+00 2.232164678927281987e+00 2.206436068759223712e+00 2.195604668106237334e+00 2.184622952846108745e+00
1.174576724139285711e+00 7.885522310896866394e-01 5.288725811487753337e-01 5.017639293354875241e-01 4.733161383407232248e-01 4.554985514814914871e-01 4.381544581588632248e-01
1.852633407295539669e+01 1.867685845081454588e+01 1.883063708486771048e+01 1.892942331018229751e+01 1.902544814914311644e+01 1.903608125356068825e+01 1.904656224004751763e+01
3.136861021354868662e+00 2.893260423628455147e+00 2.680865330226070764e+00 2.505684040228918885e+00 2.355997851644713759e+00 2.327421641250925433e+00 2.298955844850342434e+00
8.568318512064330150e-01 8.307176415195351993e-01 8.060614823169198750e-01 8.187201673443537109e-01 8.319608708365152649e-01 8.349033460077871505e-01 8.379051272955782004e-01
3.627282509607391514e+00 2.706438494663292893e+00 2.043760207049193589e+00 1.949813844775523330e+00 1.864260755704753469e+00 1.856751679352022011e+00 1.849358979442496720e+00
3.339243629389792467e+00 3.158888039242436552e+00 2.975956384544790279e+00 2.879246428709195449e+00 2.788033217102694472e+00 2.687612993532711769e+00 2.593040556489532911e+00
1.137776792897912870e+01 1.199646578922474127e+01 1.270165003526623515e+01 1.391284934703823062e+01 1.530858071460244929e+01 1.448908797561260542e+01 1.375820228481031293e+01
8.343106169342668466e+00 9.507577919027145441e+00 1.133883316597258428e+01 1.147588998126007986e+01 1.161244587989672894e+01 1.151653704834376590e+01 1.142293539611273800e+01
1.645725767464662592e+00 1.096386954425359050e+00 6.454319904018405163e-01 6.550372002157749396e-01 6.644024616136313677e-01 6.218436551262706002e-01 5.781340508936581024e-01
1.213981778251672639e+00 8.974323097153535933e-01 5.859436275166109986e-01 5.730752971213709523e-01 5.602561607127143350e-01 5.339681783670264803e-01 5.092514458388089915e-01
1.876774013797614060e+01 1.884542130100103563e+01 1.892798639076507072e+01 1.864000647458520632e+01 1.836339645105798724e+01 1.486189027682091357e+01 1.238499190859319832e+01
1.225474240233771495e+00 1.077840175440953674e+00 9.627887908065850819e-01 8.429956299393744912e-01 7.492505750730408254e-01 7.466878514018476798e-01 7.441031697746631757e-01
5.573856813941620025e+00 5.351594836132422373e+00 5.151799586390812813e+00 5.159169577893350400e+00 5.166457801991485965e+00 5.027924462366835101e+00 4.896687696075930241e+00
5.192290498585560243e+01 5.376092108781418233e+01 5.581747742494076903e+01 5.588316268734573100e+01 5.594796913192275412e+01 5.552742486983877512e+01 5.512139926828146486e+01
9.825133653514598331e-01 8.707817017722188080e-01 7.740299163464114951e-01 7.285888021101005751e-01 6.877054160468335509e-01 6.687911461931381751e-01 6.508632525799562529e-01
5.644698799570969427e+00 5.328449716693327787e+00 5.026480646354571924e+00 4.710801463606627770e+00 4.413526773685226168e+00 4.283946880130326207e+00 4.159754637465328919e+00
1.386462982935036692e+01 1.429084875764946538e+01 1.476774514449981623e+01 1.478493903615638771e+01 1.480190288688800138e+01 1.469041028415225902e+01 1.458276679647121199e+01
1.488562143732687026e+00 1.344783033714179288e+00 1.214099527502077835e+00 1.173479095680610040e+00 1.136675254467876428e+00 1.130282739574656414e+00 1.123889648916180484e+00
3.131299243455143433e+00 2.705323790149664731e+00 2.299650763718675606e+00 2.037717605492014084e+00 1.820436843725026232e+00 1.818528634299322544e+00 1.816634335640383791e+00
8.438250874679614100e+00 8.415289719158870696e+00 8.392468219467586366e+00 8.567034954539941793e+00 8.739041669731356876e+00 9.063805231313713406e+00 9.417496712624993549e+00
1.919200045690421019e+00 1.725850837476570421e+00 1.521438495961898951e+00 1.434654639480178906e+00 1.357023112017514244e+00 1.273366474925743619e+00 1.198274072353577191e+00
5.808434870648302883e+00 5.461993802873657877e+00 5.123232133053711834e+00 4.769445216121193987e+00 4.434073736321963111e+00 4.305571594174044670e+00 4.181745833023667203e+00
1.490175297370467611e+00 1.240465938047993877e+00 9.745833189603412272e-01 8.659192681318190754e-01 7.657659915173041787e-01 6.417245209449599086e-01 5.261849107474773080e-01
4.174168412705581588e+00 2.436456167708972220e+00 1.625049009380908682e+00 1.553969726127116591e+00 1.489557701872367579e+00 1.493747673305012791e+00 1.497994034358761439e+00
2.825491690705306702e+00 2.498404104427466521e+00 2.185817255776410395e+00 2.101593400223865427e+00 2.022614477835550151e+00 1.977983664990628165e+00 1.934574794753575411e+00
1.759304826715670700e+01 1.739832132864128056e+01 1.722016573198388301e+01 1.637469675836914362e+01 1.560403184222061057e+01 1.452935576724475908e+01 1.351165406322106399e+01
3.410784359813570088e+00 3.308047759806147958e+00 3.208918391856901309e+00 2.889038516848284388e+00 2.634595656142256992e+00 2.615171590458163386e+00 2.595838099424845780e+00
2.013772003828079971e+00 1.751661833938289670e+00 1.531842575998630718e+00 1.447235214202334586e+00 1.372390832240302450e+00 1.341372168965624612e+00 1.311059948186805491e+00
6.559809967963908583e+00 6.572122383284632718e+00 6.584645379283741384e+00 6.631129149608161022e+00 6.676413116820037352e+00 6.724992843187055591e+00 6.773621651179253966e+00
5.102892022301213082e+00 6.578054719550045171e+00 1.182524702577891063e+01 1.334210772832504333e+01 1.541333740338489378e+01 1.537822809188018347e+01 1.534327841421263017e+01
1.110035606496424521e+01 9.111533239616488089e+00 7.657527193083210726e+00 7.722813925909213673e+00 7.789431383148472499e+00 7.747646739725621678e+00 7.706002192261032668e+00
2.514165273263787359e+00 2.141949473275219340e+00 1.751584017406562221e+00 1.889586812266348614e+00 2.021102167507360381e+00 1.978287282147396020e+00 1.933574372302027555e+00
