0.000000000000000000e+00 0.000000000000000000e+00 0.000000000000000000e+00 0.000000000000000000e+00 0.000000000000000000e+00 0.000000000000000000e+00 0.000000000000000000e+00
2.790167379265607317e-01 3.231573463305328908e-02 3.213788796382641838e-02 1.790784615606279620e-02 1.601109451452251489e-02 9.253003349485333998e-03 8.521990856580298132e-03
0.000000000000000000e+00 0.000000000000000000e+00 0.000000000000000000e+00 0.000000000000000000e+00 0.000000000000000000e+00 0.000000000000000000e+00 0.000000000000000000e+00
0.000000000000000000e+00 0.000000000000000000e+00 0.000000000000000000e+00 0.000000000000000000e+00 0.000000000000000000e+00 0.000000000000000000e+00 0.000000000000000000e+00
0.000000000000000000e+00 0.000000000000000000e+00 0.000000000000000000e+00 0.000000000000000000e+00 0.000000000000000000e+00 0.000000000000000000e+00 0.000000000000000000e+00
0.000000000000000000e+00 0.000000000000000000e+00 0.000000000000000000e+00 0.000000000000000000e+00 0.000000000000000000e+00 0.000000000000000000e+00 0.000000000000000000e+00
4.711017764005701047e-01 7.126756953887987411e-02 6.238764132572593990e-02 6.047208302763037308e-02 6.038739665033095866e-02 6.028484274230722778e-02 6.010859051639266815e-02
0.000000000000000000e+00 0.000000000000000000e+00 0.000000000000000000e+00 0.000000000000000000e+00 0.000000000000000000e+00 0.000000000000000000e+00 0.000000000000000000e+00
8.083189962727489464e-01 4.945894200997767443e-01 3.796293716058942169e-01 3.555111954805250662e-01 3.525727070764260729e-01 3.729660182686513337e-01 3.310453939147913194e-01
0.000000000000000000e+00 0.000000000000000000e+00 0.000000000000000000e+00 0.000000000000000000e+00 0.000000000000000000e+00 0.000000000000000000e+00 0.000000000000000000e+00
0.000000000000000000e+00 0.000000000000000000e+00 0.000000000000000000e+00 0.000000000000000000e+00 0.000000000000000000e+00 0.000000000000000000e+00 0.000000000000000000e+00
2.796550016380374704e-01 1.204698186868270911e-02 1.098453304306961677e-02 1.098585576178348969e-02 8.364737535720060888e-03 8.477599426019574377e-03 8.621225595560047181e-03
1.573680546449466797e-02 1.331189902379224452e-02 1.311525968305500035e-02 1.277579586970588495e-02 1.245218390955542438e-02 1.209576196160916557e-02 1.496470301886109085e-02
5.318895000761741931e-01 2.351819611475091110e-01 8.820596152041680627e-02 8.551201142340167372e-02 8.901843406083218002e-02 9.366517474165501900e-02 9.285191535049917844e-02
7.353727397308137403e-01 3.080886651537774745e-01 2.991162750057063668e-01 2.713759010429660501e-01 2.448192208588896579e-01 2.477999784039492948e-01 2.431814159066291448e-01
1.039400918114602224e+00 2.116783826930977164e-01 2.013552276151898968e-01 1.951817807901997937e-01 1.778988140925781836e-01 1.745967655177030065e-01 1.682426599471230910e-01
6.837305609825869990e-01 5.034922376668037741e-02 5.247983293513061587e-02 5.064688645419641172e-02 4.900856818417569094e-02 4.591390651217507057e-02 3.786947290276409389e-02
0.000000000000000000e+00 0.000000000000000000e+00 0.000000000000000000e+00 0.000000000000000000e+00 0.000000000000000000e+00 0.000000000000000000e+00 0.000000000000000000e+00
1.256540225250412091e+00 4.476524322156280045e-01 3.347817291297340847e-01 2.394104024195758962e-01 1.890590747361308721e-01 1.562732824044986979e-01 1.256044532980485628e-01
0.000000000000000000e+00 0.000000000000000000e+00 0.000000000000000000e+00 0.000000000000000000e+00 0.000000000000000000e+00 0.000000000000000000e+00 0.000000000000000000e+00
0.000000000000000000e+00 0.000000000000000000e+00 0.000000000000000000e+00 0.000000000000000000e+00 0.000000000000000000e+00 0.000000000000000000e+00 0.000000000000000000e+00
3.513883786867705306e-02 3.172524137762162272e-02 3.199973070167873301e-02 3.098454572544623656e-02 3.121515365196561587e-02 3.183836098079654425e-02 2.954058750453788379e-02
9.419947191338693404e-01 1.476734907782799033e-01 1.040567075753665999e-01 9.826703590540787625e-02 7.388546926623716649e-02 6.557664759846301705e-02 4.847918823518582859e-02
6.214738489705360358e-01 3.483273858956654340e-02 2.878408470429872149e-02 2.873828478367664724e-02 2.916860661740734717e-02 2.629878462028888489e-02 2.553571801935716409e-02
6.318449966807092588e-01 0.000000000000000000e+00 0.000000000000000000e+00 0.000000000000000000e+00 0.000000000000000000e+00 0.000000000000000000e+00 0.000000000000000000e+00
0.000000000000000000e+00 0.000000000000000000e+00 0.000000000000000000e+00 0.000000000000000000e+00 0.000000000000000000e+00 0.000000000000000000e+00 0.000000000000000000e+00
0.000000000000000000e+00 0.000000000000000000e+00 0.000000000000000000e+00 0.000000000000000000e+00 0.000000000000000000e+00 0.000000000000000000e+00 0.000000000000000000e+00
0.000000000000000000e+00 0.000000000000000000e+00 0.000000000000000000e+00 0.000000000000000000e+00 0.000000000000000000e+00 0.000000000000000000e+00 0.000000000000000000e+00
0.000000000000000000e+00 0.000000000000000000e+00 0.000000000000000000e+00 0.000000000000000000e+00 0.000000000000000000e+00 0.000000000000000000e+00 0.000000000000000000e+00
7.945957945352301044e-01 1.091272039490101819e-01 1.082375088442014965e-01 1.062827422171400554e-01 1.020488403312838493e-01 9.404013886005460621e-02 9.056399992574662439e-02
3.607808128262607883e-01 3.569144141576011120e-01 2.580314693678962268e-01 1.910103834432442804e-01 2.130143436099599386e-01 2.226254968260081013e-01 2.795737263865358257e-01
0.000000000000000000e+00 0.000000000000000000e+00 0.000000000000000000e+00 0.000000000000000000e+00 0.000000000000000000e+00 0.000000000000000000e+00 0.000000000000000000e+00
7.723916447166405685e-01 3.694770636612814685e-01 4.814076222109899689e-02 4.496926057905008267e-02 3.382478587048149549e-02 2.788739096305680246e-02 2.710005865777103187e-02
1.635965611885643323e-01 0.000000000000000000e+00 0.000000000000000000e+00 0.000000000000000000e+00 0.000000000000000000e+00 0.000000000000000000e+00 1.623853464012759882e-04
6.432148797001371321e-01 5.125657906627240079e-01 5.103531771678778695e-01 5.157417549762036701e-01 5.423506811556633167e-01 5.482010745408705255e-01 5.327561997640833935e-01
0.000000000000000000e+00 0.000000000000000000e+00 0.000000000000000000e+00 0.000000000000000000e+00 0.000000000000000000e+00 0.000000000000000000e+00 0.000000000000000000e+00
0.000000000000000000e+00 1.145054994713153446e-01 1.156485697404774221e-01 1.140208934592307211e-01 1.121671380242003080e-01 1.085004678392423733e-01 1.059018414381242140e-01
0.000000000000000000e+00 0.000000000000000000e+00 0.000000000000000000e+00 0.000000000000000000e+00 0.000000000000000000e+00 0.000000000000000000e+00 0.000000000000000000e+00
1.346355322666638876e-01 4.334733287077047192e-02 4.413006123833960320e-02 4.287278130067916776e-02 1.648143598394323506e-02 1.021833366369233852e-02 9.548769579258691714e-03
0.000000000000000000e+00 0.000000000000000000e+00 0.000000000000000000e+00 0.000000000000000000e+00 0.000000000000000000e+00 0.000000000000000000e+00 0.000000000000000000e+00
2.054095083723397885e-01 7.904803928672389512e-02 4.510865488428154879e-02 3.945821170492957303e-02 3.046736621837295086e-02 2.814703470115917719e-02 2.397079214123865737e-02
0.000000000000000000e+00 0.000000000000000000e+00 0.000000000000000000e+00 0.000000000000000000e+00 0.000000000000000000e+00 0.000000000000000000e+00 0.000000000000000000e+00
0.000000000000000000e+00 0.000000000000000000e+00 0.000000000000000000e+00 0.000000000000000000e+00 0.000000000000000000e+00 0.000000000000000000e+00 0.000000000000000000e+00
0.000000000000000000e+00 0.000000000000000000e+00 0.000000000000000000e+00 0.000000000000000000e+00 0.000000000000000000e+00 0.000000000000000000e+00 0.000000000000000000e+00
0.000000000000000000e+00 0.000000000000000000e+00 0.000000000000000000e+00 0.000000000000000000e+00 0.000000000000000000e+00 0.000000000000000000e+00 0.000000000000000000e+00
0.000000000000000000e+00 0.000000000000000000e+00 0.000000000000000000e+00 0.000000000000000000e+00 0.000000000000000000e+00 0.000000000000000000e+00 0.000000000000000000e+00
1.315833168440105005e+00 3.050009950733698627e-01 2.925914832751958516e-01 2.851985880283661734e-01 2.602934448597346018e-01 2.514490462010154914e-01 2.401825264193118981e-01
7.179912606202345504e-01 0.000000000000000000e+00 0.000000000000000000e+00 0.000000000000000000e+00 0.000000000000000000e+00 0.000000000000000000e+00 0.000000000000000000e+00
