4.132196579683897752e-01 3.598298470601993260e-01 3.046284899918298428e-01 2.600851992924125833e-01 2.171018224353955806e-01 1.985113940004319399e-01 1.817367687904745122e-01
2.984752785276978959e-01 2.049741294325536367e-01 1.300197135418418581e-01 1.141267397855943166e-01 1.000430671005223260e-01 9.676516793403946992e-02 9.374611715452547955e-02
4.446179894170914082e-01 3.035465163445337788e-01 1.939028783317854887e-01 1.792627568648235137e-01 1.657730182737961189e-01 1.406439026607957943e-01 1.166538225095867382e-01
1.701076036004916525e-01 1.518615064413777749e-01 1.338355105180459026e-01 1.274929889750427148e-01 1.215525249728234281e-01 1.182921452621421426e-01 1.151283876040277709e-01
4.304122131890180669e-01 2.879246629611137975e-01 1.694328187464630153e-01 1.291950795336043456e-01 9.763552593555693826e-02 8.185342102795516162e-02 6.798928941677201410e-02
2.120663186661203570e-01 1.670273599616320659e-01 1.383147007280821905e-01 1.615995516147071820e-01 1.760391216543311932e-01 1.741612964070745895e-01 1.726246022957287352e-01
2.679730371030205061e-01 2.507983976329733466e-01 2.354427912622217289e-01 2.183214225935253272e-01 2.031370793409918996e-01 1.896918398550920259e-01 1.769288618008590108e-01
0.000000000000000000e+00 0.000000000000000000e+00 0.000000000000000000e+00 0.000000000000000000e+00 0.000000000000000000e+00 0.000000000000000000e+00 0.000000000000000000e+00
4.090464968454082806e-01 2.911046743580687490e-01 1.855056633744470440e-01 1.449156883527237816e-01 1.146080630012547702e-01 1.097912650819963948e-01 1.052425082711399701e-01
3.691025376570499228e-01 1.892428366771545245e-01 4.707356815606675987e-02 3.811704030847983676e-02 3.000142625678055633e-02 3.006448699825156959e-02 3.012852212918021300e-02
1.513700684193230728e-01 6.914858526704141528e-02 2.575576695256826670e-02 3.137814230575721591e-02 3.606478202823405754e-02 3.718944853019044705e-02 3.808696258076014335e-02
4.110049532142594497e-01 2.159378722183228627e-01 7.392109927840868899e-02 5.838465275256807946e-02 4.419659246713991685e-02 4.095755052939722279e-02 3.799449523161404357e-02
7.046742419283487102e-01 4.105178545822450453e-01 1.805727881767873744e-01 1.511022827762034670e-01 1.219178481978652612e-01 1.189284669637448444e-01 1.159641517899646090e-01
4.922078568149039768e-01 3.384986884396971596e-01 2.078152058584719075e-01 1.756690249961233852e-01 1.481327743521693163e-01 1.322408077422211614e-01 1.188060404732709657e-01
4.977455979526505536e-01 3.426023677731284134e-01 1.752489128689430353e-01 1.480524885744447794e-01 1.228069213361024786e-01 1.044013023512830457e-01 9.003926470512518820e-02
4.721345265079195386e-01 3.515450602821506010e-01 2.237844033988700965e-01 1.886266935976770309e-01 1.510178035924629181e-01 1.463197051755810718e-01 1.417793794432024024e-01
3.366093735764909001e-01 1.983958082116613897e-01 9.663084483001339875e-02 7.697392909696204599e-02 6.052326921306187824e-02 5.786622391116763575e-02 5.546468112135678058e-02
4.976199238768855976e-02 3.222116228342263716e-02 1.350095578146501621e-02 1.203861015888463802e-02 1.081670913102121545e-02 1.027680641802852270e-02 9.800750083827330927e-03
3.604180890119502711e-01 2.968445351011710920e-01 2.367279293258810757e-01 2.158718733061464612e-01 1.960418858034115586e-01 1.832726489171613848e-01 1.709451108509701389e-01
2.967922446168908546e-01 2.838930644024164063e-01 2.707516049209295339e-01 2.601279217514422815e-01 2.488859594128964015e-01 2.339490090576129278e-01 2.187336089515210247e-01
5.332868914117524506e-01 3.384020886357961277e-01 1.705851303756619475e-01 1.387543493884280665e-01 1.129420454464501872e-01 1.072267868671778757e-01 1.021368574692380904e-01
3.676891542335838370e-01 2.631597481236029323e-01 1.628785512895863929e-01 1.408468300933451434e-01 1.205325981447891853e-01 1.106943079962568743e-01 1.014723419919805331e-01
4.167384846935559550e-01 3.321762135835149565e-01 2.510175492179793633e-01 2.089378195189673382e-01 1.646771764334446497e-01 1.492064091768977030e-01 1.343249984573476052e-01
5.654956220343791973e-01 3.932904101176677436e-01 2.115356749482804610e-01 1.668151834458497795e-01 1.311090000515410525e-01 1.170650126650988193e-01 1.054831704376708312e-01
5.027684740007309916e-01 2.641176423130018325e-01 8.982468676398658314e-02 8.343518734086001476e-02 7.821670530573085478e-02 7.754835687893361917e-02 7.696551915955941736e-02
4.240429598972635938e-01 2.190122512977799862e-01 7.174032733761739888e-02 5.836962819243562278e-02 4.870294349534515926e-02 4.823816179616584321e-02 4.781922234230907148e-02
1.987393378433947588e-01 1.541881730076896662e-01 1.127647234959884004e-01 1.032876592724073783e-01 9.439373368272312159e-02 1.037141621102039696e-01 1.106729771158405651e-01
2.133170744222755988e-01 2.139617447699737607e-01 2.145263249337551192e-01 1.840567490112247073e-01 1.620099543095046557e-01 1.408143224652051162e-01 1.213265824577654528e-01
1.479310586433426333e-01 1.337510490964051446e-01 1.208048938271953504e-01 1.138765432921869381e-01 1.074401728159283670e-01 9.664780052061351656e-02 8.667988403456393376e-02
1.102159717098288860e-01 8.795253379552483985e-02 6.525639221917599320e-02 6.534975353206899651e-02 6.544187761322053931e-02 6.060600964884808178e-02 5.639577524890587723e-02
1.057266540959697632e-01 9.207262807385735437e-02 8.038486598207622569e-02 7.779008802600266559e-02 7.550959003346870146e-02 7.346465840560506555e-02 7.155501126090843544e-02
4.465224963746862730e-01 3.169013045815456397e-01 1.866272510922450667e-01 1.520705616107839442e-01 1.197920576691716699e-01 1.011811216212674669e-01 8.441325504801203139e-02
4.403773890869973617e-01 2.813946559547373938e-01 1.191553003174751491e-01 1.043985606368747765e-01 9.126744064669174705e-02 8.372837328440407845e-02 7.699122851559946079e-02
4.473631572381895349e-01 3.783298667543509297e-01 3.113087923351158803e-01 2.810125970694597464e-01 2.506693402143287397e-01 2.350863021021617760e-01 2.207707146196069281e-01
3.632591745642400061e-01 2.035754397743690935e-01 6.685480463224818815e-02 5.640859883812083392e-02 4.745817367987250485e-02 4.493259339845809969e-02 4.241162154078657875e-02
1.316979466653686592e-01 1.235404850326654314e-01 1.152304279438364498e-01 1.146772884951190591e-01 1.141829726757906532e-01 1.132056213263178818e-01 1.122570781719641753e-01
4.705745954015453925e-01 3.805523528737957406e-01 2.694274724320880332e-01 2.503966584869307122e-01 2.324547652057644687e-01 2.092884363886377275e-01 1.885112173898013666e-01
4.395259745316568156e-01 2.828249591993304279e-01 1.353023209078219879e-01 1.105199619816534806e-01 8.702706752917513389e-02 7.629349669182652893e-02 6.603597379455025673e-02
4.625937373953637466e-01 2.942048416912705355e-01 1.539025715405323291e-01 1.120716144203859899e-01 8.105905229999717243e-02 6.993366075235250834e-02 5.992013668601791493e-02
8.311736499006617818e-01 4.512107256129451183e-01 2.340030529198398879e-01 1.892064038926647429e-01 1.406841218947646188e-01 1.367857602630739855e-01 1.330594504620894736e-01
3.968566012044745794e-01 2.564222506200791729e-01 1.403738244890813114e-01 1.175202569186287738e-01 9.907860534877097058e-02 9.384233963223168051e-02 8.921804872750607740e-02
4.331411064076879924e-01 3.625402700576849102e-01 2.967251266211475280e-01 2.810811008807591604e-01 2.667131238411394878e-01 2.450804445630040129e-01 2.255185487091660446e-01
5.919606449636834883e-02 4.035477537450139068e-02 2.206341297763724299e-02 6.494615747143195339e-02 9.846088344714153118e-02 8.163132909877218735e-02 6.571932058571786084e-02
3.959834549237361001e-01 3.176760780286038144e-01 2.465888494525262653e-01 2.166601539944383314e-01 1.893039390810144496e-01 1.766910186308136566e-01 1.650662684378257639e-01
5.578308931878701166e-02 3.980089757844529341e-02 2.281294000244133216e-02 2.064652641815875253e-02 1.882065759094111307e-02 1.774480491208395988e-02 1.677793831021280255e-02
6.421831898872699673e-01 4.697362707884304434e-01 1.946914680043378143e-01 1.703396354355266318e-01 1.505345384591215696e-01 1.400948118534263709e-01 1.306864591272092480e-01
2.494307233665264967e-01 1.778367112863064037e-01 1.139593170620534779e-01 1.043845614130910204e-01 9.633389491264095217e-02 8.789412070829984158e-02 8.031326838996410977e-02
6.578203299366197632e-01 4.385589689770899580e-01 2.432531762681700294e-01 2.294242216025809966e-01 2.176414251302432323e-01 2.029737853530901581e-01 1.901688497587777082e-01
