4.128329733788060896e-01 3.687207180751304048e-01 3.218561750595043680e-01 2.822860619765660828e-01 2.427259241811635659e-01 2.270493343960960642e-01 2.122486086773141267e-01
3.235936529135897688e-01 1.577656699932623585e-01 4.921481472704493376e-02 5.060804461089862816e-02 5.195365365742851682e-02 4.498012293055712180e-02 3.884761943550873314e-02
4.356082504847710313e-01 3.390345704974989660e-01 2.441234751065558262e-01 2.164366915072320208e-01 1.924770260381816200e-01 1.812476467090634868e-01 1.703967625944484421e-01
1.597869248517374829e-01 1.403889425428259397e-01 1.220427917146824220e-01 1.217186517634671616e-01 1.214072622349761515e-01 1.169459060775503295e-01 1.124633068559486165e-01
3.238066373610445359e-01 1.243486440435723345e-01 1.806306107555616033e-02 2.358570549868614641e-02 2.847302192623909003e-02 2.806449035815537438e-02 2.766944367778523262e-02
1.943415213617600557e-01 2.120340028403087385e-01 2.188211183974830276e-01 2.202889149926464951e-01 2.214712773318476824e-01 2.125962249182614949e-01 2.038861941739943118e-01
2.662721406861553453e-01 2.438626929487848760e-01 2.242360468861456513e-01 2.069832602756611073e-01 1.919878432474615704e-01 1.837463722678544242e-01 1.760106318269847592e-01
0.000000000000000000e+00 0.000000000000000000e+00 0.000000000000000000e+00 0.000000000000000000e+00 0.000000000000000000e+00 0.000000000000000000e+00 0.000000000000000000e+00
4.055011562357197508e-01 2.939026107264748888e-01 1.901241532510402066e-01 1.510885342130408870e-01 1.190477488155390340e-01 1.135541634455733279e-01 1.082564826373603600e-01
3.685636829748447085e-01 1.879113355390198414e-01 4.316367620453117476e-02 3.852108127470548621e-02 3.396141105125385223e-02 3.311392990660343844e-02 3.234715768206135322e-02
1.558081205746602027e-01 5.682123972921266503e-02 1.615292872788153672e-02 3.214346810073111932e-02 4.674780541287833907e-02 4.644755316991995564e-02 4.615427870827027573e-02
3.506658358146866883e-01 1.816343401740424524e-01 4.777123873369336360e-02 3.880732680709379073e-02 3.014027076375813685e-02 2.949181013306698476e-02 2.885188458648938956e-02
6.998345685856209863e-01 3.776502303318977072e-01 1.556245915088452225e-01 1.387093963557221310e-01 1.227324144554890195e-01 1.174738929307866803e-01 1.125401784426912077e-01
4.846405719536152623e-01 3.225103465420329774e-01 1.839142958663251559e-01 1.389111143764363565e-01 9.818887815355920035e-02 9.459760937601219277e-02 9.113920327704604085e-02
4.900696168441446288e-01 3.270945263432055161e-01 1.483234069237739094e-01 1.153091181650818531e-01 8.391815429671056759e-02 8.352277465675402024e-02 8.312773009927455770e-02
4.730141604529859434e-01 3.395148373299057276e-01 2.027058590293809304e-01 1.792707403386680776e-01 1.558141668846219352e-01 1.543158843782011791e-01 1.528194104957342203e-01
3.395519331379889261e-01 1.643343340669405628e-01 6.550888755038912492e-02 5.692529130873971721e-02 4.835597755571636319e-02 4.543727882770873944e-02 4.256028797841358846e-02
5.127321720028808760e-02 3.173292526544422426e-02 1.187900205567922127e-02 1.195052453201034606e-02 1.201139572357883857e-02 1.181647744123985426e-02 1.164150850544665161e-02
2.925337462153725365e-01 1.654929146999966350e-01 8.621662979665448145e-02 5.417239120809838604e-02 3.327572573167086184e-02 3.283182712475612997e-02 3.238766956304385547e-02
3.075076085508582913e-01 2.936566690847123295e-01 2.806820316355932432e-01 2.681436468828517494e-01 2.563074871680212641e-01 2.433670236665930187e-01 2.310535499056419473e-01
5.294337295134246002e-01 3.229046408698036386e-01 1.523378999021130498e-01 1.332888733102455814e-01 1.158525322566042737e-01 1.075622670488877441e-01 9.982482326100651504e-02
3.303994241685226929e-01 2.233572984438112752e-01 1.129245795572199618e-01 9.608390903341158806e-02 8.068857979922339219e-02 7.225283098865466214e-02 6.385623329891916555e-02
4.629352186730530949e-01 2.054235709777077756e-01 7.506178707741709144e-02 6.497265525029491395e-02 5.436269703204760911e-02 5.040274359398001086e-02 4.646210075895336467e-02
5.572320253896752007e-01 3.773487580810330200e-01 1.893971927629866103e-01 1.413513495917432528e-01 9.951904808233653921e-02 9.526223748290295334e-02 9.112935509702602133e-02
3.238066373610448689e-01 1.243486440435724039e-01 1.806306107555616727e-02 2.358570549868615682e-02 2.847302192623910391e-02 2.806449035815538826e-02 2.766944367778524302e-02
4.078358467226787520e-01 2.471444558725407192e-01 9.149560723570455967e-02 7.907424638327853472e-02 6.652951762688742721e-02 6.218371456962409893e-02 5.792372136696970902e-02
5.444473349589934452e-02 2.573544013593129232e-02 1.537222116953290176e-02 3.572426234586834060e-02 5.455862923678165416e-02 5.436209607751097544e-02 5.416929785987979057e-02
2.425510038957659209e-01 2.417497757820308568e-01 2.411368772457515575e-01 2.358105517303812071e-01 2.321801186673031203e-01 2.072219143233224037e-01 1.838610767370631172e-01
1.441958767910187234e-01 1.309030347055349097e-01 1.189034188144450638e-01 1.094853281110213933e-01 1.010138605386668720e-01 9.780133225893176963e-02 9.467623883646515692e-02
9.963915440851135730e-02 7.702451817869225559e-02 5.449313783174992987e-02 5.560200569688202032e-02 5.670852330596437563e-02 6.051023723682039807e-02 6.432205015564994299e-02
1.296022257698339420e-03 1.170668128690165437e-03 1.067424480489694016e-03 3.062413418960770184e-02 5.436323042551664819e-02 6.065623741592984786e-02 6.660039844856113778e-02
2.925337462153725365e-01 1.654929146999966350e-01 8.621662979665448145e-02 5.417239120809838604e-02 3.327572573167086184e-02 3.283182712475612997e-02 3.238766956304385547e-02
1.477468193791025008e-01 9.050529952680408385e-02 3.899510655313762064e-02 4.244353891693711245e-02 4.530450649666876300e-02 4.979185485970034908e-02 5.398041946627398641e-02
4.457354537290271201e-01 3.651208749902336570e-01 2.917082990176139146e-01 2.788205981757300167e-01 2.663966031479724217e-01 2.676027998893936166e-01 2.687367951499788354e-01
3.471223998879348072e-01 1.951048143258743428e-01 6.021608126613050421e-02 5.292876000905997330e-02 4.607056219047838547e-02 4.301685724258901694e-02 4.016290860038449623e-02
1.268504019087922652e-01 1.182114159565209321e-01 1.095269274262249820e-01 1.110227934664291122e-01 1.124006699817413080e-01 1.130050549938007437e-01 1.135967468519942791e-01
4.627845142812763157e-01 3.760441343576175766e-01 2.691102349651062209e-01 2.486885848926492781e-01 2.291077568070479797e-01 2.096505481622572276e-01 1.923914125677546882e-01
3.685636829748447085e-01 1.879113355390198414e-01 4.316367620453117476e-02 3.852108127470548621e-02 3.396141105125385223e-02 3.311392990660343844e-02 3.234715768206135322e-02
4.555879768684846787e-01 2.610906777352059449e-01 7.953945677423357452e-02 6.879020615489150892e-02 5.726036313213867662e-02 5.567518422025574676e-02 5.413658992368745176e-02
8.314512750429379206e-01 4.210908093637896199e-01 1.992324375959542426e-01 1.636358413060002293e-01 1.274465923726312289e-01 1.222712546825811125e-01 1.170732442938769990e-01
1.993285796828909162e-01 1.193994002238940727e-01 5.416511283124648968e-02 4.744885769625101918e-02 4.160572883212699385e-02 3.907607307431013033e-02 3.667411851963375824e-02
4.416637228607025456e-01 3.628927410300908929e-01 2.879272260715632359e-01 2.833545610778651080e-01 2.794187256853870038e-01 2.736227131216107944e-01 2.679680759996703743e-01
5.814642252011653634e-02 9.531684618967863065e-02 1.247445505304803498e-01 1.018190158930157851e-01 7.826878660353760175e-02 7.506463096632981502e-02 7.176193084228416064e-02
3.089247600419669504e-01 1.552888704300378342e-01 8.136207354413531323e-02 5.688294837851779612e-02 3.888926362390202757e-02 3.739440712942312256e-02 3.589360068084235939e-02
5.616627044744915837e-02 3.845290978081317840e-02 2.046498590910252047e-02 2.050019399294809863e-02 2.053048712555912217e-02 2.025236672377154004e-02 1.999965886985640914e-02
2.925337462153725365e-01 1.654929146999966350e-01 8.621662979665448145e-02 5.417239120809838604e-02 3.327572573167086184e-02 3.283182712475612997e-02 3.238766956304385547e-02
1.846080233760235834e-01 1.425461843928946815e-01 1.031023875079908891e-01 9.218535120398367588e-02 8.201566237886580291e-02 7.251032954748479198e-02 6.354877744787418292e-02
6.739687743655327079e-01 4.469226080982920957e-01 2.414655848533887594e-01 2.445432451875458046e-01 2.471403065120491849e-01 2.466460566742310623e-01 2.461656371101545171e-01
