3.152217343987406828e+00 3.056126455919105478e+00 3.132350524392413238e+00 3.165894941557186204e+00 3.160717421474251498e+00 3.193197984684840396e+00 3.238954685315025284e+00
3.912946244408287644e+00 3.967808519202910222e+00 4.014709642039309578e+00 4.351928543611115252e+00 4.009811767170928576e+00 3.534604606971595508e+00 3.334833296738488162e+00
2.555537105430292666e+00 2.303467331086544334e+00 2.221823869966396359e+00 2.164421897711313214e+00 2.162440160851570869e+00 2.114705287257829802e+00 2.090864571449566167e+00
4.343091224299482356e+00 4.463695432964855492e+00 4.381877099009394705e+00 5.715028636073950175e+00 6.136296081422819348e+00 6.303461972283637138e+00 6.129850754974623506e+00
1.506406448099245399e+00 1.415644837934241673e+00 1.355933396489536813e+00 1.354314582767613739e+00 1.213184070881810017e+00 8.910008613995287208e-01 7.924309168257377411e-01
1.473519647231892771e+00 1.447003315433507797e+00 1.453395137615211885e+00 1.476775480020283471e+00 1.447286137526642591e+00 1.446572743538016681e+00 1.458893948112095940e+00
4.644286766475330119e-01 7.035698290081705830e-02 6.494443025791200863e-02 5.868280518950710206e-02 5.856575269333914868e-02 5.849768049212464988e-02 5.838620222356751682e-02
1.488307327677760972e+00 1.328724507271784816e+00 1.264258907435473978e+00 1.176137410785910387e+00 1.129005527495746675e+00 1.090480962532272446e+00 1.080355785921644829e+00
1.039435017991418686e+00 9.476631861521973565e-01 8.605090242273663037e-01 7.993618665365292975e-01 7.589990810959823531e-01 7.226941479711379568e-01 7.152769616767914451e-01
2.203692208812272568e+00 2.281365315387755555e+00 2.277566135178756834e+00 2.332800897613080071e+00 2.367509314411370358e+00 2.375045190143461493e+00 2.389299162811617805e+00
1.428969438925358126e+01 1.449221400887305755e+01 1.440998738679658508e+01 1.451080419523281861e+01 1.093314209487800603e+01 1.016112132278290048e+01 9.388028207573785977e+00
1.539721038556527644e+00 1.267925297292241016e+00 1.261593943581203803e+00 1.194480134633164159e+00 1.173655581116290314e+00 1.151251774486286239e+00 1.112629723782313285e+00
1.213423511424651435e+00 5.345944302707138496e-01 5.369171812363272567e-01 4.835961831155216051e-01 3.905422950414477179e-01 4.422790042239075903e-01 4.571065789063253892e-01
1.099126410058927306e+00 8.203358924541928054e-01 7.578040209856967691e-01 7.345383930765829739e-01 7.003132317088986980e-01 7.051646017354719076e-01 6.726340579739213954e-01
9.867992149329893881e-01 5.465760226072635675e-01 5.451863929821547661e-01 5.358396416882295066e-01 4.335489251235927211e-01 4.258270243246384812e-01 4.228163152392678259e-01
2.781460355987082522e+00 2.084067730851750344e+00 1.221603632545138041e+00 1.183010523493857713e+00 1.092109502662713894e+00 1.088493221778295217e+00 9.442717527481903073e-01
1.400071782063992520e+00 8.833756797822016615e-01 8.767869937190728713e-01 8.744328033094544983e-01 8.710002026142769083e-01 8.686174741231432739e-01 8.378651465252677788e-01
7.820137760817960526e+00 8.343365291968115827e+00 8.488153207318612559e+00 8.972912718750400529e+00 8.595466951000972244e+00 5.829126336794426599e+00 4.866309320308770836e+00
2.751738911354413286e+00 2.669206127912137294e+00 2.602567248225681418e+00 2.345007716637278250e+00 2.127502755484262487e+00 1.770789276246919952e+00 1.580637743317755417e+00
1.331974695623244553e+00 1.315973044603548248e+00 1.178280842438642839e+00 9.116979646958324190e-01 9.056993659235602623e-01 9.048706288355402583e-01 8.102794553959460355e-01
1.543440110037784363e+00 7.077190634501485667e-01 6.350946610158625383e-01 6.138812029320823704e-01 5.893326396034208603e-01 5.685839561170203948e-01 5.505211300850511025e-01
1.283334073656418495e+00 1.039240969447666751e+00 9.650864783482426823e-01 9.468580011350070658e-01 9.449240163374850177e-01 8.631180629997553533e-01 8.507600588648346340e-01
1.255975557154010325e+00 5.867679070813219822e-01 4.751419965605716000e-01 4.412352877796970052e-01 4.249409785702054632e-01 3.807212588242530060e-01 3.733727356255904795e-01
1.995651219066180593e+00 1.406604858059084862e+00 1.090337409303186345e+00 1.040456995490980807e+00 8.793104672755798212e-01 7.566214837515977676e-01 7.127119102119636729e-01
9.395937731450670682e+00 4.462888095344379025e+00 4.279337115857431151e+00 4.274303998143742511e+00 3.763400120094649193e+00 3.569442900292212340e+00 3.018808581383746859e+00
1.729173910061652775e+00 1.111315744155241481e+00 1.067615745066964106e+00 1.049428404153315286e+00 8.860776146569646627e-01 8.293773525362564403e-01 7.598922305556975454e-01
3.501502694432691687e+00 3.703416469714946757e+00 3.539778293777654739e+00 3.656693826004584924e+00 3.732871326077841889e+00 3.677985003402151953e+00 3.754144784686969327e+00
4.366780057307536822e+00 4.260168305269466771e+00 4.257911429960495653e+00 4.173320986110037545e+00 4.092237469441507791e+00 4.085161819943545325e+00 4.056690630290511912e+00
1.335630550221230672e+00 1.184676560069801710e+00 1.169660030753357782e+00 1.091535382414510646e+00 1.032291011433318362e+00 1.030249670155543473e+00 9.714348025921482055e-01
7.368292959344795445e-01 2.645008828245574151e-01 1.665077171825784796e-01 1.552763717344611272e-01 1.395253669136783392e-01 1.343733388852191568e-01 1.199817075450310550e-01
5.027018806634319326e+00 4.865496118485598487e+00 4.856979818679445060e+00 4.755030898091084701e+00 4.681663084418786980e+00 4.548515781457711959e+00 4.424085923587539604e+00
2.240647594788769403e+00 1.947154687776329940e+00 1.787999999866381362e+00 1.760755123566850822e+00 1.729971594680012714e+00 1.667923887765691227e+00 1.620341469113280697e+00
1.787717580888649183e+00 1.100672107446562409e+00 8.246733844887360609e-01 7.040847498709601471e-01 6.127081203084214778e-01 5.607252531404430806e-01 5.115016865020305392e-01
1.158922439659806125e+00 8.553413594803332964e-01 7.745622469351077788e-01 7.459180514721124311e-01 7.256515714569287123e-01 7.103881717529364481e-01 6.601341673892638928e-01
1.011915133656084764e+00 5.214023820665524278e-01 4.937837758970105018e-01 4.729335510769765438e-01 4.352759403900045010e-01 4.054761743143901476e-01 3.907663967695518825e-01
1.356223665060150019e+01 1.404508285130687106e+01 1.384493006143206806e+01 1.400909258604390217e+01 1.402756720285827896e+01 1.391365554796107062e+01 1.383243440720148598e+01
1.658684302585263115e+00 1.593793453216816980e+00 1.567119435799543714e+00 1.568341802662903905e+00 1.556112791721365074e+00 1.547508110285178207e+00 1.549522732935219249e+00
2.343247726935717257e+00 1.953086359124448723e+00 1.520560950934886080e+00 1.501157783962143721e+00 1.420952586158886310e+00 1.411677540608087922e+00 1.362761466398754617e+00
6.363124534748909156e+00 6.969648709848470070e+00 7.119076263931699344e+00 6.630965433169087042e+00 5.627747269507030303e+00 4.763857961348627157e+00 4.220880618120025574e+00
3.849092261173041596e+00 3.469929987954958328e+00 3.627492993043053282e+00 3.531148844419285560e+00 3.102640371017547416e+00 2.917340817610231785e+00 2.884022198325171704e+00
6.865424328800650011e-01 4.536737480347967644e-01 4.150382681509753868e-01 4.068312845026815783e-01 3.891458546279669695e-01 3.710465512673341570e-01 3.592013466577039793e-01
2.099802945771752416e+00 2.141490097022636263e+00 2.068215907349576277e+00 2.126555883621469967e+00 2.673648424526688494e+00 2.627157329451091261e+00 2.697334918998633757e+00
1.093185772650070442e+00 1.200975140826028742e+00 1.124461331675493003e+00 1.131140240550079668e+00 1.131888517491090207e+00 1.178071738842161542e+00 1.161483484205544592e+00
1.488307327677760972e+00 1.328724507271784816e+00 1.264258907435473978e+00 1.176137410785910387e+00 1.129005527495746675e+00 1.090480962532272446e+00 1.080355785921644829e+00
1.693248119867416079e+01 1.705101483763717241e+01 1.692992780022042965e+01 1.685672372783662354e+01 1.687127206275958713e+01 1.650090512096025819e+01 1.649527683012899715e+01
2.132168038930054355e+00 3.473457457882159982e+00 3.466531780500991200e+00 3.537223587882392106e+00 3.525623570764779391e+00 3.324152229639917522e+00 3.150946417795343013e+00
1.962741756588157305e+00 8.100286330998961448e-01 8.000885236840534764e-01 7.838723008294491423e-01 7.672454542567008762e-01 7.490750149824868531e-01 7.175199163276172465e-01
1.657985315440297480e+00 5.147246086228576267e-01 4.179452103551892228e-01 4.034569293927700029e-01 3.693006322265431352e-01 3.490272997527559262e-01 3.452445521915529225e-01
