2.291163294180597332e-01 2.023441678996842075e-01 2.014238232127658346e-01 2.030578829056465251e-01 1.810829446324264125e-01 1.834421747237155731e-01 1.610168036513558165e-01
9.884361394837974935e-01 1.019832250820557951e+00 1.239628757636517475e+00 1.493779343343192956e+00 1.165319690176518819e+00 1.162286197370757668e+00 9.647571776440767577e-01
0.000000000000000000e+00 0.000000000000000000e+00 0.000000000000000000e+00 0.000000000000000000e+00 0.000000000000000000e+00 0.000000000000000000e+00 0.000000000000000000e+00
2.818162970732835393e-01 2.562418429402158471e-01 2.730319001385842492e-01 2.557034306865270112e-01 2.363104832096334929e-01 2.270283683850559953e-01 2.204415473802980863e-01
5.638477198896402198e-01 2.670697373546959685e-01 1.909395316007256316e-01 1.784666978926005287e-01 1.774867604788774589e-01 1.213744219764172905e-01 1.138106713890285476e-01
2.869473467147852785e-01 2.646415587707018902e-01 2.526758912990986206e-01 2.351028297362067199e-01 2.352398873995782680e-01 2.384339546144490785e-01 2.151895522391277793e-01
0.000000000000000000e+00 0.000000000000000000e+00 0.000000000000000000e+00 0.000000000000000000e+00 0.000000000000000000e+00 0.000000000000000000e+00 0.000000000000000000e+00
0.000000000000000000e+00 0.000000000000000000e+00 0.000000000000000000e+00 0.000000000000000000e+00 0.000000000000000000e+00 0.000000000000000000e+00 0.000000000000000000e+00
3.849873949944312423e-01 3.361326292575513852e-01 2.893200890460546071e-01 2.718559730300068589e-01 2.523196274975044173e-01 2.497244577067445626e-01 2.412584400364631010e-01
0.000000000000000000e+00 0.000000000000000000e+00 0.000000000000000000e+00 0.000000000000000000e+00 0.000000000000000000e+00 0.000000000000000000e+00 0.000000000000000000e+00
0.000000000000000000e+00 0.000000000000000000e+00 0.000000000000000000e+00 0.000000000000000000e+00 0.000000000000000000e+00 0.000000000000000000e+00 0.000000000000000000e+00
0.000000000000000000e+00 0.000000000000000000e+00 0.000000000000000000e+00 0.000000000000000000e+00 0.000000000000000000e+00 0.000000000000000000e+00 0.000000000000000000e+00
2.395989542701898109e-02 2.593724833495388363e-02 2.545993832824215708e-02 2.399611934348502146e-02 2.013841140108604474e-02 2.689895258408432285e-02 3.356380533590831022e-02
0.000000000000000000e+00 0.000000000000000000e+00 0.000000000000000000e+00 0.000000000000000000e+00 0.000000000000000000e+00 0.000000000000000000e+00 0.000000000000000000e+00
0.000000000000000000e+00 0.000000000000000000e+00 0.000000000000000000e+00 0.000000000000000000e+00 0.000000000000000000e+00 0.000000000000000000e+00 0.000000000000000000e+00
7.326099965462430363e-01 5.871885022701317514e-01 3.417076634870460650e-01 3.025141623469833063e-01 1.298219905509429561e-01 1.170685966802749306e-01 1.236713081767082945e-01
3.863836985877000529e-01 3.071096768891303230e-01 3.005818863688237141e-01 3.044472535902389976e-01 3.298514730808654871e-01 3.368783328855641801e-01 3.350215275742003951e-01
0.000000000000000000e+00 0.000000000000000000e+00 0.000000000000000000e+00 0.000000000000000000e+00 0.000000000000000000e+00 0.000000000000000000e+00 0.000000000000000000e+00
0.000000000000000000e+00 0.000000000000000000e+00 0.000000000000000000e+00 0.000000000000000000e+00 0.000000000000000000e+00 0.000000000000000000e+00 0.000000000000000000e+00
0.000000000000000000e+00 0.000000000000000000e+00 0.000000000000000000e+00 0.000000000000000000e+00 0.000000000000000000e+00 0.000000000000000000e+00 0.000000000000000000e+00
0.000000000000000000e+00 0.000000000000000000e+00 0.000000000000000000e+00 0.000000000000000000e+00 0.000000000000000000e+00 0.000000000000000000e+00 0.000000000000000000e+00
4.988911295018411129e-01 2.308159764000758674e-01 2.281840202780361648e-01 1.481419092889735278e-01 1.523778967577713861e-01 1.325507989441555290e-01 1.244170737135686239e-01
0.000000000000000000e+00 0.000000000000000000e+00 0.000000000000000000e+00 0.000000000000000000e+00 0.000000000000000000e+00 0.000000000000000000e+00 0.000000000000000000e+00
2.624021795271175850e-01 2.424245154585893958e-01 1.943557961140648660e-01 1.391770244032232151e-01 1.167586406032852242e-01 1.105163078915025326e-01 1.107320808464584971e-01
0.000000000000000000e+00 0.000000000000000000e+00 9.902065337232325223e-03 2.558831197635851734e-02 3.781333895999827721e-02 4.203658285327640382e-02 4.960864472516481744e-02
5.839241004545436819e-01 1.280414613229163834e-01 1.170410879934851572e-01 1.138330031881638893e-01 9.749715101648585847e-02 9.699295695052481681e-02 8.916662027110722200e-02
0.000000000000000000e+00 0.000000000000000000e+00 0.000000000000000000e+00 0.000000000000000000e+00 0.000000000000000000e+00 0.000000000000000000e+00 0.000000000000000000e+00
0.000000000000000000e+00 0.000000000000000000e+00 0.000000000000000000e+00 0.000000000000000000e+00 0.000000000000000000e+00 0.000000000000000000e+00 0.000000000000000000e+00
0.000000000000000000e+00 0.000000000000000000e+00 0.000000000000000000e+00 0.000000000000000000e+00 0.000000000000000000e+00 0.000000000000000000e+00 0.000000000000000000e+00
0.000000000000000000e+00 0.000000000000000000e+00 0.000000000000000000e+00 0.000000000000000000e+00 0.000000000000000000e+00 0.000000000000000000e+00 0.000000000000000000e+00
4.783654392714402070e-01 4.715702586330525192e-01 2.268070239901272267e-01 1.550980605464364337e-01 1.544515058210225722e-01 1.158559482718316686e-01 1.224484799129181289e-01
5.412398724854056153e-01 5.036818582992296234e-01 4.685424121836023748e-01 3.517461607157422177e-01 3.319549433296523633e-01 3.043364236945995116e-01 3.267046882344939451e-01
0.000000000000000000e+00 0.000000000000000000e+00 0.000000000000000000e+00 0.000000000000000000e+00 0.000000000000000000e+00 0.000000000000000000e+00 0.000000000000000000e+00
4.089238780687562413e-02 5.469549298465089388e-02 2.871991293568422476e-02 4.494701896101161408e-03 2.007661859704813409e-02 2.032962806528502975e-02 1.975829029490388383e-02
0.000000000000000000e+00 0.000000000000000000e+00 0.000000000000000000e+00 0.000000000000000000e+00 0.000000000000000000e+00 0.000000000000000000e+00 0.000000000000000000e+00
0.000000000000000000e+00 0.000000000000000000e+00 0.000000000000000000e+00 0.000000000000000000e+00 0.000000000000000000e+00 0.000000000000000000e+00 0.000000000000000000e+00
3.352383880315012998e-01 2.568047567538745968e-01 2.408349049677510900e-01 2.320966672654598828e-01 2.263134262594861390e-01 2.219815938541817302e-01 2.157642002140177651e-01
0.000000000000000000e+00 0.000000000000000000e+00 0.000000000000000000e+00 0.000000000000000000e+00 0.000000000000000000e+00 0.000000000000000000e+00 0.000000000000000000e+00
0.000000000000000000e+00 0.000000000000000000e+00 0.000000000000000000e+00 0.000000000000000000e+00 0.000000000000000000e+00 0.000000000000000000e+00 0.000000000000000000e+00
0.000000000000000000e+00 0.000000000000000000e+00 0.000000000000000000e+00 0.000000000000000000e+00 0.000000000000000000e+00 0.000000000000000000e+00 0.000000000000000000e+00
1.179649705796971676e-01 9.176367871722211633e-02 8.504236659306528556e-02 7.209427770794343826e-02 7.688896943230374981e-02 6.931321605618392945e-02 6.821794893115008807e-02
1.153814492376530193e-01 1.139738842725332019e-01 1.188371402261054338e-01 1.081130527200375863e-01 8.713371474119237237e-02 5.735545912016845604e-02 6.511503430241592782e-02
0.000000000000000000e+00 0.000000000000000000e+00 0.000000000000000000e+00 0.000000000000000000e+00 0.000000000000000000e+00 0.000000000000000000e+00 0.000000000000000000e+00
4.614672106910334137e-01 4.246970512814968735e-01 3.796432102967237654e-01 3.715825278437658863e-01 3.391192115007945485e-01 3.285180870985732193e-01 3.749898747429185053e-01
0.000000000000000000e+00 0.000000000000000000e+00 0.000000000000000000e+00 0.000000000000000000e+00 0.000000000000000000e+00 0.000000000000000000e+00 0.000000000000000000e+00
2.713813287351112824e-01 2.439725936367235781e-01 2.433705380322854772e-01 2.390777477954618979e-01 1.909281773933429183e-01 2.250196303244674789e-01 2.233323354616585654e-01
4.144124849134339650e-02 3.877787429456586860e-02 3.828366286167021737e-02 3.981215999143378204e-02 3.994252537292646704e-02 3.890862896389561676e-02 2.842454545142442807e-02
9.741447192166580171e-02 1.101879800637549089e-01 1.097173818377073645e-01 1.095548146737375800e-01 6.527353210519923343e-02 6.530195025192632452e-02 1.974736388317941543e-02
