4.020106841579994539e-01 3.476234800310660233e-01 3.030860950321536684e-01 2.448549413565832555e-01 1.720770433821415812e-01 1.623524742067213034e-01 1.427333386161104833e-01
2.922433015716356386e-01 2.004056695507213104e-01 1.441525047926254244e-01 1.023907066356965906e-01 1.090464571578165232e-01 6.647197125408872698e-02 9.083254414948832567e-02
5.627688800653624090e-01 7.321756218560740437e-02 5.592930173812730305e-02 5.621075519760174860e-02 5.437819217276146366e-02 5.132895337732523711e-02 4.642798610744899163e-02
1.328499247835274455e-01 1.164296853087462696e-01 1.220969392851624646e-01 1.093890015993699838e-01 1.051056316697038251e-01 1.020027152154002886e-01 9.521940085834379452e-02
4.131242261499529222e-01 1.819901891020914986e-01 1.515815589443609834e-01 1.490266405864389965e-01 1.259041291427240583e-01 8.607554952134935378e-02 7.134069714575466681e-02
2.725878968369120359e-01 2.525639873564229920e-01 2.456239733951998683e-01 2.330322661432882025e-01 2.342603066082937502e-01 2.300221167373148468e-01 2.192970431819844246e-01
4.232526240975958975e-01 3.092392394953082449e-02 3.064355130383154477e-02 2.787052137318225126e-02 2.749556662183369471e-02 2.728694013525242296e-02 2.704248134479704524e-02
2.406916472353251013e-01 1.565863334806840423e-01 1.475303549511243484e-01 1.230700115829818364e-01 9.048546521211714433e-02 8.154004599537523212e-02 7.004477603599405799e-02
4.190111427272719125e-01 3.265092868368769663e-01 2.853226944299535606e-01 2.681826587214383162e-01 2.459346069833090731e-01 2.416304630407736798e-01 2.262269030190707519e-01
4.067576459740480099e-01 1.462478172399440113e-01 1.377744539626703235e-01 1.317421284310345553e-01 1.295524165697167773e-01 1.297153610088953024e-01 1.182575229481257900e-01
5.968297635580900595e-02 4.090068155927763932e-02 4.782383523117383212e-02 4.337843653571973879e-02 4.350376514662410155e-02 3.173817626528729896e-02 2.967254058309749115e-02
2.319613719222567427e-01 9.761288949106694535e-02 9.185415833125826213e-02 7.839904085936903744e-02 7.250047920730336160e-02 6.939526921031613504e-02 6.301317268809145111e-02
6.551070558822265077e-01 2.304977261046520509e-01 2.219946666160855786e-01 2.194006234832540092e-01 1.670955976273558741e-01 1.653929421391532317e-01 1.824950369198430900e-01
4.129482069345443151e-01 2.173160379665161623e-01 9.012173784956296896e-02 8.367200143254903411e-02 8.021828502872588307e-02 7.621368315574524044e-02 6.871152266686483823e-02
4.104562622956064999e-01 6.116627177610708260e-02 6.180124063451591238e-02 6.062560357695057772e-02 4.311001733011468606e-02 4.264701142625841601e-02 4.266001319048447205e-02
8.311204194170251913e-01 5.646738233862613754e-01 2.324198428392188209e-01 1.385901268257694885e-01 9.859786033764575408e-02 8.909249198157688510e-02 7.749063095672749368e-02
3.893067108320768521e-01 2.289399217181343760e-01 2.249291221260369122e-01 2.205503468448040960e-01 2.159872521980483739e-01 2.163003383448865169e-01 2.108416950992927641e-01
7.044325055256847601e-02 1.085020134912877306e-02 5.772183525798319989e-03 5.854903846079498840e-03 5.602868836084497206e-03 5.538802118040360260e-03 2.238851136324257127e-02
2.333807443362056200e-01 1.626030510093640913e-01 1.568623097724878845e-01 1.316796570079120932e-01 1.113139961243369974e-01 9.077120793337629945e-02 7.210994166873024858e-02
1.929261351357808296e-01 1.809360294926933010e-01 1.602452326990051468e-01 1.240839024688566022e-01 1.283982763489769086e-01 1.188715214776031037e-01 9.699371962132048719e-02
4.248679084938929984e-01 1.534038213523765126e-01 9.513563639128665150e-02 8.934982804375211918e-02 8.384312960533214787e-02 7.600391411818399612e-02 6.758191383843409339e-02
3.227811270356696904e-01 1.272203349107132175e-01 8.771227294440857303e-02 8.346404221343589613e-02 7.268453052217047072e-02 6.301807448286796121e-02 5.473178983418750670e-02
4.645034713854381270e-01 1.758464049533135787e-01 1.246019126713944630e-01 1.003898546624470700e-01 8.794572256948686440e-02 7.234827655855780026e-02 5.904136148213451341e-02
7.141848236446639575e-01 4.061582570205313214e-01 1.911075691486511241e-01 1.752640690479384533e-01 1.023711108450664903e-01 8.631975262756093337e-02 5.595311833828322395e-02
2.944148298054798940e-01 2.026638663166726272e-03 1.980708533124996701e-03 1.943189483898158853e-03 1.867777115616509141e-03 1.803116723657889045e-03 1.755799024368825262e-03
3.469796359725889623e-01 7.081818446559409730e-02 6.464846482251838944e-02 6.158948420312436445e-02 5.062002733582289526e-02 5.051878143523828857e-02 5.056450059081526310e-02
1.889643645335759847e-01 1.386968701045093733e-01 1.480597766155707651e-01 1.415421479933318127e-01 1.393009016626658714e-01 1.329111859608432256e-01 1.182869142886081304e-01
6.889660441608652652e-02 2.148705302055955307e-02 2.139000240158821231e-02 2.067389565049973163e-02 2.040923282821151263e-02 1.992240667190105577e-02 1.969778911703875743e-02
2.425471207000948481e-01 2.087423985342714283e-01 2.129233392255904245e-01 1.935926313210373784e-01 1.829155268107349464e-01 1.771138940836822218e-01 1.597854242645641576e-01
3.262787499760861354e-01 6.824901596850412033e-02 4.584219832521137239e-02 4.195496482268781108e-02 3.536480976053223840e-02 3.183369787466391876e-02 2.622978034999154037e-02
1.637765458985948053e-01 1.365916205807491124e-01 1.231119510097883757e-01 1.130451565116101648e-01 1.095686958984662396e-01 1.023700921117531859e-01 9.539817565716805781e-02
4.769125882032646535e-01 2.181947095784610435e-01 1.449332105479385069e-01 1.233690092003682376e-01 9.584678296578168222e-02 9.102892458733222170e-02 8.250178654911721754e-02
5.250723067727388615e-01 1.066340108939558690e-01 5.269393051718587739e-02 3.777807312860875094e-02 3.542558066160887698e-02 3.505947087062240980e-02 3.400141104671627196e-02
4.713868966443345854e-01 3.557939861216888322e-01 2.881731766242401349e-01 2.611790361399965454e-01 2.450359011957926880e-01 2.411748820821448813e-01 2.201419509428029775e-01
2.904720033846024396e-01 7.126008207718803611e-02 6.815757641620535934e-02 6.051800990249737999e-02 5.136169847182806003e-02 4.650177974440568990e-02 4.085344076782868039e-02
7.019801491278095107e-02 4.964009590487574591e-02 5.791738498820089148e-02 5.376297595819827524e-02 5.230008989607236314e-02 5.310389953511690520e-02 5.123220795398355371e-02
3.801417975777835467e-01 3.102014223090736045e-01 2.958359408930565371e-01 2.588984140884778573e-01 2.544409921279611186e-01 2.494464908341793574e-01 2.412746207723398817e-01
3.669734055896295977e-01 3.925461646519531889e-02 3.831912068644006270e-02 3.439908436528754665e-02 2.852105264044041411e-02 2.757275563722354564e-02 2.586255624474648879e-02
1.875319775213630802e-01 5.380250458173201078e-02 5.106316516416584822e-02 4.975866625931332776e-02 4.192304408032952734e-02 3.646669971533249982e-02 3.009156344467682834e-02
3.692180629585519736e-01 2.642480569488179221e-01 1.184204919017918800e-01 1.066679391434607604e-01 9.414258927220718609e-02 9.163248227592740713e-02 1.140390222247190249e-01
2.624627066949676291e-01 1.396364028495028220e-01 1.228574279669597952e-01 1.173161752821346437e-01 1.091020589885607350e-01 1.058802598004344730e-01 9.363428466325447730e-02
6.223943050272616739e-01 5.782729424097949877e-01 5.257699581267899491e-01 4.856495620951593595e-01 4.798125117378426174e-01 4.061442152581942744e-01 4.580756499237945700e-01
1.044454055536613067e-03 1.085758380941618970e-04 1.031693939344339566e-04 1.024735601013745208e-04 1.022552909523133515e-04 1.071359517758198836e-04 1.050993164401093906e-04
2.406916472353251013e-01 1.565863334806840423e-01 1.475303549511243484e-01 1.230700115829818364e-01 9.048546521211714433e-02 8.154004599537523212e-02 7.004477603599405799e-02
4.073602449191401215e-02 6.541295548442764216e-03 8.416248934296431325e-03 7.510425162641857708e-03 7.280099855895195808e-03 8.149591565620690342e-03 7.445332350773737999e-03
8.946976115466585000e-01 6.273529744758947757e-01 6.256979492534184839e-01 6.205398157085327826e-01 6.180808846232310749e-01 6.142975023999560635e-01 6.109149035872093458e-01
4.913107915771894874e-01 8.974673297982839471e-02 8.648533822044354724e-02 8.371549451880522241e-02 7.491995534216198960e-02 7.404260940849473338e-02 6.948958631813759168e-02
6.759724112157668996e-01 1.530421802093880623e-01 8.842799892811818718e-02 7.207711921352932816e-02 6.814834726056999414e-02 6.285334699793684865e-02 6.767960129867575669e-02
