3.847320796936285259e+00 3.766716173157447223e+00 3.684015297027912972e+00 3.729135683484258390e+00 3.775653433415561810e+00 3.721315844700417763e+00 3.667964270590581499e+00
1.869905071900432958e+01 1.745721492192202717e+01 1.646375428173805844e+01 1.489233545622012578e+01 1.347059046062283905e+01 1.260966411214212002e+01 1.179968197541304775e+01
2.737288810788473636e+00 2.473933396484842007e+00 2.227270498331408444e+00 2.082409668138675674e+00 1.952219151327521551e+00 1.912460471882337698e+00 1.872792578344997905e+00
1.104666428495538710e+01 1.331786007525505156e+01 1.555753754201916195e+01 1.666577562640459220e+01 1.771060909721924048e+01 1.755969708063418366e+01 1.741290466001034787e+01
4.563724415440839621e+00 3.728504041188424711e+00 3.009535287933996273e+00 2.613001212926813643e+00 2.281025844508571154e+00 2.116080512244681522e+00 1.963146468443941250e+00
1.252892377366114640e-01 9.819028222376159631e-02 8.241238769520439766e-02 1.203597073475460161e-01 1.489931073827566455e-01 1.455309878786249511e-01 1.422559497562284336e-01
9.417795756900191328e-01 9.017884257611354926e-01 8.658724022763272243e-01 8.040178159783513134e-01 7.505172638844881394e-01 7.205697036155253032e-01 6.916944455855733587e-01
0.000000000000000000e+00 0.000000000000000000e+00 0.000000000000000000e+00 0.000000000000000000e+00 0.000000000000000000e+00 0.000000000000000000e+00 0.000000000000000000e+00
5.048338775669731326e+00 4.793716148512204178e+00 4.548231719997494871e+00 3.994480243068632586e+00 3.567689345716073213e+00 3.527443834809611989e+00 3.487711689282851690e+00
2.343359752912974159e+00 1.550104763773273220e+00 1.016897265854849630e+00 1.007309844826233203e+00 9.979846291042495654e-01 9.267203672951691562e-01 8.574468482502529687e-01
2.278752535438323346e+00 1.352614688971339518e+00 8.872610059619600031e-01 8.629836489589314263e-01 8.407938694263241697e-01 7.454025460933515479e-01 6.631759664650875852e-01
1.697450798241333603e+00 1.099386678510544835e+00 6.871394854446111200e-01 5.998585706100159065e-01 5.218431395772262782e-01 5.124255994850875906e-01 5.031406478501834201e-01
2.182456608321322822e+00 1.560635796484988402e+00 1.058413656200073660e+00 9.996459640604594687e-01 9.404859047900071545e-01 9.289093566377766287e-01 9.170984812522998686e-01
4.946594685111901590e+00 4.372846870210642223e+00 3.879398294180785634e+00 3.554226417418627992e+00 3.265574594031016353e+00 3.166319456746395034e+00 3.071714740505753216e+00
1.251926048999365992e+00 9.308643708226965741e-01 5.963126282343280682e-01 4.851949569633385861e-01 3.820478675661044266e-01 3.703380287566788165e-01 3.587091714807544851e-01
2.894673793955829577e+00 2.685011882168495401e+00 2.459549881410670658e+00 2.360227520869877083e+00 2.262676343400551460e+00 2.134427004691787477e+00 2.017037594916163190e+00
1.116802718790473881e+00 7.280109790059384745e-01 4.747022821239637591e-01 4.208848021286361596e-01 3.722608301514170326e-01 3.406853481373401937e-01 3.092163208865871815e-01
1.815678246165987630e+01 1.831506143399541386e+01 1.848500372489024812e+01 1.763324476666644358e+01 1.688127465999163945e+01 1.630983554673788305e+01 1.576873783763661763e+01
3.232372343177149610e+00 3.028020428477121495e+00 2.839750699805457579e+00 2.855823171192392262e+00 2.872307178744376355e+00 2.816792747630673777e+00 2.762210580006025484e+00
8.641860198624726763e-01 8.491628654716202318e-01 8.341213723113857226e-01 8.496925914976598548e-01 8.661000740345439208e-01 8.679048184986845049e-01 8.697666777315280484e-01
3.679661407786833927e+00 2.972197888129721299e+00 2.366613391386539700e+00 2.113518859266070304e+00 1.891207878098759787e+00 1.796537659030741585e+00 1.705725924483524780e+00
3.417953345189380432e+00 3.173978730922152991e+00 2.938754105511249826e+00 2.846659515913099625e+00 2.756081491340707679e+00 2.642293950045501383e+00 2.534406851081423273e+00
8.397892058362565137e+00 7.833454563243244628e+00 7.323397091975902384e+00 7.736328408218329677e+00 8.191019221723024657e+00 8.386271710662031253e+00 8.591818082361365683e+00
5.272556010414100491e+00 4.814196302331127164e+00 4.350661971314076837e+00 3.747467871758622504e+00 3.254399034700577342e+00 3.076967557728329528e+00 2.909717814913117540e+00
1.608452545435465231e+00 9.811186110403345983e-01 5.279002672937090912e-01 4.910159647572732711e-01 4.578287582789202226e-01 4.334008928497411484e-01 4.100270853045374642e-01
1.230402863589530993e+00 8.181300222676067824e-01 4.867484625410040122e-01 4.160508512259683545e-01 3.565084492364782864e-01 3.244798151003527864e-01 2.946729067079454367e-01
1.792357184645328871e+01 1.553807659907968564e+01 1.361393221457511515e+01 1.347945755505501353e+01 1.334526552654014608e+01 1.189349363795245651e+01 1.063188173092314948e+01
1.217823640250814909e+00 1.132343178325736277e+00 1.057826070683870467e+00 8.867828018281848079e-01 7.610888441700558449e-01 6.901439517491702036e-01 6.249766750320969733e-01
5.725459409793166365e+00 5.540493122596567233e+00 5.370860759480588165e+00 5.281996355499563478e+00 5.197539608041450876e+00 5.060403204172797764e+00 4.930347543358427842e+00
1.107080801735138031e+01 1.055219120456932558e+01 1.001926311398219127e+01 1.037092228703652808e+01 1.073051113613682439e+01 1.047645630139867912e+01 1.022432635896698727e+01
8.621832314705392131e-01 8.273093424128967754e-01 7.954571507436799527e-01 7.429011304051064135e-01 6.964319100419897879e-01 6.729757893553610648e-01 6.509945382059821872e-01
5.767495073603228661e+00 5.442306073389707954e+00 5.128419906294940489e+00 5.211666307434236423e+00 5.298126749321280471e+00 5.030359375068388594e+00 4.785866968871873794e+00
5.702661344670397092e+00 5.010978274596519455e+00 4.344175510178768462e+00 4.217203675168931909e+00 4.097353961429237579e+00 3.931633388476173607e+00 3.770152005442849230e+00
1.533454143428002237e+00 1.428414220369448318e+00 1.318889630303205385e+00 1.248529635009120620e+00 1.180642089371690906e+00 1.174792152158968372e+00 1.168955917001464062e+00
3.060398323084819960e+00 2.367386679364150925e+00 1.803558505598493733e+00 1.655515632031905771e+00 1.520104080152849146e+00 1.478150418497854446e+00 1.438083759307065446e+00
5.791887138066877938e+00 5.929907734971063604e+00 6.071628452716200997e+00 6.043884074423576891e+00 6.018420411265616110e+00 5.958410432394038558e+00 5.899721774780795513e+00
1.940751432879041172e+00 1.806406660070988268e+00 1.643213841233511330e+00 1.564758000916042890e+00 1.491213690970780048e+00 1.394549895411626883e+00 1.306754141579248518e+00
5.874085461404699338e+00 5.029240657784803226e+00 4.303253874422932057e+00 4.347157014759264193e+00 4.391336253964800207e+00 4.197019727479223583e+00 4.012041933828069951e+00
1.483749492349226484e+00 1.152974716445042569e+00 8.496725880223466865e-01 6.715648174537842685e-01 5.231619652364616346e-01 4.546358517804667265e-01 3.914491898223942945e-01
4.160267388972340719e+00 2.928825019416258169e+00 2.154728611573437203e+00 2.099696782006328366e+00 2.040240683623723683e+00 1.992108965494176820e+00 1.944434450269110437e+00
2.713359043086768896e+00 2.223972511466651980e+00 1.813605880498999623e+00 1.642130169949301832e+00 1.493363169449653416e+00 1.438595302428482103e+00 1.386545310689818455e+00
1.696778643032050127e+01 1.677384573607641727e+01 1.659708307298743080e+01 1.618873866376630843e+01 1.580576463230479511e+01 1.474001210200741063e+01 1.375511321946826016e+01
3.400864790325791365e+00 3.282364695049672321e+00 3.168823361577366882e+00 2.867469599850957618e+00 2.633814574395825669e+00 2.666971379719875301e+00 2.701939623080052311e+00
2.033247108613915444e+00 1.808750200496920479e+00 1.608081219927656624e+00 1.560081012815128787e+00 1.513426746265676304e+00 1.458832387196121516e+00 1.406637608283170193e+00
6.404355208215439355e+00 6.432312480625141937e+00 6.462185245885056162e+00 6.227004917597722233e+00 6.017746192226390178e+00 5.851753979674164441e+00 5.693141915899354366e+00
4.123807224725564602e+00 4.177757966101228959e+00 4.256591899889079045e+00 4.326314138506553775e+00 4.396221062511929567e+00 4.123649756441650993e+00 3.882605962058875093e+00
4.105752334172770190e+00 3.741138735234379897e+00 3.413704822430454033e+00 3.161200560522072323e+00 2.937398995507283228e+00 2.809746093388650223e+00 2.689103583058521707e+00
2.389040150229160275e+00 1.890910043415811259e+00 1.438488041361814629e+00 1.497913319664676779e+00 1.553550645951992992e+00 1.461298905132148995e+00 1.374639040221746100e+00
