1.471225015356119048e+00 1.571978469494079711e+00 1.482945309366185072e+00 1.498605879051288392e+00 1.560323310279158049e+00 1.619707457281704288e+00 1.656653976826743202e+00
1.811460803616571580e+00 1.809453622639032311e+00 1.806367256015255274e+00 1.800872374975927670e+00 1.804365865474340636e+00 1.802747081670641238e+00 1.805708332480819633e+00
0.000000000000000000e+00 0.000000000000000000e+00 0.000000000000000000e+00 0.000000000000000000e+00 0.000000000000000000e+00 0.000000000000000000e+00 0.000000000000000000e+00
6.475135953192917571e-01 6.264882177701942556e-01 6.166730338390398192e-01 5.979579234839594859e-01 5.835041052900317160e-01 5.701518150809241625e-01 5.484344591074927777e-01
1.775511794759454531e+00 1.813185440318958452e+00 1.769402310623273245e+00 1.750490392896117298e+00 1.724476521781222349e+00 1.571901110196628037e+00 1.561490347877870999e+00
1.458176197228277404e+00 1.445988661509449935e+00 1.446543695986364009e+00 1.479342268588149656e+00 1.462787671255903588e+00 1.458146335900003754e+00 1.458557032247599139e+00
0.000000000000000000e+00 0.000000000000000000e+00 0.000000000000000000e+00 0.000000000000000000e+00 0.000000000000000000e+00 0.000000000000000000e+00 0.000000000000000000e+00
0.000000000000000000e+00 0.000000000000000000e+00 0.000000000000000000e+00 0.000000000000000000e+00 0.000000000000000000e+00 0.000000000000000000e+00 0.000000000000000000e+00
6.956927332300592015e-01 6.246665470398545805e-01 5.512878667287547385e-01 5.372946573328946096e-01 4.783952371275743132e-01 4.765230513108005272e-01 4.736774283648092498e-01
0.000000000000000000e+00 0.000000000000000000e+00 0.000000000000000000e+00 0.000000000000000000e+00 0.000000000000000000e+00 0.000000000000000000e+00 0.000000000000000000e+00
1.013944364733483461e+01 4.912201264683355717e+00 4.709472748490913574e+00 4.716464416560938844e+00 3.111791783879043649e+00 3.115640834765096123e+00 2.536781580194287677e+00
0.000000000000000000e+00 0.000000000000000000e+00 0.000000000000000000e+00 0.000000000000000000e+00 0.000000000000000000e+00 0.000000000000000000e+00 0.000000000000000000e+00
1.922325106064469782e-02 1.602541710062715952e-02 1.579014879813363942e-02 1.557666940646617974e-02 2.693639059663542959e-02 3.101343144311435179e-02 3.420529665096468108e-02
0.000000000000000000e+00 0.000000000000000000e+00 0.000000000000000000e+00 0.000000000000000000e+00 0.000000000000000000e+00 0.000000000000000000e+00 0.000000000000000000e+00
0.000000000000000000e+00 0.000000000000000000e+00 0.000000000000000000e+00 0.000000000000000000e+00 0.000000000000000000e+00 0.000000000000000000e+00 0.000000000000000000e+00
1.590845057063634771e+00 1.281228123535100405e+00 1.033201491439661668e+00 7.654507091319725509e-01 6.055958066823692310e-01 5.975559997090430508e-01 6.869315750545808008e-01
1.457069258585039107e+00 1.351149254880149586e+00 1.351695216183447013e+00 1.297162405513546890e+00 1.279118798249256672e+00 1.257741955205536222e+00 1.280581821197578796e+00
0.000000000000000000e+00 0.000000000000000000e+00 0.000000000000000000e+00 0.000000000000000000e+00 0.000000000000000000e+00 0.000000000000000000e+00 0.000000000000000000e+00
0.000000000000000000e+00 0.000000000000000000e+00 0.000000000000000000e+00 0.000000000000000000e+00 0.000000000000000000e+00 0.000000000000000000e+00 0.000000000000000000e+00
0.000000000000000000e+00 0.000000000000000000e+00 0.000000000000000000e+00 0.000000000000000000e+00 0.000000000000000000e+00 0.000000000000000000e+00 0.000000000000000000e+00
0.000000000000000000e+00 0.000000000000000000e+00 0.000000000000000000e+00 0.000000000000000000e+00 0.000000000000000000e+00 0.000000000000000000e+00 0.000000000000000000e+00
2.040140969616536459e+00 2.134856395159887565e+00 2.146435159397910297e+00 2.143425941580286320e+00 2.143010386367188769e+00 2.110488897946879217e+00 2.102136368838063429e+00
0.000000000000000000e+00 0.000000000000000000e+00 0.000000000000000000e+00 0.000000000000000000e+00 0.000000000000000000e+00 0.000000000000000000e+00 0.000000000000000000e+00
7.507447996482224939e-01 6.933915305778468596e-01 5.756817373815404926e-01 5.716711036175453620e-01 5.125316238796669976e-01 5.150851295262498519e-01 5.174437583425413045e-01
2.266093527452757073e+01 2.266329156892774677e+01 1.602238905500728450e+01 8.382982965332187675e+00 5.463616636238869617e+00 4.056106152086640826e+00 3.322535071999661582e+00
1.836904660258573685e+00 1.144584080345346422e+00 1.017741646846658465e+00 1.012381138735016783e+00 8.798806564108679895e-01 8.808799777124567409e-01 8.202402050763836217e-01
0.000000000000000000e+00 0.000000000000000000e+00 0.000000000000000000e+00 0.000000000000000000e+00 0.000000000000000000e+00 0.000000000000000000e+00 0.000000000000000000e+00
0.000000000000000000e+00 0.000000000000000000e+00 0.000000000000000000e+00 0.000000000000000000e+00 0.000000000000000000e+00 0.000000000000000000e+00 0.000000000000000000e+00
0.000000000000000000e+00 0.000000000000000000e+00 0.000000000000000000e+00 0.000000000000000000e+00 0.000000000000000000e+00 0.000000000000000000e+00 0.000000000000000000e+00
0.000000000000000000e+00 0.000000000000000000e+00 0.000000000000000000e+00 0.000000000000000000e+00 0.000000000000000000e+00 0.000000000000000000e+00 0.000000000000000000e+00
3.941652626696031114e-01 3.910822986507838661e-01 2.681816738810194889e-01 2.251389181808898798e-01 2.150852963336789825e-01 1.700447979284925026e-01 2.195500917542368424e-01
2.552658079399713564e+00 2.697926431479597209e+00 2.796709455017959645e+00 2.848910389559861311e+00 2.901227628042980733e+00 2.886964336354373550e+00 2.906789550144592393e+00
0.000000000000000000e+00 0.000000000000000000e+00 0.000000000000000000e+00 0.000000000000000000e+00 0.000000000000000000e+00 0.000000000000000000e+00 0.000000000000000000e+00
7.163062376460947733e-02 4.676177831842175808e-02 4.666799146103769308e-02 4.467548533671437949e-02 4.458119095089384254e-02 4.446677810179595902e-02 4.441002913305933802e-02
0.000000000000000000e+00 0.000000000000000000e+00 0.000000000000000000e+00 0.000000000000000000e+00 0.000000000000000000e+00 0.000000000000000000e+00 0.000000000000000000e+00
8.535620082881321125e+00 8.527870657941623023e+00 8.961427415680295994e+00 8.946979888121649793e+00 4.629899917686086219e+00 4.653435521270041342e+00 4.285561240491795765e+00
1.397967321041813538e+00 1.375992768627581686e+00 1.344404487512028012e+00 1.342200858138127950e+00 1.344127569064543559e+00 1.337924067228896341e+00 1.346532581469866763e+00
0.000000000000000000e+00 0.000000000000000000e+00 0.000000000000000000e+00 0.000000000000000000e+00 0.000000000000000000e+00 0.000000000000000000e+00 0.000000000000000000e+00
0.000000000000000000e+00 0.000000000000000000e+00 0.000000000000000000e+00 0.000000000000000000e+00 0.000000000000000000e+00 0.000000000000000000e+00 0.000000000000000000e+00
0.000000000000000000e+00 0.000000000000000000e+00 0.000000000000000000e+00 0.000000000000000000e+00 0.000000000000000000e+00 0.000000000000000000e+00 0.000000000000000000e+00
1.603406441917876735e-01 1.184645130585983974e-01 1.100689903847027751e-01 1.082277998326048735e-01 1.088718975202613154e-01 1.114576576151783127e-01 1.067356292352975161e-01
8.033952977451379596e-01 9.455616374857678252e-01 1.002749726306469080e+00 9.614279106057105340e-01 7.175212860979717222e-01 5.773582723211234669e-01 5.597707734744709063e-01
0.000000000000000000e+00 0.000000000000000000e+00 0.000000000000000000e+00 0.000000000000000000e+00 0.000000000000000000e+00 0.000000000000000000e+00 0.000000000000000000e+00
8.035685293668584084e-01 8.051383870167905243e-01 8.029835948222751041e-01 8.021521974791651077e-01 8.001157692269030841e-01 7.966061024497642640e-01 7.928709232541218954e-01
2.252660452181569184e+01 2.251079567224773470e+01 2.250124288668489214e+01 2.248711647685298587e+01 2.247378040249174802e+01 2.246385083626746848e+01 2.245254116822740897e+01
5.737367355871088037e-01 9.011834394516076152e-01 8.996224707557719524e-01 9.793813392211414559e-01 8.287133823436387825e-01 8.255607269779524637e-01 8.224011086001279391e-01
6.901987825772558371e-02 6.753823703453883109e-02 6.727535837111026096e-02 6.663101580092324616e-02 6.583773589496676182e-02 6.552534470760448815e-02 4.950262555867068065e-02
2.033804655868892697e-01 2.007175431988225955e-01 2.005604196233806980e-01 2.002990929422869826e-01 1.187074742556147727e-01 1.187239330345676025e-01 4.643749569592241916e-02
