4.201056114037398093e-01 3.412279728424549297e-01 2.623069924862885816e-01 2.337190998236811368e-01 2.058235822507991919e-01 1.883145859166694969e-01 1.717796962197510324e-01
3.368096917207218377e-01 1.607131241484427431e-01 4.912846101709596180e-02 4.836405279623427061e-02 4.766889905065401639e-02 4.388639411735417023e-02 4.029557020296242742e-02
4.300200122629531108e-01 3.342133019812308370e-01 2.446365011196262595e-01 2.399924299490504009e-01 2.361542505653824731e-01 2.168698244570064215e-01 1.978318772383608759e-01
1.692636592280839791e-01 1.467891089934668380e-01 1.250037416594725614e-01 1.273743072673017562e-01 1.295937135400646312e-01 1.276174381475142783e-01 1.257085553214868923e-01
4.253880297228809226e-01 2.607268892350084744e-01 1.315314773403817861e-01 1.240249209750419607e-01 1.174582409282581147e-01 9.180475615395472522e-02 6.828507186812460272e-02
1.850055549146946698e-01 1.387789160672756872e-01 1.163554643404526856e-01 1.447912724003802554e-01 1.639786714813305513e-01 1.624322329508765816e-01 1.608609516948723561e-01
2.583806444158771587e-01 2.442906275905508406e-01 2.321114196311661604e-01 2.140154393110172970e-01 1.981362822622662334e-01 1.861803697226093179e-01 1.747098274950502350e-01
0.000000000000000000e+00 0.000000000000000000e+00 0.000000000000000000e+00 0.000000000000000000e+00 0.000000000000000000e+00 0.000000000000000000e+00 0.000000000000000000e+00
4.034368145570621511e-01 2.806116521964018840e-01 1.701284144074519944e-01 1.458060383727203813e-01 1.248390097932834536e-01 1.185082638155432744e-01 1.122969199328507778e-01
3.688091015593309985e-01 1.951192839910078081e-01 5.666371275724015055e-02 3.931726031126601267e-02 2.607588539783598294e-02 2.711251631555349276e-02 2.814141943159902820e-02
1.551837227138888331e-01 5.557986629157991160e-02 1.439867446337230426e-02 2.437078756870466115e-02 3.362402310468508293e-02 3.492949926825388018e-02 3.621076571963086077e-02
4.099969677060477657e-01 2.314301717709203454e-01 8.519429024648987603e-02 6.550020621033660062e-02 4.726500512507259694e-02 4.674712932264459692e-02 4.622514551662923465e-02
7.106293632920110959e-01 4.288219816325978817e-01 1.926051777771196349e-01 1.636061728622874301e-01 1.359211724831662915e-01 1.318379357353493819e-01 1.277016509933418253e-01
4.865922651546508160e-01 3.243068702821668148e-01 1.909286864493829339e-01 1.555956721293437206e-01 1.252556523162419722e-01 1.211598244526821133e-01 1.171542448735724690e-01
4.966282198643190426e-01 3.434840479298020277e-01 1.666230361078541999e-01 1.322082451562726912e-01 1.000852890004729767e-01 9.827296155492368235e-02 9.648735092609947439e-02
4.774911925481470920e-01 3.458875469408881909e-01 2.118772278210072080e-01 1.895590150725841305e-01 1.660290913905028698e-01 1.542892520026692416e-01 1.437009897053524721e-01
3.360072377455781689e-01 1.830102091228613670e-01 8.867906757560814479e-02 6.637776541592077528e-02 4.661669085042819544e-02 4.512302681459398612e-02 4.363872900813664524e-02
5.223329730852129676e-02 3.191120078927724840e-02 1.119600830382896407e-02 1.063160620152762623e-02 1.015406796616999570e-02 9.578155660474306846e-03 9.053256078977276952e-03
3.579394663504280594e-01 2.889566578217238613e-01 2.275906485387021172e-01 2.135070329707355330e-01 1.994622301908232365e-01 1.839214138701754653e-01 1.684443378978882355e-01
3.056085400525202500e-01 2.946654814837795233e-01 2.843753505331260700e-01 2.683483001209788221e-01 2.518020614605389063e-01 2.335440412973689706e-01 2.162193614025915145e-01
5.347843031861418961e-01 3.369152572171706939e-01 1.586484854856235194e-01 1.408041416941867019e-01 1.236525363986852172e-01 1.178404175019336225e-01 1.121167604034405407e-01
3.598888296099776452e-01 2.482215168951737161e-01 1.473871413783612860e-01 1.315707204866438107e-01 1.179523281169033849e-01 1.112621510949433623e-01 1.048250662939142902e-01
4.640622626499759096e-01 2.371020588976463228e-01 1.072628238687662744e-01 7.840663973104200490e-02 5.202465649668732567e-02 4.975098153970136661e-02 4.745037462513035376e-02
5.858332372366688023e-01 4.007122654792111827e-01 2.416675211991383132e-01 1.773028786301004689e-01 1.228030243551221090e-01 1.181243074147062116e-01 1.135201370746785760e-01
5.075410927719657961e-01 2.630792447850088256e-01 8.777999666575291016e-02 8.992473663302293085e-02 9.183071948079457592e-02 8.767035708554475615e-02 8.369185622960328974e-02
4.080533816677736070e-01 2.479378191875211412e-01 9.774664415220049585e-02 8.400216353134602743e-02 7.130612115537642015e-02 6.456894316512905296e-02 5.839577363264984722e-02
2.002229767396935256e-01 1.450684612611667923e-01 9.985953257364010849e-02 1.144853228465650963e-01 1.270792725073645879e-01 1.285713902453902435e-01 1.298379733198611885e-01
2.228497244654403520e-01 2.320211570304394899e-01 2.385979396182243695e-01 1.995759038830259291e-01 1.712489278588376074e-01 1.498993000918150131e-01 1.305528743802321368e-01
1.324227416828806791e-01 1.230101318218769640e-01 1.148393547513861385e-01 1.104369766965327126e-01 1.063458898185583451e-01 9.700509058795676876e-02 8.797730130927214343e-02
7.197964380649699012e-02 6.771904348994675638e-02 6.346375650546748348e-02 6.427097945636274512e-02 6.511937368533504689e-02 6.593362524937147751e-02 6.677756974957529956e-02
8.337896884280417142e-02 1.033482519377731668e-01 1.202740506388701863e-01 1.377395400602241526e-01 1.503169313088666414e-01 1.418497625509363980e-01 1.343591822939134428e-01
4.476715356914408583e-01 3.213906445153165148e-01 1.944789480471063314e-01 1.677892201405871975e-01 1.400362636607208611e-01 1.284525206910970274e-01 1.173080315051786143e-01
5.402840604004193192e-01 3.322986570547895036e-01 1.334726078521325521e-01 1.261912546820259107e-01 1.191060256135765549e-01 1.082892905873560491e-01 9.792263235704645741e-02
4.512222086853114877e-01 3.780881469073870127e-01 3.067555938909948821e-01 2.974379149796054778e-01 2.886425696542357366e-01 2.763216217561753063e-01 2.649582903338723594e-01
3.435089931338878300e-01 1.832473027918092023e-01 5.554943448227991909e-02 4.803990433590212689e-02 4.110140690726185597e-02 3.903004814112013415e-02 3.705852111754687206e-02
1.553914984208273897e-01 1.462381136754475064e-01 1.370751644742823350e-01 1.410174516217184426e-01 1.446635193166149469e-01 1.449533270489199166e-01 1.452372497032358156e-01
4.694272836904777590e-01 3.837231491020900442e-01 2.772562362034436956e-01 2.585642486473528900e-01 2.409352616876626052e-01 2.165654207187122371e-01 1.945449646399988186e-01
4.413330268163193071e-01 2.943958596641084169e-01 1.491773802129937598e-01 1.177149938708331733e-01 8.926264782569910683e-02 8.518432187409075151e-02 8.115056095672244785e-02
4.505033864630165752e-01 2.929213787780275413e-01 1.488579706265304448e-01 1.352922196498381469e-01 1.229210115696749567e-01 9.522194212582653361e-02 7.041903044558850411e-02
8.352452045910179201e-01 4.540148396714082102e-01 2.344580950476182479e-01 1.946664394749680060e-01 1.521940750907185558e-01 1.445049142551363131e-01 1.365873748793505760e-01
3.831461068331930009e-01 2.465215995058556153e-01 1.238323664541386288e-01 1.155292769639707090e-01 1.079557110990525676e-01 1.007393802657354370e-01 9.378504981016895503e-02
4.391838712171650672e-01 3.472652782216709144e-01 2.678917466091447763e-01 2.743208715319089275e-01 2.796021880401670101e-01 2.578280046317087404e-01 2.377488425161732311e-01
5.877298554324142388e-02 6.423407135163071435e-02 6.842484797249588635e-02 5.523380010690326358e-02 4.320844023232053160e-02 4.130669404006128559e-02 3.946072878155961611e-02
3.913860145785890698e-01 3.086706878980107760e-01 2.341658303559592258e-01 2.129504840389554732e-01 1.922657173822046595e-01 1.759782665068847507e-01 1.603268641586908516e-01
5.759421317181862010e-02 3.843940549054265104e-02 1.886303543853220382e-02 1.755426423449178708e-02 1.643022995259322758e-02 1.543230343247172127e-02 1.451168909776854275e-02
2.858704511025753625e-01 1.756870878879571163e-01 1.048125378355733439e-01 9.080898425057497281e-02 7.757873325790520802e-02 6.705728519471884641e-02 5.737611036911635654e-02
1.837710907614440725e-01 1.428669265215632145e-01 1.053139691329500055e-01 9.491453753577297481e-02 8.532321482751503705e-02 7.578431690370462936e-02 6.700082903727055950e-02
6.775649617056119789e-01 4.615472420245732565e-01 2.656219653734915309e-01 2.743765886931914810e-01 2.814906429597643367e-01 2.666876955274686267e-01 2.526067026680604011e-01
