3.972489891649927607e+00 3.985276167959686422e+00 3.998893093401979737e+00 4.084785256714162927e+00 4.174292630383242830e+00 3.983368354113043797e+00 3.807035438923943804e+00
1.677767986382836085e+00 1.051181493475254802e+00 6.764130823455144492e-01 6.137713748537780845e-01 5.566275595656177133e-01 5.380222552688372906e-01 5.212488327109372488e-01
2.818095981772188452e+00 2.489845833722902579e+00 2.202484209266303061e+00 1.996117937035837731e+00 1.824297573924733573e+00 1.716951409920371763e+00 1.615832496066645918e+00
1.106107494790341228e+01 1.347159598017364068e+01 1.585718729415514439e+01 1.708572166124706371e+01 1.822539597747361739e+01 1.807352753738125273e+01 1.792768438043901469e+01
4.486099906647328162e+00 3.393192969861758002e+00 2.553845738162366263e+00 2.330497181420373654e+00 2.150830876220009902e+00 1.960007156258256167e+00 1.793970782343552672e+00
1.531692445262415603e-01 3.278234900590751288e-01 3.848374485832237180e-01 3.911315638633641179e-01 3.955583766971725312e-01 3.184741794969461193e-01 2.605211814538831994e-01
9.534983848799084560e-01 9.183943243634545839e-01 8.863260344784582578e-01 8.552476831715589700e-01 8.217929303768471971e-01 7.786961324393441020e-01 7.264259928004447309e-01
0.000000000000000000e+00 0.000000000000000000e+00 0.000000000000000000e+00 0.000000000000000000e+00 0.000000000000000000e+00 0.000000000000000000e+00 0.000000000000000000e+00
5.141052228241994371e+00 4.619347308827832066e+00 4.162409737582074776e+00 4.019589393060423177e+00 3.889615699717405839e+00 3.753530186807231939e+00 3.621478885561664196e+00
2.376514400398000770e+00 2.148937170268504726e+00 1.900341515015078864e+00 1.527343900705736113e+00 1.259647100283588061e+00 1.116884943062071534e+00 9.939996237165560355e-01
2.278296087506738843e+00 1.138833600847288352e+00 7.072384164408180851e-01 6.392989262333234057e-01 5.923003090391824044e-01 5.245754534893984911e-01 4.775332839504752847e-01
1.094026195193667395e+00 7.472220588723272883e-01 4.315533227528132176e-01 3.790521078370500674e-01 3.295939159296196741e-01 3.254743198597225828e-01 3.212396373418530127e-01
2.184432445456818694e+00 1.550969740456848101e+00 1.038183090451294310e+00 1.006386044722041850e+00 9.741311745475637052e-01 9.329761286986318902e-01 8.940930775655592244e-01
4.962044739874190924e+00 4.830611186577531413e+00 4.692382178358363021e+00 4.583122570726006373e+00 4.476899106401048378e+00 4.232232755926744083e+00 4.010336244857249710e+00
1.265498228297617933e+00 9.621396804366296740e-01 6.037564838489253294e-01 5.222019282863938905e-01 4.538835517944922460e-01 4.228828125735889509e-01 3.943678416849852875e-01
2.931595309228017587e+00 2.595218003743420265e+00 2.265070647298494944e+00 2.122584387859577593e+00 1.996926221154979642e+00 1.884820272727477652e+00 1.783574162279710995e+00
1.134671035328431055e+00 7.709731712509632073e-01 5.233477945984401636e-01 4.545595481982506181e-01 3.974315372431896920e-01 3.756973756281019039e-01 3.555049760225317823e-01
1.790224014175597134e+01 1.633817507450712725e+01 1.495378349146672470e+01 1.274301206622993909e+01 1.111311468413656733e+01 1.074060738640584844e+01 1.039200224173914400e+01
3.298275833691167058e+00 3.181000535869419110e+00 3.067255459489765190e+00 2.964481535698869408e+00 2.869368570821134057e+00 2.697516390915977613e+00 2.548976319936175905e+00
8.278777028530680537e-01 7.753210592842800786e-01 7.306942663896722756e-01 7.795640213079297887e-01 8.087689483710822635e-01 8.192976572300921800e-01 8.271166510179990272e-01
3.689095438430013640e+00 2.794622397275202896e+00 2.052529729575334638e+00 1.985832972066993607e+00 1.919633186078313791e+00 1.770337585070022257e+00 1.629125045415152018e+00
2.897278839528057315e+00 2.480465606988161653e+00 2.096677264006061137e+00 1.847718653587377080e+00 1.641572113664223398e+00 1.592008408006181153e+00 1.543802380280943298e+00
1.297711592480359721e+00 8.321904747910022770e-01 5.189254385818473647e-01 4.586068704297711074e-01 4.023960800702647833e-01 3.919235594645975596e-01 3.809578643104170048e-01
5.466389711058033285e+00 5.243285764314352448e+00 4.992922164483187153e+00 4.800503210665919340e+00 4.619952807927510285e+00 4.315147546500118558e+00 4.043823816230252888e+00
2.297381390447110761e+00 1.249704560731355274e+00 7.291463216594262775e-01 6.744298314013030815e-01 6.336265377712622104e-01 5.898808804763681080e-01 5.520995026475277179e-01
1.208317418501134277e+00 7.822808076889178341e-01 4.474151955233879319e-01 3.682882117327953009e-01 3.074731766556154655e-01 2.925442539914656082e-01 2.783333266715659615e-01
1.771321992596534045e+01 1.452735545286088659e+01 1.219448270805762924e+01 1.227886809804018498e+01 1.234216188318860041e+01 1.088106664499558995e+01 9.734276980200055718e+00
1.011197945196439685e+00 7.930646231520701583e-01 6.279143983964474707e-01 5.691578113929276483e-01 5.248056178599077581e-01 4.666854359066741620e-01 4.105997350125195622e-01
5.854625212197681172e+00 5.506436921735483381e+00 5.205367974668810405e+00 4.938172891415234744e+00 4.699960767920858373e+00 4.848363377557361353e+00 5.007056466723427413e+00
1.610321201824177206e-01 1.509402802336003158e-01 1.408484421362097561e-01 1.399451736434488835e-01 1.389673203208235397e-01 1.294705522251896890e-01 1.200030121920562659e-01
1.214553238945597302e+00 1.128178688254774853e+00 1.053274055764593653e+00 1.063066438159322669e+00 1.072971933673565914e+00 1.099800981854890614e+00 1.127974205178155387e+00
5.821512662978143737e+00 5.291038740848576616e+00 4.815998514478750714e+00 4.795999344191518965e+00 4.776130208796915078e+00 4.764332667538155874e+00 4.752491064056004966e+00
5.930930225731512628e+00 5.437540581034931542e+00 4.933987391566263980e+00 4.547023455704406025e+00 4.228347829105756794e+00 3.862908641962115031e+00 3.537506549968441050e+00
1.526579379690954363e+00 1.205705481128233503e+00 9.640814147990391936e-01 8.906979141306787806e-01 8.378823491185050099e-01 8.005065993495124044e-01 7.706030114952272525e-01
2.585154002685618568e+00 1.997725889861792448e+00 1.500896340931263229e+00 1.343656590599198619e+00 1.210907156264616757e+00 1.148612947122809702e+00 1.090136951195249893e+00
5.667231344172239282e+00 5.796481839625801769e+00 5.926822637448921682e+00 5.893125079377856679e+00 5.862018780023551479e+00 5.460647011012005336e+00 5.111145111394551854e+00
1.948530794920785070e+00 1.823062546792711069e+00 1.668828724183773815e+00 1.606240461048029422e+00 1.548363497186272530e+00 1.442792127647033462e+00 1.352580623396091530e+00
5.892150821746534817e+00 5.451961884964367400e+00 5.029243196331819377e+00 4.718312126699135689e+00 4.438373045101031700e+00 4.284052195129333107e+00 4.137123518534030708e+00
1.269717085320104522e+00 7.827797819171781191e-01 4.307789037415452604e-01 3.528087781665848466e-01 2.948326091854672204e-01 2.840476137501803944e-01 2.738723964632683860e-01
4.163842664130199545e+00 2.926422169151498220e+00 2.140428555863596483e+00 2.068672077293744582e+00 1.997937074208347985e+00 1.945198128447380714e+00 1.893741773833194308e+00
7.637988970897695573e-01 6.284758423490097723e-01 5.338058355089065898e-01 4.466669382208187655e-01 3.891102398937770768e-01 3.523735524533702090e-01 3.236666640940615847e-01
1.697895428325839617e+01 1.739713656986204526e+01 1.780920551241658600e+01 1.674494773815763793e+01 1.586093231016021399e+01 1.465583443053387569e+01 1.358091183051913120e+01
3.397866772504310351e+00 2.730770777276575245e+00 2.288957093046801283e+00 2.365959433934214928e+00 2.449923877243053383e+00 2.428141215225568139e+00 2.408550328603311197e+00
6.375387630408864137e-01 1.725109835843720574e-01 6.170180126493281930e-02 6.212320306271390535e-02 6.252677064593323286e-02 6.154969626141181677e-02 6.060365121388951171e-02
6.284353709824499923e+00 5.805595365079735615e+00 5.372232176517960589e+00 4.684442210967832310e+00 4.164036422988537822e+00 3.972821378439176154e+00 3.798856208485260399e+00
4.227948646753596940e+00 4.631414977914447562e+00 5.352377966573225621e+00 4.774856522527323399e+00 4.331277860421009152e+00 4.198311067121387907e+00 4.073021659817150919e+00
2.107770352441515893e+00 1.962952641771471773e+00 1.821618045398129881e+00 1.719517953721314774e+00 1.620426522964187210e+00 1.531806147698235421e+00 1.449564554402599681e+00
2.371209997975346706e+00 1.849076270431510016e+00 1.355887692584197612e+00 1.435618014898146333e+00 1.503625568871672202e+00 1.414720009519837118e+00 1.335546559202084094e+00
