9.302057121889533153e-01 8.504307827816957044e-01 7.639082624747514094e-01 7.010958027501935641e-01 6.396073386690017681e-01 5.797726143802951482e-01 5.259945329003761216e-01
1.836112720233395379e+01 1.747777489419301844e+01 1.674718936475205311e+01 1.515265524042501433e+01 1.376855177791139084e+01 1.256868327189541823e+01 1.148407247425003064e+01
2.732579846161941717e+00 2.418895678214795009e+00 2.137774742628331115e+00 1.936265538327959890e+00 1.767998402206769182e+00 1.685669700952720174e+00 1.607986496669905341e+00
1.085444090274805617e+01 1.375411599130244689e+01 1.652895556168644831e+01 1.699626699992422019e+01 1.743058009259167562e+01 1.711448348059106550e+01 1.681373371715518417e+01
4.371749565901938084e+00 3.356702739070385633e+00 2.522570420572357808e+00 2.266709414323130112e+00 2.055420126099284595e+00 1.841071826475359385e+00 1.654186256780449060e+00
1.948352953777104102e-01 3.374703673427457140e-01 3.881209964595838113e-01 3.761986689819398211e-01 3.672255133318025888e-01 2.533375104233931419e-01 1.751096227883582879e-01
9.563319901678074553e-01 9.219911680831578416e-01 8.899344427811846092e-01 8.117445214883667326e-01 7.375337282822369556e-01 6.587766517463483629e-01 5.668114790648558499e-01
0.000000000000000000e+00 0.000000000000000000e+00 0.000000000000000000e+00 0.000000000000000000e+00 0.000000000000000000e+00 0.000000000000000000e+00 0.000000000000000000e+00
9.302057121889533153e-01 8.504307827816957044e-01 7.639082624747514094e-01 7.010958027501935641e-01 6.396073386690017681e-01 5.797726143802951482e-01 5.259945329003761216e-01
2.343655224232861212e+00 1.567911865353366574e+00 1.039873885454853930e+00 1.007180833968719824e+00 9.751597298940241076e-01 9.339588327554215752e-01 8.948307828399877373e-01
2.238796226958348345e+00 1.180995678388793824e+00 6.152887972833492869e-01 6.187984465366598297e-01 6.217739803610015104e-01 5.950856358045548689e-01 5.709787134434652911e-01
1.045438014524756820e+00 5.931195838745243476e-01 2.723380036433910023e-01 2.445781735153415293e-01 2.171236409460304273e-01 2.132989748929016716e-01 2.093685414978449510e-01
1.375748317318872260e+00 8.018962538444309729e-01 3.477060588032900856e-01 3.085560185479196416e-01 2.702584254159258736e-01 2.501366794612741584e-01 2.312886847436886328e-01
4.874565767759038160e+00 4.487967265320397026e+00 4.124986928969089917e+00 3.660858814963459551e+00 3.279735894449621103e+00 3.035081922550207256e+00 2.819134027342191207e+00
1.231842604500108962e+00 9.046451107900033151e-01 5.499093566645295583e-01 4.934275875072846040e-01 4.427172191398068835e-01 3.838418408680651650e-01 3.347212819815611473e-01
2.894871505595985273e+00 2.602272125135460801e+00 2.305544888940882498e+00 2.161091792265638745e+00 2.030519007913227814e+00 1.963964616165659427e+00 1.901353362559679017e+00
1.162020552888261893e+00 7.579849631189141679e-01 4.943044577509421722e-01 4.751393827421142579e-01 4.550587905854112658e-01 4.364241504198094201e-01 4.183062188422505545e-01
1.803574795287444843e+01 1.827256308789259975e+01 1.852348312321977630e+01 1.578863918178579873e+01 1.374533844261123328e+01 1.253781705886632736e+01 1.154478984827808219e+01
3.229542811150749593e+00 2.980838981380232067e+00 2.756090614228264180e+00 2.599987375247122756e+00 2.456960380560853974e+00 2.406029504496223659e+00 2.358192271360317616e+00
8.183530781079377814e-01 7.623050182684554255e-01 7.160315972265030027e-01 7.388222312636478772e-01 7.526244653139093632e-01 8.040392657959153366e-01 8.425262990106252570e-01
3.672911747389964177e+00 3.028969087079488531e+00 2.462376595612262964e+00 2.408245716090870570e+00 2.356245633241180748e+00 2.189969480034888782e+00 2.035198611975925331e+00
3.352873770997346625e+00 3.190601355717409326e+00 3.025510837500014816e+00 2.562841849635224101e+00 2.203992943943011262e+00 2.048195975915680922e+00 1.909436156794925399e+00
1.259414498888988376e+00 7.277325442912399023e-01 4.164844281030958273e-01 3.923022576527780414e-01 3.665003034773327006e-01 3.459361567229785606e-01 3.259693046379006365e-01
5.281070273561478068e+00 5.018015610236066237e+00 4.733894365672999704e+00 4.533537004561607908e+00 4.352992136496359521e+00 3.900816058342452042e+00 3.520480434042558837e+00
1.425402602418878395e+00 8.990767274124430442e-01 4.565289579123595898e-01 4.283164406739211616e-01 4.043117776582514367e-01 3.733674430798226695e-01 3.457437772613464744e-01
1.208448343668651725e+00 8.473556073460122295e-01 5.217756188158990671e-01 4.744670211849858488e-01 4.292280939457695510e-01 4.051389699864659799e-01 3.814266143576293677e-01
1.715223416096831954e+01 1.387907406863378057e+01 1.146800530539503882e+01 1.280696241401404656e+01 1.405898478404627205e+01 1.258996281468958678e+01 1.138467139679395856e+01
9.479740664670207595e-01 7.624976734694780545e-01 6.104591647871872029e-01 5.680332783135993990e-01 5.373854606269480305e-01 4.967142435545740531e-01 4.576027016674842351e-01
5.739082054591278848e+00 5.478472598988168407e+00 5.245138893928037227e+00 5.202988784967400804e+00 5.162195533141530568e+00 5.169784432953163034e+00 5.177457766413005480e+00
2.120412873568292278e-01 1.751021071164177711e-01 1.366307173071676373e-01 1.338741344698402835e-01 1.308516851281666671e-01 1.245098792057145187e-01 1.177783575415475154e-01
9.732561062934406981e-02 9.205036032598896967e-02 8.658879364117913480e-02 7.492144993739092984e-02 6.525557075508589544e-02 6.026319485623028022e-02 5.574037304021629141e-02
5.722108091360058602e+00 5.384674544070238156e+00 5.061128530755325095e+00 4.750219763695369579e+00 4.471227192636293424e+00 4.291100775874538087e+00 4.123376321716936133e+00
5.692203428041131552e+00 4.912130667153843611e+00 4.189815113448529971e+00 3.888216525213290087e+00 3.635663360899002772e+00 3.186552973339339623e+00 2.800170492250208643e+00
1.523838441472258554e+00 1.326036284054207037e+00 1.141429117248681013e+00 1.041442884314047079e+00 9.622958927237160731e-01 9.168843347606036032e-01 8.793898361136452957e-01
1.219556731121449689e+00 9.060322911345504160e-01 4.997016997834319851e-01 4.387656392761294377e-01 3.867022316764262002e-01 3.335786167418003934e-01 2.896096535386851745e-01
5.766307611196251237e+00 5.905870309269984020e+00 6.045839267743425616e+00 6.010452380476856149e+00 5.977998419679262376e+00 5.800343558652799381e+00 5.630282008367091251e+00
1.935168859261525487e+00 1.819299016855616236e+00 1.674376970943135534e+00 1.610255193734343004e+00 1.548664758692574139e+00 1.433965740554502544e+00 1.334858713610406644e+00
5.855377681909966547e+00 5.069565029305287851e+00 4.384569979170814591e+00 4.272520315366915789e+00 4.164991692722180616e+00 4.017268446154353967e+00 3.878519287049588815e+00
1.282985032244128298e+00 8.785426848612413187e-01 5.235054011201153434e-01 5.009376425071174754e-01 4.789735706707012319e-01 4.657293763978715972e-01 4.523402973067094934e-01
4.156343907685736028e+00 2.695762468009239576e+00 1.880058472121310498e+00 1.824648678037799066e+00 1.767122873959730223e+00 1.714095215405309292e+00 1.663055245556801731e+00
8.880427836149896725e-01 8.711095437559452925e-01 8.547864062954770858e-01 8.406015930154222549e-01 8.268834046417473660e-01 8.177123777287116368e-01 8.087445750100832331e-01
1.657216971454592169e+01 1.542514442109185602e+01 1.449049141387381923e+01 1.163734931096747793e+01 9.851636480285653974e+00 8.494837239116870720e+00 7.407397037322431821e+00
3.394458690116430422e+00 2.954025968929255175e+00 2.622499545032511925e+00 2.519031587223054647e+00 2.421342321365429484e+00 2.638804966684481723e+00 2.882367128232017350e+00
9.706897346481496713e-01 8.439300933054266762e-01 7.214842137881197770e-01 6.638289660338939635e-01 6.076923579438976430e-01 5.453052138096676771e-01 4.906648821162882257e-01
6.360363504186687500e+00 6.412732550768903472e+00 6.467762728126412064e+00 5.664825823582732234e+00 5.045436524397325151e+00 4.641824235482868488e+00 4.304236357411343583e+00
4.090483077199237982e+00 4.045648833271474842e+00 3.983780595056973794e+00 3.560622266182591034e+00 3.217524842918467076e+00 3.157694929475723722e+00 3.101372811895726223e+00
4.109480944093613530e+00 3.882129852541712278e+00 3.660777149037781175e+00 3.498232332702130964e+00 3.346424752367441968e+00 3.221776269530307157e+00 3.100014049067203459e+00
2.348280613604339706e+00 1.777023713093773605e+00 1.308312616579860421e+00 1.237674140069141782e+00 1.192761364715823280e+00 1.078423902313377925e+00 9.853871206488847845e-01
