3.840009744304304640e+00 3.844654572007501159e+00 3.849423117287257057e+00 3.857189856969443387e+00 3.864753861587573613e+00 3.818416246751145326e+00 3.773841373848255909e+00
1.868146861114513513e+01 1.827046600783171471e+01 1.791556972620861288e+01 1.639394980065707941e+01 1.502761795280871127e+01 1.396720567631587961e+01 1.299782233575411539e+01
2.739249862907501942e+00 2.638556534344192350e+00 2.534209183945363097e+00 2.171621902236290591e+00 1.897814928312855809e+00 1.867234034606209292e+00 1.837433031987414367e+00
1.108308513415537355e+01 1.332228964584260389e+01 1.550155543007267944e+01 1.710508564127020747e+01 1.861614868915716414e+01 1.875658410729356262e+01 1.889605283393592217e+01
4.580242655346656200e+00 3.829087930895641811e+00 3.201504760370357250e+00 2.955370977989516312e+00 2.737984654691553832e+00 2.509723137654591874e+00 2.295544069123962139e+00
1.281562632429537330e-01 1.059797263609622425e-01 9.266546424701525841e-02 1.286735795765919232e-01 1.556140906989927353e-01 1.634573039559083507e-01 1.703700592470005493e-01
9.369683971725216720e-01 8.811113301491536598e-01 8.336353622743395420e-01 7.878438585816822659e-01 7.466135666935973525e-01 7.238551302998793568e-01 7.019898277031224598e-01
0.000000000000000000e+00 0.000000000000000000e+00 0.000000000000000000e+00 0.000000000000000000e+00 0.000000000000000000e+00 0.000000000000000000e+00 0.000000000000000000e+00
5.047281969439291416e+00 5.002511450853114106e+00 4.957081010560686174e+00 4.552311604087132757e+00 4.229758997671206444e+00 4.049276732111197319e+00 3.883596782153885485e+00
2.347941836522507764e+00 1.719664955981045962e+00 1.277048168727127120e+00 1.208240637045547405e+00 1.142488856906798800e+00 1.136003034248117993e+00 1.129601972069321336e+00
2.291123438442240534e+00 1.581676210393388793e+00 1.162511567781999267e+00 1.043865888766747352e+00 9.522587902639085833e-01 9.132294163841879753e-01 8.760659767118992303e-01
1.704324089624098981e+00 1.153941082204094748e+00 7.726124526101769696e-01 7.085467207545583790e-01 6.483706644845059763e-01 6.496831533627087651e-01 6.509937532559613160e-01
2.185520678871830658e+00 1.673828766250347710e+00 1.259443754154511375e+00 1.213289152235105917e+00 1.165750278060485368e+00 1.175731224648196349e+00 1.185812881902174487e+00
4.952420615415005223e+00 4.321703206103491901e+00 3.806280965310941511e+00 3.610207435186782998e+00 3.436498329227272830e+00 3.419838012068117106e+00 3.403423496379732072e+00
1.256359273800971010e+00 1.032214781063010234e+00 8.032611627838447399e-01 6.221840965672655877e-01 4.724188915479891060e-01 4.727474414769544664e-01 4.730725222053749346e-01
2.886543514003169442e+00 2.752649507366738302e+00 2.617887429853885450e+00 2.628333713930132820e+00 2.639322734619405253e+00 2.645620410842487669e+00 2.651918486220145699e+00
1.115283976794148479e+00 7.705803948384208901e-01 5.490483061803752562e-01 4.880433646881079390e-01 4.270628384820323031e-01 4.238576115953878731e-01 4.206786075233082678e-01
1.816762805914182977e+01 1.838005997958405047e+01 1.860022072138900739e+01 1.852094940339343765e+01 1.844502941585225386e+01 1.719635016014447970e+01 1.613372456196966098e+01
3.219431294305853175e+00 3.099285176129155328e+00 2.985421456441442078e+00 3.026405198426938004e+00 3.068526077519650563e+00 3.047839553281036729e+00 3.027168196203715134e+00
8.638716375490487209e-01 8.484983388704575580e-01 8.332612809128151499e-01 8.478972418935674105e-01 8.632520600509596687e-01 8.578769953268765569e-01 8.524910401348468891e-01
3.683604967020171372e+00 3.171012855397122188e+00 2.722838832859313829e+00 2.567628121194795110e+00 2.429933347904806862e+00 2.315956079345113494e+00 2.208135556692195411e+00
3.425230496241055356e+00 3.134567870241614429e+00 2.868375863900388012e+00 2.869225321054766020e+00 2.870056423232627552e+00 2.818861987936252422e+00 2.768763470180241715e+00
8.361747013275612872e+00 7.658409346729362355e+00 7.054430894985957323e+00 7.691548673535378633e+00 8.419720435456365948e+00 8.561726121671060952e+00 8.705841259197219628e+00
5.271044402106805471e+00 4.907006785752144218e+00 4.542698350153486331e+00 3.966980044285495666e+00 3.488144871150753445e+00 3.411343966203047362e+00 3.338818191099367283e+00
1.617841878350697371e+00 1.028580674980673848e+00 6.157860725807414726e-01 5.982719992628338090e-01 5.827866695315570000e-01 5.783572821791854723e-01 5.739601992925636997e-01
1.238010441697525055e+00 8.945985580664913561e-01 5.930884642222097325e-01 5.164428568431121969e-01 4.537668105866088930e-01 4.263947919985362489e-01 4.012163446012382839e-01
1.787418377547441750e+01 1.727400492236198204e+01 1.668994513077011987e+01 1.711659601081127491e+01 1.745716226765874524e+01 1.483972871403567595e+01 1.290411119639586524e+01
1.223715505716194807e+00 1.125743725248363081e+00 1.042153429468843928e+00 9.023226923902351038e-01 7.943587934023937924e-01 7.537690124902240996e-01 7.142475284071186925e-01
5.738259183506627004e+00 5.516854690471707734e+00 5.317400246743820169e+00 5.228363943536360914e+00 5.143408401040701072e+00 4.990789051300280832e+00 4.846960211836428556e+00
1.114256871423067885e+01 1.092952414205629097e+01 1.071471900472380412e+01 1.094854051429211239e+01 1.118228239173883232e+01 1.111724508250958721e+01 1.105194209794309579e+01
9.600451481039335988e-01 8.708805781389951095e-01 7.933578882111036457e-01 7.500914547268808796e-01 7.111805845144328897e-01 6.933435563676746405e-01 6.763745931301772263e-01
5.750927284271861062e+00 5.558842283018472941e+00 5.368362897901465480e+00 5.317154496587430224e+00 5.265758034719094205e+00 5.197658506522826016e+00 5.132007919696781606e+00
5.726441444341911158e+00 5.213539654354355513e+00 4.731588873544740004e+00 4.585249915137309173e+00 4.450782650836750953e+00 4.357200818381178564e+00 4.265938951467399320e+00
1.528001804178073630e+00 1.483717076916420075e+00 1.437939943697955858e+00 1.371662445426099719e+00 1.311073289085532778e+00 1.305591910863454386e+00 1.300284904321646229e+00
3.070988243154336494e+00 2.467506037563182097e+00 1.980170829555184309e+00 1.866640259281077352e+00 1.759573929394927516e+00 1.686632815626283088e+00 1.618761907587472404e+00
5.793215244184699131e+00 5.858407881170034415e+00 5.922001333010298296e+00 5.972587958948697207e+00 6.019916451347977926e+00 6.006225799018767297e+00 5.992500313812366919e+00
1.939789813207566382e+00 1.831172452980945442e+00 1.705054542833074116e+00 1.629670502037807944e+00 1.556824097793302997e+00 1.455954780153496220e+00 1.365213168321859794e+00
5.870243922601376063e+00 5.242920315415116050e+00 4.693909057675526242e+00 4.546968770656682146e+00 4.403943301393656640e+00 4.365795284227028006e+00 4.328834314626274882e+00
1.494289797764210004e+00 1.252040140206205798e+00 1.022534471420838420e+00 8.553082363965146540e-01 7.124104828915883703e-01 6.039689072562909322e-01 5.055940834458232391e-01
4.166137472629563021e+00 3.030618714176867012e+00 2.344359458966595700e+00 2.336085809337565600e+00 2.327553151852240543e+00 2.342335346206177782e+00 2.357046800999730962e+00
2.716712288268637643e+00 2.265327604418549967e+00 1.884720223995288935e+00 1.743318440571891337e+00 1.621336011599774141e+00 1.568835283604558706e+00 1.519104116590598519e+00
1.692768479071652266e+01 1.731054411677791194e+01 1.767944760009143934e+01 1.709295757603109323e+01 1.655951631983022310e+01 1.601359568309687376e+01 1.547956593560302707e+01
3.400889105526845757e+00 3.297577249151553591e+00 3.197539836658143120e+00 2.906515323976925469e+00 2.678326514536564673e+00 2.766468362082159516e+00 2.863579870825893270e+00
2.028697657810948130e+00 1.913934370135551122e+00 1.806494661710771110e+00 1.732211353877070925e+00 1.662567237438515200e+00 1.620062729621571940e+00 1.579193718276029390e+00
6.407506063271285690e+00 6.448788070976997133e+00 6.491258419917115496e+00 6.487901351827559893e+00 6.484702577655853339e+00 6.098465347419920413e+00 5.762194939295675944e+00
4.119165316003690513e+00 4.313533902060980196e+00 4.595814831362813102e+00 4.790287557845955391e+00 5.004683605133600999e+00 5.029857258293286115e+00 5.055902455366580561e+00
4.105121977604961891e+00 3.796668903347882651e+00 3.520626048518464390e+00 3.402563870865303652e+00 3.298940071099449867e+00 3.196878262011381810e+00 3.099825707800622165e+00
2.399061021888015954e+00 1.933376291627850296e+00 1.529594329043184819e+00 1.580628331277432519e+00 1.627041797559307890e+00 1.620703413044086050e+00 1.614221085062768068e+00
