3.864637738248461130e+00 3.843533521019774746e+00 3.821864372358375839e+00 3.755563963459781718e+00 3.691887304743564524e+00 3.499482823710957646e+00 3.325501934134657223e+00
1.865209998241531508e+01 1.777160003572033631e+01 1.704327212368791322e+01 1.537005524243881460e+01 1.391028572164172061e+01 1.267492973729014949e+01 1.155177918921824443e+01
2.739705023329992439e+00 2.265713050613483492e+00 1.892002601527799310e+00 1.808811626475903989e+00 1.731469470339447092e+00 1.645302126312149227e+00 1.564301309477195590e+00
1.100128417241538514e+01 1.371859884365432158e+01 1.637080650207339971e+01 1.736738172349394205e+01 1.830967590725369121e+01 1.824247067691001334e+01 1.817760761326354313e+01
4.597645083395041077e+00 3.704836115418728593e+00 2.968369712289439022e+00 2.621835983569590578e+00 2.343641860876430894e+00 2.099595381271361916e+00 1.883779344504902031e+00
1.303113154521122474e-01 1.168512278870745824e-01 1.075876999973191528e-01 1.771498626904157436e-01 2.183527821017491044e-01 2.475228254819509255e-01 2.707054686510722008e-01
9.429172546645278041e-01 8.980269744098738904e-01 8.583924525386557036e-01 8.072891695112468513e-01 7.624653154261140653e-01 7.359200371039282818e-01 7.101925677133597015e-01
0.000000000000000000e+00 0.000000000000000000e+00 0.000000000000000000e+00 0.000000000000000000e+00 0.000000000000000000e+00 0.000000000000000000e+00 0.000000000000000000e+00
5.051405476841171804e+00 4.727462674189517600e+00 4.428899001821096526e+00 3.777956193637925342e+00 3.299351503724878398e+00 3.163445814310943849e+00 3.038212709277918755e+00
2.346857592519107971e+00 1.859335138815656485e+00 1.456000545000488255e+00 1.273967796416331622e+00 1.122092938234177550e+00 1.092233629118702920e+00 1.061771308137747338e+00
2.285434648677708402e+00 1.480749575633418802e+00 1.025357383483264329e+00 9.415557206494364895e-01 8.770192731261802210e-01 7.682876070194973872e-01 6.801767642468905528e-01
1.702642918765196134e+00 1.156719231424369720e+00 7.637335489096506169e-01 6.936773985161552858e-01 6.291794303118602993e-01 6.002819960042127256e-01 5.729069186541457803e-01
2.169609848801235419e+00 1.531581533671805495e+00 1.040108183967706212e+00 9.969146314300927347e-01 9.530312493306840604e-01 9.432720554058983131e-01 9.335851585096501815e-01
4.845573714743815152e+00 4.288208321716153293e+00 3.812445045957399081e+00 3.361875501647478615e+00 3.002240567156322815e+00 2.784705644781382716e+00 2.595300908582935939e+00
1.259599010738083669e+00 9.630857625288052892e-01 6.525120008248733727e-01 5.443741019817081028e-01 4.481893287199443243e-01 4.077095435775437426e-01 3.723815230854496394e-01
2.890824839158847137e+00 2.662212324069772595e+00 2.432177928118532950e+00 2.452221001787148857e+00 2.473776678104132376e+00 2.454819044910559356e+00 2.435738394519656236e+00
1.116096589425655816e+00 8.075416153999050994e-01 5.786216952733215235e-01 4.964359154192680701e-01 4.275233566659142337e-01 4.064285787953262896e-01 3.867837306806846676e-01
1.820783460457391456e+01 1.835325728284471225e+01 1.850657645080470814e+01 1.744115606387629569e+01 1.651806746137591730e+01 1.558974761589637303e+01 1.477444350923285121e+01
3.237089527001151268e+00 3.124602154256712172e+00 3.015967840228369834e+00 2.982277693188667644e+00 2.949478863117944272e+00 2.813253537482348854e+00 2.688554175685913705e+00
8.625905342084934091e-01 8.520123771103474963e-01 8.413540452408827530e-01 8.516149355496729356e-01 8.622870425952917639e-01 8.375293400375383168e-01 8.130619052192065155e-01
3.666882347932809427e+00 3.048314509277532114e+00 2.517703130053805971e+00 2.202973908088072807e+00 1.943145603629941931e+00 1.841071815184106342e+00 1.750836636556461157e+00
3.325769226088373109e+00 3.098977118811543807e+00 2.879093226110455817e+00 2.682885266427252002e+00 2.507550510890675266e+00 2.438695544216090028e+00 2.372906532911944311e+00
8.424395770465388011e+00 8.059419272233130371e+00 7.716275317586566374e+00 8.007526581701966961e+00 8.312956737627015258e+00 8.337957739828690151e+00 8.362981708521152413e+00
5.286361468168356836e+00 4.985365386015553568e+00 4.669946246994610917e+00 3.993421969581841591e+00 3.478028150737838331e+00 3.150719236118235234e+00 2.876830127930391612e+00
1.621991935974101962e+00 1.004224071516211625e+00 5.563889291785759639e-01 5.215444411456537921e-01 4.935153083814503572e-01 4.670196595107009019e-01 4.437270817924639510e-01
1.218775271451283393e+00 7.561228951227036976e-01 4.243422306820383572e-01 3.587504781797105635e-01 3.074868256248650678e-01 2.782758961090757710e-01 2.534532201624259962e-01
1.794110937899260705e+01 1.701552376948971812e+01 1.612187789792489312e+01 1.763469251184599784e+01 1.897012949779367830e+01 1.522502895401241574e+01 1.266449347436791761e+01
1.197647716420352060e+00 1.102660765089714667e+00 1.021664845193177129e+00 8.613343610904986569e-01 7.423414276485291730e-01 6.827317206479529554e-01 6.263461764858833103e-01
5.750433057795628855e+00 5.541134401011783339e+00 5.351766598757390803e+00 5.184783277058337525e+00 5.029984298621842598e+00 4.907164412987892632e+00 4.790216735886408728e+00
1.081313890179363035e+01 1.041955059415838036e+01 1.001933434886787921e+01 1.022346933095591837e+01 1.042325405406355898e+01 1.002295197638086499e+01 9.641622124253132142e+00
9.376199147096657693e-01 8.442028163041233046e-01 7.652164232267749666e-01 7.186440044084003720e-01 6.776692668074819625e-01 6.555532525027990554e-01 6.350121591003211607e-01
5.719068223950098506e+00 5.638220363953620584e+00 5.554331483349626453e+00 5.531333460749727315e+00 5.508400306998254337e+00 5.138983353299078516e+00 4.813468829522563830e+00
5.869556542483170603e+00 5.402171462273037683e+00 4.928881916778470540e+00 4.670645484330030683e+00 4.446787579154237058e+00 4.202841087327564118e+00 3.979676160100763305e+00
1.530003736924539171e+00 1.394255219624805031e+00 1.265803979729207329e+00 1.240745724237868330e+00 1.216250812704180895e+00 1.182907004431333231e+00 1.150713080153969115e+00
3.089305075444449322e+00 2.530443152452448441e+00 2.047599071217315547e+00 1.872362510413329240e+00 1.717314829213182570e+00 1.677945145626257961e+00 1.639405082916793877e+00
5.761104599219435407e+00 5.853651358039308583e+00 5.946901702613967444e+00 5.881702986866127247e+00 5.823173424809064969e+00 5.727051475545952286e+00 5.634043499078658535e+00
1.935377121154628233e+00 1.811890911940788662e+00 1.660603425567197533e+00 1.585491323678197562e+00 1.516117087881160508e+00 1.413333394588732972e+00 1.323148794845292686e+00
5.831041359123240397e+00 5.463625691808949192e+00 5.107855779905055904e+00 4.857953235813745607e+00 4.625392844507581813e+00 4.456400565266016578e+00 4.294949798795131279e+00
1.490557076539485104e+00 1.100014083129803755e+00 7.770643691304117695e-01 6.351453018920618643e-01 5.226349824732708926e-01 4.339642220360085401e-01 3.566956386917931598e-01
4.155025676131542944e+00 2.744862643241352096e+00 1.964582748387711852e+00 1.949928702042389883e+00 1.934332461274550274e+00 1.915263792678937760e+00 1.896536801246848425e+00
2.719671520969664691e+00 2.225049477116945340e+00 1.816089145497562729e+00 1.610911197959258301e+00 1.444407558731639174e+00 1.346909391256385202e+00 1.261360289158314441e+00
1.693935145116227403e+01 1.711403475001862518e+01 1.727924194795234669e+01 1.661195131626721988e+01 1.601296886859308799e+01 1.510138520465706158e+01 1.423307843768861147e+01
3.425040546362033034e+00 3.367737245205071783e+00 3.310852274692616337e+00 2.954097062692634168e+00 2.676903287077695204e+00 2.734083479718446785e+00 2.795177376136615433e+00
2.038825901833810406e+00 1.891427157613226218e+00 1.754902711947564642e+00 1.655095998768639998e+00 1.563862249604511589e+00 1.454730013680670897e+00 1.358305596395338322e+00
6.410209386790055142e+00 6.437852498137387691e+00 6.466925787978258455e+00 6.145652294640261637e+00 5.866737066385089960e+00 5.576080028446913417e+00 5.316541056867020387e+00
4.132996867415522857e+00 4.470157180228087057e+00 5.049375165620739736e+00 4.875750196705090467e+00 4.719245166625547938e+00 4.343043483645228520e+00 4.019677703896332055e+00
4.088886451866190264e+00 3.748093510756889124e+00 3.441962692911899602e+00 3.221763390693497708e+00 3.036803099748290879e+00 2.833598765783056805e+00 2.653898669788663067e+00
2.356556060990622203e+00 1.834217116830079375e+00 1.377782070937126679e+00 1.389396093645571373e+00 1.399176690351035646e+00 1.321637022153814733e+00 1.251540842881183169e+00
