2.179054383220420110e-01 2.002269962378807888e-01 2.092940247095073925e-01 2.059697569880634405e-01 2.053880308576726543e-01 2.023643895474197818e-01 1.848132736082671590e-01
1.007409928878622019e+00 9.776460705639650195e-01 1.194506342513357522e+00 1.433563344548557605e+00 1.173599521279021562e+00 8.081975284340249255e-01 8.590261368972966771e-01
0.000000000000000000e+00 0.000000000000000000e+00 0.000000000000000000e+00 0.000000000000000000e+00 0.000000000000000000e+00 0.000000000000000000e+00 0.000000000000000000e+00
2.894718360995193196e-01 2.689655037827501372e-01 2.668919568878752591e-01 2.583970698803497723e-01 2.479818471168548644e-01 2.302148785659954011e-01 2.195188666071062611e-01
5.454716372371685162e-01 4.277624997179659272e-01 3.428567988594792837e-01 2.872838667710407301e-01 2.643869126767911526e-01 1.281883916803939483e-01 1.520847077357480592e-01
2.842649771800559999e-01 2.608365503105093408e-01 2.562777434674785582e-01 2.408049403377211795e-01 2.387856896314443644e-01 2.304802438657843622e-01 2.187040851956851273e-01
0.000000000000000000e+00 0.000000000000000000e+00 0.000000000000000000e+00 0.000000000000000000e+00 0.000000000000000000e+00 0.000000000000000000e+00 0.000000000000000000e+00
0.000000000000000000e+00 0.000000000000000000e+00 0.000000000000000000e+00 0.000000000000000000e+00 0.000000000000000000e+00 0.000000000000000000e+00 0.000000000000000000e+00
3.880366543679130142e-01 2.883297228394292588e-01 2.326313966112779352e-01 2.208380854989745179e-01 1.957062462587277063e-01 1.951846777700718960e-01 1.951789303526314245e-01
0.000000000000000000e+00 0.000000000000000000e+00 0.000000000000000000e+00 0.000000000000000000e+00 0.000000000000000000e+00 0.000000000000000000e+00 0.000000000000000000e+00
0.000000000000000000e+00 0.000000000000000000e+00 0.000000000000000000e+00 0.000000000000000000e+00 0.000000000000000000e+00 0.000000000000000000e+00 0.000000000000000000e+00
0.000000000000000000e+00 0.000000000000000000e+00 0.000000000000000000e+00 0.000000000000000000e+00 0.000000000000000000e+00 0.000000000000000000e+00 0.000000000000000000e+00
2.670765256067286070e-02 2.598219694273373043e-02 2.547773443852251185e-02 2.407073305229266713e-02 1.134605638842585765e-02 7.083790484198659865e-03 9.623959241864162018e-03
0.000000000000000000e+00 0.000000000000000000e+00 0.000000000000000000e+00 0.000000000000000000e+00 0.000000000000000000e+00 0.000000000000000000e+00 0.000000000000000000e+00
0.000000000000000000e+00 0.000000000000000000e+00 0.000000000000000000e+00 0.000000000000000000e+00 0.000000000000000000e+00 0.000000000000000000e+00 0.000000000000000000e+00
7.199244200304641961e-01 5.863159330735797647e-01 4.756251367220752369e-01 3.911613805230289009e-01 2.452825189405886119e-01 2.008118021809937037e-01 1.780496944349699573e-01
3.930642736582860564e-01 2.954431648731898896e-01 2.927494232790546214e-01 2.782932549710707693e-01 2.683509322440316147e-01 2.887498019561951512e-01 2.891075475304882292e-01
0.000000000000000000e+00 0.000000000000000000e+00 0.000000000000000000e+00 0.000000000000000000e+00 0.000000000000000000e+00 0.000000000000000000e+00 0.000000000000000000e+00
0.000000000000000000e+00 0.000000000000000000e+00 0.000000000000000000e+00 0.000000000000000000e+00 0.000000000000000000e+00 0.000000000000000000e+00 0.000000000000000000e+00
0.000000000000000000e+00 0.000000000000000000e+00 0.000000000000000000e+00 0.000000000000000000e+00 0.000000000000000000e+00 0.000000000000000000e+00 0.000000000000000000e+00
0.000000000000000000e+00 0.000000000000000000e+00 0.000000000000000000e+00 0.000000000000000000e+00 0.000000000000000000e+00 0.000000000000000000e+00 0.000000000000000000e+00
4.987878236680257649e-01 2.587838637465779135e-01 2.190815811799519397e-01 1.712825440456629544e-01 1.392495420440331977e-01 1.192060129913634220e-01 1.119099966959537923e-01
0.000000000000000000e+00 0.000000000000000000e+00 0.000000000000000000e+00 0.000000000000000000e+00 0.000000000000000000e+00 0.000000000000000000e+00 0.000000000000000000e+00
2.627211307356225323e-01 2.187017170818602863e-01 1.677374419672866546e-01 1.696612891325587347e-01 1.420339452085385423e-01 1.361178319300779815e-01 1.316205480043551590e-01
0.000000000000000000e+00 0.000000000000000000e+00 0.000000000000000000e+00 0.000000000000000000e+00 1.920773102488586108e-04 2.213617554087859767e-04 2.009072365288813668e-04
6.170578751271426077e-01 2.243316649041505184e-01 1.168702806519856391e-01 1.136282587643661773e-01 9.749129202840912944e-02 9.699893949872655241e-02 8.917278434229677919e-02
0.000000000000000000e+00 0.000000000000000000e+00 0.000000000000000000e+00 0.000000000000000000e+00 0.000000000000000000e+00 0.000000000000000000e+00 0.000000000000000000e+00
0.000000000000000000e+00 0.000000000000000000e+00 0.000000000000000000e+00 0.000000000000000000e+00 0.000000000000000000e+00 0.000000000000000000e+00 0.000000000000000000e+00
0.000000000000000000e+00 0.000000000000000000e+00 0.000000000000000000e+00 0.000000000000000000e+00 0.000000000000000000e+00 0.000000000000000000e+00 0.000000000000000000e+00
0.000000000000000000e+00 0.000000000000000000e+00 0.000000000000000000e+00 0.000000000000000000e+00 0.000000000000000000e+00 0.000000000000000000e+00 0.000000000000000000e+00
5.074589372608793170e-01 4.925175977248327230e-01 2.512345419593426388e-01 2.082217338393796413e-01 1.846025053500299218e-01 1.227541147392337967e-01 1.088920294359682489e-01
5.579165826392687988e-01 5.141988730446912514e-01 5.024243171310903699e-01 4.418532182140548770e-01 3.707768992481079717e-01 3.305048194397777750e-01 3.250948218493434627e-01
0.000000000000000000e+00 0.000000000000000000e+00 0.000000000000000000e+00 0.000000000000000000e+00 0.000000000000000000e+00 0.000000000000000000e+00 0.000000000000000000e+00
3.401636643191274789e-02 6.112553159760818894e-02 3.258692199765347158e-02 4.793465948734401162e-03 2.374666521424255439e-02 2.605192510696754948e-02 2.673751156381659957e-02
0.000000000000000000e+00 0.000000000000000000e+00 0.000000000000000000e+00 0.000000000000000000e+00 0.000000000000000000e+00 0.000000000000000000e+00 0.000000000000000000e+00
0.000000000000000000e+00 0.000000000000000000e+00 0.000000000000000000e+00 0.000000000000000000e+00 0.000000000000000000e+00 0.000000000000000000e+00 0.000000000000000000e+00
3.270360523969444433e-01 2.660286158112420418e-01 2.518855730244511371e-01 2.475284432142358937e-01 2.403619825562255119e-01 2.302164219904901388e-01 2.257524084785142160e-01
0.000000000000000000e+00 0.000000000000000000e+00 0.000000000000000000e+00 0.000000000000000000e+00 0.000000000000000000e+00 0.000000000000000000e+00 0.000000000000000000e+00
0.000000000000000000e+00 0.000000000000000000e+00 0.000000000000000000e+00 0.000000000000000000e+00 0.000000000000000000e+00 0.000000000000000000e+00 0.000000000000000000e+00
0.000000000000000000e+00 0.000000000000000000e+00 0.000000000000000000e+00 0.000000000000000000e+00 0.000000000000000000e+00 0.000000000000000000e+00 0.000000000000000000e+00
1.125482232108286768e-01 9.327631061881902497e-02 8.108696133574497256e-02 7.009579705373324143e-02 6.851528600769885013e-02 6.538545902120100617e-02 6.836825563056990462e-02
1.153826971284833136e-01 1.102204972677013062e-01 1.109696087078557297e-01 1.013597802024153727e-01 7.600963451627316958e-02 5.733682877686227530e-02 5.193744749893422497e-02
0.000000000000000000e+00 0.000000000000000000e+00 0.000000000000000000e+00 0.000000000000000000e+00 0.000000000000000000e+00 0.000000000000000000e+00 0.000000000000000000e+00
4.702110845267793993e-01 4.939327903515433604e-01 4.489533780959524267e-01 4.628849862873760657e-01 4.656182587906274595e-01 4.028131333332666264e-01 4.434145687702902294e-01
0.000000000000000000e+00 0.000000000000000000e+00 0.000000000000000000e+00 0.000000000000000000e+00 0.000000000000000000e+00 0.000000000000000000e+00 0.000000000000000000e+00
2.235403991525556078e-01 5.759060657521056781e-01 2.434810475982831235e-01 2.391339756714919718e-01 1.911128975118119022e-01 1.901995027366454039e-01 1.912578426263361053e-01
4.168942272086295642e-02 3.756704454468588056e-02 3.897010918424249210e-02 4.026670368382390813e-02 3.796057752257226553e-02 3.585071017229694151e-02 2.603670308606349446e-02
1.132158398736427679e-01 1.073429355473572155e-01 1.072589064905900280e-01 1.071191500316458073e-01 6.348428022252103342e-02 6.349308231136770175e-02 2.000141942895613048e-02
