0.000000000000000000e+00 0.000000000000000000e+00 0.000000000000000000e+00 0.000000000000000000e+00 0.000000000000000000e+00 0.000000000000000000e+00 0.000000000000000000e+00
3.848196071205123858e-01 3.210138569281459353e-02 3.189122378822571713e-02 2.546709991794050137e-02 1.815916515053594624e-02 1.276577944485567974e-02 1.207581882520961276e-02
0.000000000000000000e+00 0.000000000000000000e+00 0.000000000000000000e+00 0.000000000000000000e+00 0.000000000000000000e+00 0.000000000000000000e+00 0.000000000000000000e+00
2.961642429939323300e-03 1.156652245861383320e-03 1.138150534975618374e-03 1.118250754894376713e-03 5.672464634709237317e-04 5.553134050650319594e-04 3.504917732905923964e-04
0.000000000000000000e+00 0.000000000000000000e+00 0.000000000000000000e+00 0.000000000000000000e+00 0.000000000000000000e+00 0.000000000000000000e+00 0.000000000000000000e+00
0.000000000000000000e+00 0.000000000000000000e+00 0.000000000000000000e+00 0.000000000000000000e+00 0.000000000000000000e+00 0.000000000000000000e+00 0.000000000000000000e+00
0.000000000000000000e+00 0.000000000000000000e+00 0.000000000000000000e+00 0.000000000000000000e+00 0.000000000000000000e+00 0.000000000000000000e+00 0.000000000000000000e+00
0.000000000000000000e+00 0.000000000000000000e+00 0.000000000000000000e+00 0.000000000000000000e+00 0.000000000000000000e+00 0.000000000000000000e+00 0.000000000000000000e+00
0.000000000000000000e+00 0.000000000000000000e+00 0.000000000000000000e+00 0.000000000000000000e+00 0.000000000000000000e+00 0.000000000000000000e+00 0.000000000000000000e+00
0.000000000000000000e+00 0.000000000000000000e+00 0.000000000000000000e+00 0.000000000000000000e+00 0.000000000000000000e+00 0.000000000000000000e+00 0.000000000000000000e+00
7.490146408030844138e-02 5.139947327889066164e-02 5.505088001078529969e-02 5.208702618025437547e-02 3.198853351723511540e-02 2.796232945467370251e-02 2.176723335882738489e-02
1.780390536805897539e-01 8.919116872668856819e-03 6.043598170849828061e-03 6.102758569373939283e-03 6.158636568599008473e-03 6.187140124011767696e-03 6.389569918952204587e-03
0.000000000000000000e+00 0.000000000000000000e+00 0.000000000000000000e+00 0.000000000000000000e+00 0.000000000000000000e+00 0.000000000000000000e+00 0.000000000000000000e+00
4.578350355666670896e-02 3.791517236427959653e-02 2.826726165774376756e-02 2.861246079519332713e-02 2.915355249249347580e-02 2.919559192869272332e-02 1.970532081722210435e-02
0.000000000000000000e+00 0.000000000000000000e+00 0.000000000000000000e+00 0.000000000000000000e+00 0.000000000000000000e+00 0.000000000000000000e+00 0.000000000000000000e+00
0.000000000000000000e+00 0.000000000000000000e+00 0.000000000000000000e+00 0.000000000000000000e+00 0.000000000000000000e+00 0.000000000000000000e+00 0.000000000000000000e+00
0.000000000000000000e+00 0.000000000000000000e+00 0.000000000000000000e+00 0.000000000000000000e+00 0.000000000000000000e+00 0.000000000000000000e+00 0.000000000000000000e+00
7.148137515670399678e-02 2.749101971281769918e-02 2.659099646661224406e-02 3.574863291524701947e-02 3.650319123318113146e-02 2.372621704195402095e-02 1.715824133519217379e-02
0.000000000000000000e+00 0.000000000000000000e+00 0.000000000000000000e+00 0.000000000000000000e+00 0.000000000000000000e+00 0.000000000000000000e+00 0.000000000000000000e+00
0.000000000000000000e+00 0.000000000000000000e+00 0.000000000000000000e+00 0.000000000000000000e+00 0.000000000000000000e+00 0.000000000000000000e+00 0.000000000000000000e+00
9.511712078301605422e-02 1.356853002101713300e-02 1.335446864840737595e-02 8.249869616632888800e-03 8.114295511479577977e-03 8.011220886806958916e-03 7.938936731585355400e-03
2.519889695429359481e-03 2.766076356031393294e-03 2.732978383015104932e-03 2.375584499720386628e-03 1.756555075317480690e-03 1.662264887221201557e-03 1.293555955521434597e-03
0.000000000000000000e+00 0.000000000000000000e+00 0.000000000000000000e+00 0.000000000000000000e+00 0.000000000000000000e+00 0.000000000000000000e+00 0.000000000000000000e+00
1.280471550668738356e-01 1.239383684687725556e-01 1.213330348832626360e-01 1.144973527968716626e-01 1.117574725692276616e-01 8.348714870135293814e-03 1.537526332148587927e-03
3.447334047642772181e-02 1.110335607270776471e-03 8.692847039986167880e-04 6.940594094469561747e-04 4.589517790716720605e-04 3.356214801867112799e-04 2.791260085620847270e-04
1.664137772708423543e-02 0.000000000000000000e+00 0.000000000000000000e+00 0.000000000000000000e+00 0.000000000000000000e+00 0.000000000000000000e+00 0.000000000000000000e+00
1.203877179698712024e-01 5.967719842060916630e-02 2.283114524838081305e-02 2.274866523419050504e-02 2.188610283637510215e-02 2.171483066358805003e-02 2.162286626856788768e-02
6.406678715223494691e-02 3.307577102994838092e-02 3.582418420724896302e-02 4.699594682827405029e-02 4.603083904619843791e-02 3.251471587144144637e-02 3.125945313232464384e-02
0.000000000000000000e+00 0.000000000000000000e+00 0.000000000000000000e+00 0.000000000000000000e+00 0.000000000000000000e+00 0.000000000000000000e+00 0.000000000000000000e+00
0.000000000000000000e+00 0.000000000000000000e+00 0.000000000000000000e+00 0.000000000000000000e+00 0.000000000000000000e+00 0.000000000000000000e+00 0.000000000000000000e+00
0.000000000000000000e+00 0.000000000000000000e+00 0.000000000000000000e+00 0.000000000000000000e+00 0.000000000000000000e+00 0.000000000000000000e+00 0.000000000000000000e+00
0.000000000000000000e+00 0.000000000000000000e+00 0.000000000000000000e+00 0.000000000000000000e+00 0.000000000000000000e+00 0.000000000000000000e+00 0.000000000000000000e+00
0.000000000000000000e+00 0.000000000000000000e+00 0.000000000000000000e+00 0.000000000000000000e+00 0.000000000000000000e+00 0.000000000000000000e+00 0.000000000000000000e+00
1.813985247935484824e-01 0.000000000000000000e+00 0.000000000000000000e+00 0.000000000000000000e+00 0.000000000000000000e+00 0.000000000000000000e+00 1.198505812796395406e-05
0.000000000000000000e+00 0.000000000000000000e+00 0.000000000000000000e+00 0.000000000000000000e+00 0.000000000000000000e+00 0.000000000000000000e+00 0.000000000000000000e+00
6.824845085448044690e-02 4.960641744982603046e-02 5.619873090954549677e-02 5.382769292838131270e-02 4.860975575857578307e-02 4.296532465489195235e-02 3.772124063043454101e-02
1.046065843540744528e-01 0.000000000000000000e+00 0.000000000000000000e+00 0.000000000000000000e+00 0.000000000000000000e+00 0.000000000000000000e+00 0.000000000000000000e+00
6.673356164168663118e-02 3.420371468400665305e-02 2.896767095949418988e-02 2.460390061305574999e-02 2.095011682730900729e-02 1.974188587477300125e-02 1.676461653417006883e-02
1.071507054841661227e-01 0.000000000000000000e+00 0.000000000000000000e+00 0.000000000000000000e+00 0.000000000000000000e+00 0.000000000000000000e+00 0.000000000000000000e+00
0.000000000000000000e+00 0.000000000000000000e+00 0.000000000000000000e+00 0.000000000000000000e+00 0.000000000000000000e+00 0.000000000000000000e+00 0.000000000000000000e+00
4.620101701012860329e-03 2.686942363649239950e-03 2.119322973096604903e-03 1.999444369285469786e-03 2.014193541158928926e-03 2.052898134670624961e-03 1.895891978092076107e-03
0.000000000000000000e+00 0.000000000000000000e+00 0.000000000000000000e+00 0.000000000000000000e+00 0.000000000000000000e+00 0.000000000000000000e+00 0.000000000000000000e+00
1.045135099617777123e-03 1.080386002284029214e-04 1.015848222635171172e-04 1.019230243396869565e-04 9.582700442462349839e-05 9.552307265117470844e-05 9.622478692734851209e-05
1.442715122213478196e-01 0.000000000000000000e+00 0.000000000000000000e+00 0.000000000000000000e+00 0.000000000000000000e+00 0.000000000000000000e+00 0.000000000000000000e+00
5.096298298424352391e-02 6.221847836619941695e-03 6.383485796952321351e-03 6.193849352918419718e-03 5.906352730072504317e-03 5.528763988030163667e-03 5.442676466761008774e-03
0.000000000000000000e+00 0.000000000000000000e+00 0.000000000000000000e+00 0.000000000000000000e+00 0.000000000000000000e+00 0.000000000000000000e+00 0.000000000000000000e+00
8.796278111975960878e-02 2.728232134349773547e-02 2.097889846461426649e-02 2.090620069725696376e-02 2.057648959367422772e-02 1.659818589656184007e-02 1.627100498309099960e-02
0.000000000000000000e+00 0.000000000000000000e+00 0.000000000000000000e+00 0.000000000000000000e+00 0.000000000000000000e+00 0.000000000000000000e+00 0.000000000000000000e+00
