4.142077439814049744e-01 4.014799952795007343e-01 3.883096159499437872e-01 3.783468133631697206e-01 3.689495573378342996e-01 3.514398755301273991e-01 3.352641427504456928e-01
3.025335313395574599e-01 2.377816233060797146e-01 1.822482077045262383e-01 1.674705576372354510e-01 1.544058378734701475e-01 1.464233712090516892e-01 1.392902326859006557e-01
4.471613987119257283e-01 3.196954668658112397e-01 2.171791062971284991e-01 2.268208886308621108e-01 2.349334286269991190e-01 2.170923939689972104e-01 1.997448034970500108e-01
1.735956572332060244e-01 1.590111922708601078e-01 1.448269324561640425e-01 1.408034408536738558e-01 1.370456849200883676e-01 1.302320328280768269e-01 1.233992527430154695e-01
4.341046537436070163e-01 3.153762523071285129e-01 2.189425286958131267e-01 1.871508020059118316e-01 1.608361749409880914e-01 1.384480983294608114e-01 1.190617088825476483e-01
2.363430172396999429e-01 1.926436472155181323e-01 1.644672972305807612e-01 1.820800470548981365e-01 1.923243689259218070e-01 1.926074431271150300e-01 1.928386924194285812e-01
2.696317051087637195e-01 2.521622966319027603e-01 2.370898423616216444e-01 2.244090668406600320e-01 2.130883705014501028e-01 1.982561960316183147e-01 1.844409932051775669e-01
0.000000000000000000e+00 0.000000000000000000e+00 0.000000000000000000e+00 0.000000000000000000e+00 0.000000000000000000e+00 0.000000000000000000e+00 0.000000000000000000e+00
4.101073949993878087e-01 3.415614959540359541e-01 2.751332914052299072e-01 2.387936638010976775e-01 2.120406266721313326e-01 1.994405089537875653e-01 1.882633137897432307e-01
3.703007576341579288e-01 2.566794865613982179e-01 1.487725205098451575e-01 1.102893338704470233e-01 7.958220559282111473e-02 7.556500809117620843e-02 7.174514934668760335e-02
1.529969262343592595e-01 8.652890051219626344e-02 4.447003516956367364e-02 4.530862711044174318e-02 4.588981623424742001e-02 5.107106229839761952e-02 5.528353855151923318e-02
4.122170339423046337e-01 2.324294394803894104e-01 1.010249849573288256e-01 8.058296290095008640e-02 6.145175703236653575e-02 6.237070327993145258e-02 6.325724696098400379e-02
7.054171079605581207e-01 4.439146083386937280e-01 2.492003706727589640e-01 2.251542444794742970e-01 2.009019283440345305e-01 2.155661901442521289e-01 2.297490402574238477e-01
4.937832033665703890e-01 3.686770343591856958e-01 2.623631684062685543e-01 2.218496064705628990e-01 1.909135796664358509e-01 1.866140711831897891e-01 1.828366851467428389e-01
4.998216751461214691e-01 3.771915446385041837e-01 2.541910985916698840e-01 2.107408521006010615e-01 1.728185323425075470e-01 1.771629204095882537e-01 1.809948391502171627e-01
4.714072316193503864e-01 3.952058958162116831e-01 3.237629082487878396e-01 2.966511802248026353e-01 2.677602237753958780e-01 2.726066411193995287e-01 2.773721717327130021e-01
3.376637333970423649e-01 2.223612872728707168e-01 1.368484976185379565e-01 1.105493359339327908e-01 8.564022389934561330e-02 8.357178552528748972e-02 8.165866133054247578e-02
5.048911359662219822e-02 3.259884756293891794e-02 1.400780160789854255e-02 1.530561359374920868e-02 1.646029737547141311e-02 2.072874189852820515e-02 2.433047569351093689e-02
3.617671678443061811e-01 3.128964871374670942e-01 2.653288131073739398e-01 2.528151062770217505e-01 2.403274151654657409e-01 2.375699079945820524e-01 2.349227581986585989e-01
2.975816021983052062e-01 2.869078396371390616e-01 2.762115803526636881e-01 2.665373081213531226e-01 2.564795889239012139e-01 2.308213674464505150e-01 2.058058771708371482e-01
5.342770723523128096e-01 3.582035593174595633e-01 2.089590447830805553e-01 1.886089108561973537e-01 1.716504818248712760e-01 1.677430155768281361e-01 1.643711223688782697e-01
3.693309644180058915e-01 2.840036246840424439e-01 2.012869660475931910e-01 1.826064587649162685e-01 1.664944108092139552e-01 1.626351235365769143e-01 1.588797560032538247e-01
4.168702317260718493e-01 3.577282604096925223e-01 3.027402899857064567e-01 2.824984126156216413e-01 2.600485732432761266e-01 2.558876561065533961e-01 2.515364139760660755e-01
5.670726691015731680e-01 4.159382366613934012e-01 2.585122098110377853e-01 2.065622035335527573e-01 1.668409227561110098e-01 1.606380234632252546e-01 1.553903709417688850e-01
5.062877534562625348e-01 2.812057532475711885e-01 1.217720431272970305e-01 1.227596364921961364e-01 1.235590295642280262e-01 1.293297868157085861e-01 1.343372460711591276e-01
4.287435257588846360e-01 2.304937269269573541e-01 8.892608959888100018e-02 8.224788447065053965e-02 7.660352122985213119e-02 7.456405873316736266e-02 7.285166149618921283e-02
2.024931050421226175e-01 1.702308904672703016e-01 1.375432044539834642e-01 1.512568764174800351e-01 1.611789117118647974e-01 1.904330597699618044e-01 2.123084130432960626e-01
2.096664233466170035e-01 2.135844440129637256e-01 2.170518326397436470e-01 1.917843135636215501e-01 1.726205185863228242e-01 1.473730011684886154e-01 1.231348928590273867e-01
1.489532877597629645e-01 1.370155364344116944e-01 1.263825294072108973e-01 1.182207959656137730e-01 1.106041593603196010e-01 9.801847982717659669e-02 8.609137286197561523e-02
1.146383948468250730e-01 9.313471969709286036e-02 7.133030719448239798e-02 7.227744185221603168e-02 7.319491437704860048e-02 7.638341602699058597e-02 7.946440135268727223e-02
1.418760716825566981e-01 1.123388884654040604e-01 8.725437878059842667e-02 8.460549941491650461e-02 8.225779566435925672e-02 8.433088116815820601e-02 8.631170101972447661e-02
4.473739441223889557e-01 3.496159603954948625e-01 2.512079090700812256e-01 2.336292529638182847e-01 2.152861834463567214e-01 2.070504478124473302e-01 1.991921279727802696e-01
4.428060792751776775e-01 3.000839206175237583e-01 1.574076103874287869e-01 1.527982063772399812e-01 1.488320967408542916e-01 1.517070190795275497e-01 1.542984342142377785e-01
4.481700098374567509e-01 4.125572075703196617e-01 3.772048502733940101e-01 3.520214427783441846e-01 3.294170263653775632e-01 3.307600137346358160e-01 3.320597446096147931e-01
3.671603598646428490e-01 2.229104130626841096e-01 9.706654767291329755e-02 8.235119421716276256e-02 6.944341673844584006e-02 6.944314053138714304e-02 6.944287782262047182e-02
1.344076091114144167e-01 1.309638855729212958e-01 1.275828227959904804e-01 1.290322632609039732e-01 1.303660702637309265e-01 1.204963066672051220e-01 1.111303213131009660e-01
4.718615057424825898e-01 3.952947026979010126e-01 3.059002916913063919e-01 2.916567771140618492e-01 2.782653038158550696e-01 2.618355651245911075e-01 2.474755774701634659e-01
4.403182205419347017e-01 3.327344193808516870e-01 2.260040676755697142e-01 1.973895549774817570e-01 1.705493800551979855e-01 1.634752908036479768e-01 1.567886932734564309e-01
4.672298854694071357e-01 3.185732049880957151e-01 1.962007727414726288e-01 1.646533925735789716e-01 1.380906136497139780e-01 1.173784102245812866e-01 9.984543893007323534e-02
8.312725218394199089e-01 4.905199591477349963e-01 3.135467877596972985e-01 2.981000569378238763e-01 2.816092807194020553e-01 2.893310053081776245e-01 2.967259350028025877e-01
3.995333394778767255e-01 2.678860431132183417e-01 1.587253811475488330e-01 1.571160834458791844e-01 1.558209349876491789e-01 1.435226488912288989e-01 1.327009373677315585e-01
4.359614541650230768e-01 4.001000162845139707e-01 3.649500390633794167e-01 3.474782006613784668e-01 3.316323410347811751e-01 3.166536656411564343e-01 3.023518537601369016e-01
5.911609624544793273e-02 4.082306633011805602e-02 2.260412404788366206e-02 5.051076535753204477e-02 7.257976918762756857e-02 6.277700987128778665e-02 5.217667757868382772e-02
3.977279877371381334e-01 3.541604464625124904e-01 3.130037540272425090e-01 3.034052140206339732e-01 2.946664759855161519e-01 2.807397255334340702e-01 2.682412702023119211e-01
5.669044574691899097e-02 4.091235835744234245e-02 2.461481615801916836e-02 2.515649859335015656e-02 2.564085211784508656e-02 2.835047410639819632e-02 3.065583976794080540e-02
6.430177492306438092e-01 5.209569579182824484e-01 3.258150046639312625e-01 3.102589713782561986e-01 2.955530426455407200e-01 3.031222441631983844e-01 3.104667588850562043e-01
2.512298246640238819e-01 1.879354473255670233e-01 1.312024139235287712e-01 1.300211994744112087e-01 1.290250450365638124e-01 1.203015995393750953e-01 1.126443216396069286e-01
6.630014627755229650e-01 4.590586158236901748e-01 2.838201560122103895e-01 2.770035643760931365e-01 2.712178405408230963e-01 2.689849217293805994e-01 2.669256894976532180e-01
