0.000000000000000000e+00 0.000000000000000000e+00 0.000000000000000000e+00 0.000000000000000000e+00 0.000000000000000000e+00 0.000000000000000000e+00 0.000000000000000000e+00
3.791154541644714548e-01 3.209463216073321634e-02 3.190341384286856513e-02 2.546074337286125672e-02 1.820348584297250966e-02 1.272935430456667745e-02 1.201593540626873062e-02
0.000000000000000000e+00 0.000000000000000000e+00 0.000000000000000000e+00 0.000000000000000000e+00 0.000000000000000000e+00 0.000000000000000000e+00 0.000000000000000000e+00
2.961642429939323300e-03 1.156652245861383320e-03 1.138150534975618374e-03 1.118250754894376713e-03 5.672464634709237317e-04 5.553134050650319594e-04 3.504917732905923964e-04
0.000000000000000000e+00 0.000000000000000000e+00 0.000000000000000000e+00 0.000000000000000000e+00 0.000000000000000000e+00 0.000000000000000000e+00 0.000000000000000000e+00
0.000000000000000000e+00 0.000000000000000000e+00 0.000000000000000000e+00 0.000000000000000000e+00 0.000000000000000000e+00 0.000000000000000000e+00 0.000000000000000000e+00
0.000000000000000000e+00 0.000000000000000000e+00 0.000000000000000000e+00 0.000000000000000000e+00 0.000000000000000000e+00 0.000000000000000000e+00 0.000000000000000000e+00
0.000000000000000000e+00 0.000000000000000000e+00 0.000000000000000000e+00 0.000000000000000000e+00 0.000000000000000000e+00 0.000000000000000000e+00 0.000000000000000000e+00
0.000000000000000000e+00 0.000000000000000000e+00 0.000000000000000000e+00 0.000000000000000000e+00 0.000000000000000000e+00 0.000000000000000000e+00 0.000000000000000000e+00
0.000000000000000000e+00 0.000000000000000000e+00 0.000000000000000000e+00 0.000000000000000000e+00 0.000000000000000000e+00 0.000000000000000000e+00 0.000000000000000000e+00
6.733027429108164041e-02 4.846469532919842754e-02 4.926807344789039395e-02 4.652327626233484364e-02 3.292669478143452760e-02 2.893324466282904545e-02 2.827036775570068022e-02
1.659748925670405661e-01 8.919116872668856819e-03 6.043598170849828061e-03 6.102758569373939283e-03 6.158636568599008473e-03 6.187140124011767696e-03 6.389569918952204587e-03
0.000000000000000000e+00 0.000000000000000000e+00 0.000000000000000000e+00 0.000000000000000000e+00 0.000000000000000000e+00 0.000000000000000000e+00 0.000000000000000000e+00
4.570047975543185814e-02 3.476740859720745674e-02 2.610992997747102820e-02 2.614084716484382440e-02 2.645105727111171298e-02 2.674751102710775860e-02 1.727971663852660017e-02
0.000000000000000000e+00 0.000000000000000000e+00 0.000000000000000000e+00 0.000000000000000000e+00 0.000000000000000000e+00 0.000000000000000000e+00 0.000000000000000000e+00
0.000000000000000000e+00 0.000000000000000000e+00 0.000000000000000000e+00 0.000000000000000000e+00 0.000000000000000000e+00 0.000000000000000000e+00 0.000000000000000000e+00
0.000000000000000000e+00 0.000000000000000000e+00 0.000000000000000000e+00 0.000000000000000000e+00 0.000000000000000000e+00 0.000000000000000000e+00 0.000000000000000000e+00
7.158106546996503838e-02 3.553206617931312788e-02 3.581350315313763799e-02 4.670722321393110110e-02 5.029322635487720738e-02 3.079264216821891303e-02 6.778769520832600426e-02
0.000000000000000000e+00 0.000000000000000000e+00 0.000000000000000000e+00 0.000000000000000000e+00 0.000000000000000000e+00 0.000000000000000000e+00 0.000000000000000000e+00
0.000000000000000000e+00 0.000000000000000000e+00 0.000000000000000000e+00 0.000000000000000000e+00 0.000000000000000000e+00 0.000000000000000000e+00 0.000000000000000000e+00
9.511712078301605422e-02 1.356853002101713300e-02 1.335446864840737595e-02 1.276697423844241203e-02 1.255716836427102183e-02 1.239765662171637972e-02 1.228579425412352176e-02
2.517258984864519881e-03 2.277003614436565529e-03 2.247314404325075846e-03 1.951259516286280764e-03 1.441178227671506855e-03 1.362284680294376018e-03 1.270874612420495788e-03
0.000000000000000000e+00 0.000000000000000000e+00 0.000000000000000000e+00 0.000000000000000000e+00 0.000000000000000000e+00 0.000000000000000000e+00 0.000000000000000000e+00
1.280471550668738356e-01 1.239383684687725556e-01 1.213330348832626360e-01 1.144973527968716626e-01 1.117574725692276616e-01 8.348714870135293814e-03 1.537526332148587927e-03
3.448662190022863672e-02 1.110335607270776471e-03 8.692847039986167880e-04 6.940594094469561747e-04 4.589517790716720605e-04 5.555166807862869753e-04 2.716186875223357104e-03
1.644725438823318661e-02 0.000000000000000000e+00 0.000000000000000000e+00 0.000000000000000000e+00 0.000000000000000000e+00 0.000000000000000000e+00 0.000000000000000000e+00
1.302550562310746951e-01 3.110310182665780229e-02 2.283114524838081305e-02 2.274866523419050504e-02 2.188610283637510215e-02 2.171483066358805003e-02 2.162286626856788768e-02
6.402603537823182978e-02 4.848633896036614460e-02 4.749438249424341868e-02 4.812045002074408218e-02 5.118061043426266193e-02 1.251463845216014559e-01 1.163825003255406915e-01
0.000000000000000000e+00 0.000000000000000000e+00 0.000000000000000000e+00 0.000000000000000000e+00 0.000000000000000000e+00 0.000000000000000000e+00 0.000000000000000000e+00
0.000000000000000000e+00 0.000000000000000000e+00 0.000000000000000000e+00 0.000000000000000000e+00 0.000000000000000000e+00 0.000000000000000000e+00 0.000000000000000000e+00
0.000000000000000000e+00 0.000000000000000000e+00 0.000000000000000000e+00 0.000000000000000000e+00 0.000000000000000000e+00 0.000000000000000000e+00 0.000000000000000000e+00
0.000000000000000000e+00 0.000000000000000000e+00 0.000000000000000000e+00 0.000000000000000000e+00 0.000000000000000000e+00 0.000000000000000000e+00 0.000000000000000000e+00
0.000000000000000000e+00 0.000000000000000000e+00 0.000000000000000000e+00 0.000000000000000000e+00 0.000000000000000000e+00 0.000000000000000000e+00 0.000000000000000000e+00
1.814558472644966503e-01 0.000000000000000000e+00 0.000000000000000000e+00 0.000000000000000000e+00 0.000000000000000000e+00 9.791112036131487117e-02 1.087263924052562919e-01
0.000000000000000000e+00 0.000000000000000000e+00 0.000000000000000000e+00 0.000000000000000000e+00 0.000000000000000000e+00 0.000000000000000000e+00 0.000000000000000000e+00
6.464812774501743631e-02 4.993906019640806382e-02 5.653406964408815016e-02 5.197241436543554444e-02 5.137833780673610462e-02 4.959496609225318153e-02 4.764184488817042179e-02
1.046065843540744528e-01 0.000000000000000000e+00 0.000000000000000000e+00 0.000000000000000000e+00 0.000000000000000000e+00 0.000000000000000000e+00 0.000000000000000000e+00
6.662669232291205945e-02 3.946108990325381677e-02 3.461528762902246759e-02 2.805617502935007015e-02 2.497216796112655679e-02 2.226063572622559092e-02 1.771707319150542942e-02
1.071507054841661227e-01 0.000000000000000000e+00 0.000000000000000000e+00 0.000000000000000000e+00 0.000000000000000000e+00 0.000000000000000000e+00 1.960613831156828631e-03
0.000000000000000000e+00 0.000000000000000000e+00 0.000000000000000000e+00 0.000000000000000000e+00 0.000000000000000000e+00 0.000000000000000000e+00 0.000000000000000000e+00
4.592683319268024526e-03 2.700595718703419339e-03 2.136705137832246946e-03 2.017752619423797238e-03 2.024427021371980658e-03 2.064304779028950168e-03 1.896769810430878195e-03
0.000000000000000000e+00 0.000000000000000000e+00 0.000000000000000000e+00 0.000000000000000000e+00 0.000000000000000000e+00 0.000000000000000000e+00 0.000000000000000000e+00
1.045135099617777123e-03 1.087048956295889201e-04 1.022113159404194980e-04 1.025516037756379401e-04 9.608167038875433286e-05 9.577693089853949935e-05 9.648051002214077002e-05
1.443439475598606025e-01 0.000000000000000000e+00 0.000000000000000000e+00 0.000000000000000000e+00 0.000000000000000000e+00 0.000000000000000000e+00 0.000000000000000000e+00
5.378261040611972965e-02 6.167997213864340016e-03 1.056487539922844852e-02 1.009253653414318719e-02 7.104617773375367790e-03 9.721867547669457016e-03 8.289037548175517967e-03
0.000000000000000000e+00 0.000000000000000000e+00 0.000000000000000000e+00 0.000000000000000000e+00 0.000000000000000000e+00 0.000000000000000000e+00 0.000000000000000000e+00
9.000718431956845900e-02 2.331092415869338158e-02 2.097034550147773915e-02 2.090510540569855830e-02 2.058175287049052518e-02 1.659844717270155326e-02 1.627798640531564686e-02
0.000000000000000000e+00 0.000000000000000000e+00 0.000000000000000000e+00 0.000000000000000000e+00 0.000000000000000000e+00 0.000000000000000000e+00 0.000000000000000000e+00
