3.915446566026359765e+00 3.926198889993764318e+00 3.937622081703629373e+00 3.941608053999327232e+00 3.945593021465453543e+00 3.832208655037309342e+00 3.725159167150643214e+00
1.666351276562053174e+00 9.235854999205390659e-01 4.373716601511044577e-01 4.496944476426609771e-01 4.615960401359534004e-01 4.056190411975562626e-01 3.563930242662378123e-01
2.781231400056340064e+00 2.590567767666263954e+00 2.403186545331739143e+00 2.199929945245525431e+00 2.024035185748753740e+00 1.968654178810438360e+00 1.915139833019295024e+00
1.121075856004481608e+01 1.504676148494061394e+01 1.867476191903765326e+01 1.873707062532822931e+01 1.879692834604412255e+01 1.909655350282795183e+01 1.939760534607428966e+01
1.520461073871036106e+01 9.096340852632220475e+00 5.841414765341023774e+00 5.599923568802288365e+00 5.386213649871046449e+00 5.242805816832638577e+00 5.104131616827392470e+00
1.100421752090671168e-01 2.384044298969317244e-01 2.876462197952158184e-01 3.110982094822669630e-01 3.299896209194331798e-01 3.242099013297861654e-01 3.185376491589703707e-01
9.531683416663329078e-01 8.915849297286950748e-01 8.376489361426453506e-01 7.684593985967465013e-01 7.083226802269431133e-01 6.845565425862657483e-01 6.622487928501830101e-01
0.000000000000000000e+00 0.000000000000000000e+00 0.000000000000000000e+00 0.000000000000000000e+00 0.000000000000000000e+00 0.000000000000000000e+00 0.000000000000000000e+00
5.096976362728154797e+00 4.765766503864734105e+00 4.457765641517880795e+00 4.051598551362422640e+00 3.718212969375612964e+00 3.630585056061420346e+00 3.546082006893143124e+00
2.359661761488315967e+00 1.802771828939788934e+00 1.356563875445156997e+00 1.306806623674836576e+00 1.257938121742785853e+00 1.171790221021048461e+00 1.093846519390630379e+00
2.263181463147959427e+00 1.167272515265685318e+00 7.170232949553184687e-01 7.076252615515217226e-01 6.990419332034539801e-01 6.906574973588305300e-01 6.824679135464323254e-01
1.047074427248686934e+00 6.455399614308523493e-01 3.275480468125177569e-01 2.965441860318294154e-01 2.665670732326034797e-01 2.556507955038401780e-01 2.448781985850015663e-01
2.167687753718035459e+00 1.400782623867693699e+00 8.722882771387513445e-01 8.081774641975106865e-01 7.476226028022335823e-01 7.153991765300391492e-01 6.851661187573602207e-01
4.845778386328471576e+00 4.231785002333439571e+00 3.706916440985929206e+00 3.440748461907981781e+00 3.199899816098056071e+00 3.127046324280676082e+00 3.056888122252615414e+00
1.244958151897161303e+00 9.127543877980895948e-01 5.483524500492187315e-01 4.734389989479607652e-01 4.022090701749092001e-01 3.993445101747454817e-01 3.964823778763743589e-01
2.905955893090504283e+00 2.620044903240975831e+00 2.327045736719786095e+00 2.299542292203024640e+00 2.272013668385883811e+00 2.259493268161180346e+00 2.246987981705516724e+00
1.137599322259462031e+00 6.726549557634124987e-01 4.104191137707610681e-01 3.881655565033267363e-01 3.659490275594077802e-01 3.585932407907885255e-01 3.513425673932193960e-01
1.822493485734482732e+01 1.848970284668229169e+01 1.875872049218309101e+01 1.747373323258388211e+01 1.638010910693128608e+01 1.541269954242698326e+01 1.454430166847532035e+01
3.022686587476222986e+00 2.234528928189416064e+00 1.742701140217091105e+00 1.248273349355693007e+00 9.258474593060067592e-01 9.359803158592682193e-01 9.461190835638074725e-01
8.317192911791856380e-01 7.961817770261336857e-01 7.628926010026764182e-01 7.577178100005530492e-01 7.528328384511988602e-01 7.493757973744871181e-01 7.460862564253609719e-01
3.670833510715503678e+00 2.927966835844396432e+00 2.314453511699954724e+00 2.213864914324187527e+00 2.121792120919611335e+00 1.991446762967008510e+00 1.869793250696884845e+00
2.826678393541329104e+00 2.569410227534533409e+00 2.303993011062547058e+00 2.135719591128488304e+00 1.981888144952686392e+00 1.931741381569525684e+00 1.881827354133902785e+00
1.266510794590604450e+00 6.591069730695251483e-01 3.516170151200503358e-01 3.323154966178263336e-01 3.120175851258977784e-01 3.049923591356611396e-01 2.980013914649962126e-01
5.318944116458480309e+00 4.965643634468361434e+00 4.596496578095803365e+00 4.276591042654902530e+00 3.998057377101463583e+00 3.924241359304216026e+00 3.852574341798099322e+00
2.232193274447105580e+00 1.178216431711224255e+00 6.165816669080471657e-01 6.056157019432528710e-01 5.959112675074695886e-01 5.808066223091782332e-01 5.662005541129232489e-01
1.204635489320031283e+00 8.720076786161666815e-01 5.498178245938558639e-01 5.159018409440048192e-01 4.816490066170412421e-01 4.645813000373500423e-01 4.478506030737903210e-01
4.948876009598098591e+01 2.528925879316084746e+01 1.655394344651216088e+01 1.637428480013224785e+01 1.620802349829395439e+01 1.613152856437652360e+01 1.605648735010090533e+01
1.047660183441907478e+00 8.145057500965091624e-01 6.361545309184071240e-01 6.277986448021677379e-01 6.221032577778164985e-01 6.183142091456110823e-01 6.147676659535028509e-01
5.744643123191070622e+00 5.523779946766675053e+00 5.324403977012776679e+00 5.075354013488636795e+00 4.851336348302647927e+00 4.785923888851456809e+00 4.722291749620875834e+00
1.054951425084702699e+01 9.965273350751362003e+00 9.383183336102440819e+00 9.694276449372683402e+00 1.000471019781283033e+01 9.946283104075812176e+00 9.887700802838249814e+00
1.213571263818823631e+00 1.096194145529944430e+00 9.995204898371834457e-01 9.430229817915237733e-01 8.976458138393276220e-01 8.868578996849955098e-01 8.766680017495188659e-01
3.022686587476222986e+00 2.234528928189416064e+00 1.742701140217091105e+00 1.248273349355693007e+00 9.258474593060067592e-01 9.359803158592682193e-01 9.461190835638074725e-01
1.346218648443054100e+01 1.201894983557414776e+01 1.072021775296898127e+01 1.007246752590108940e+01 9.535066120306108672e+00 9.155161690188190704e+00 8.800552660280514417e+00
1.525415357385273118e+00 1.333735282794999089e+00 1.159179659501463622e+00 1.121924860492293563e+00 1.086010507472412234e+00 1.073316280718160431e+00 1.061381915053108305e+00
3.109486211755557949e+00 2.567431541855552446e+00 2.086453848376268017e+00 1.961240237990838020e+00 1.843399994736996339e+00 1.761384658815431825e+00 1.684734307655907593e+00
5.864848293886952391e+00 6.019622776908798656e+00 6.175212475747504648e+00 6.162214629055996262e+00 6.150242014380276956e+00 6.118675395849385801e+00 6.087771732120553558e+00
1.933777821501752703e+00 1.811931718240806344e+00 1.661719337813800879e+00 1.597727146494642980e+00 1.536369710019355184e+00 1.431872454256960303e+00 1.339180211531823206e+00
4.960360631622915406e+00 4.038042429599787653e+00 3.299035144062754998e+00 3.137798431035677904e+00 2.979441682185229201e+00 2.774610285396448273e+00 2.589285777868221228e+00
1.280974739658644834e+00 9.059509954663571563e-01 5.558894832969291100e-01 5.454947672550749527e-01 5.343452045113230575e-01 5.251105759442977750e-01 5.161473310148819715e-01
4.127779857077481296e+00 2.593249366486225060e+00 1.763616727515435745e+00 1.706951698431241837e+00 1.649343245458921414e+00 1.637398904454681947e+00 1.625402236344380746e+00
5.317748888291630394e+00 4.538855823958595437e+00 3.903161396081893830e+00 3.548581393319278465e+00 3.240097482696544517e+00 3.121766281287770006e+00 3.009408634479167954e+00
1.704088543773610809e+01 1.717194854140653959e+01 1.729667991875365374e+01 1.666008180136690342e+01 1.611214194470808891e+01 1.557539813005797846e+01 1.505174648750270805e+01
3.391934342015520798e+00 3.040528388913931401e+00 2.762321431054065357e+00 2.758389180838288990e+00 2.754349781292342758e+00 2.764828498874044804e+00 2.775629491639516111e+00
2.775850148896520597e+00 1.735444360891630788e+00 1.234820010923452616e+00 9.487769608843348301e-01 7.385174669755447674e-01 7.462719722307907810e-01 7.540573426229392195e-01
6.430457849278758964e+00 6.497316629122980025e+00 6.565211743134773847e+00 6.192227455916589740e+00 5.871310744740669385e+00 5.572053609079580028e+00 5.300140336857776191e+00
3.022686587476222986e+00 2.234528928189416064e+00 1.742701140217091105e+00 1.248273349355693007e+00 9.258474593060067592e-01 9.359803158592682193e-01 9.461190835638074725e-01
2.089262543045136589e+00 1.828851432336945138e+00 1.584649010244414180e+00 1.498414008439473699e+00 1.418082395557705100e+00 1.313875419323362381e+00 1.215629911961020992e+00
2.386874662412901582e+00 1.838794689775122837e+00 1.342830007659485458e+00 1.408406671911213159e+00 1.463743063854140214e+00 1.430221953179886096e+00 1.397638842078468002e+00
