3.152899183275383432e+00 3.072913577759313064e+00 3.151009959821656103e+00 3.341650692466600070e+00 3.506375431241691931e+00 3.542188488928134760e+00 3.696347233824176737e+00
3.904373936833440251e+00 3.674864394860738681e+00 3.597592365719123553e+00 3.952423195429213276e+00 3.782013215206510459e+00 3.600697204709499832e+00 3.436156874791370885e+00
2.546326906911789312e+00 1.725101670943383958e+00 1.396062352287603225e+00 1.384670030015360487e+00 1.377156162432944919e+00 1.365739595338054890e+00 1.358993087824857948e+00
4.337895689042505332e+00 4.481812242125569057e+00 4.386199219898544222e+00 5.430612634820648488e+00 5.567882107562758698e+00 6.336868261832887761e+00 6.176099566841140920e+00
1.527158390162362211e+00 1.464987241655744343e+00 1.410143438666981996e+00 1.396033365137097304e+00 1.263447904307951619e+00 1.071791935407629515e+00 9.563704769001488692e-01
1.502095641248880620e+00 1.474810224942602943e+00 1.478998618554054900e+00 1.511987046758949349e+00 1.490064556068622981e+00 1.484853731008459521e+00 1.499471742081805781e+00
4.697888381880159225e-01 5.367260228014268664e-02 5.364651867400761082e-02 4.953304750451078403e-02 4.946967377821087641e-02 4.946263678981043660e-02 4.937131207034212849e-02
1.491719920776030106e+00 1.279559641345521692e+00 1.271824733005056274e+00 1.245200195127565079e+00 1.069740555735033460e+00 1.028284295391072911e+00 1.017103121110591646e+00
1.036830316391639029e+00 8.949058385041641639e-01 8.168613012806071882e-01 7.853161111353367252e-01 7.424779893440676126e-01 7.323771732615188546e-01 6.941839892567939208e-01
2.194674672341058841e+00 2.276431380430851803e+00 2.255678113972645171e+00 2.314003242582141517e+00 2.324865742358746878e+00 2.324596953836594260e+00 2.392088122214818480e+00
1.431557888776853282e+01 1.483973189945167981e+01 1.451265397171323102e+01 1.466468998453321149e+01 1.467389590920638298e+01 1.083022120881789441e+01 9.837525739024931326e+00
1.534063620635077951e+00 1.241772036329489515e+00 1.189963704998662886e+00 1.122411509212594583e+00 1.109396682766947917e+00 1.076507108869865670e+00 1.059561934960959295e+00
1.228637983421928315e+00 4.867282102261162313e-01 4.717941847996525162e-01 4.698706642308501658e-01 3.702866313548250354e-01 3.689008732941897462e-01 3.969949056173042168e-01
1.147882030588871949e+00 9.446885068300695520e-01 7.824063361839183051e-01 7.847214219615011865e-01 8.125467874071669039e-01 8.091980240604085273e-01 7.695459665431799712e-01
1.018062771519954168e+00 5.424850580871655170e-01 5.432480842187408232e-01 5.416192733842009055e-01 3.871257947901706187e-01 3.848581358342501590e-01 3.854945635598793774e-01
2.786904989194585625e+00 2.094996330129733408e+00 1.302498205315061330e+00 1.137233965657173052e+00 1.050699799366159315e+00 1.041089257179982130e+00 9.573897772736985612e-01
1.402113856317089402e+00 1.002913517506413665e+00 9.968876124143486450e-01 9.948180999624943732e-01 9.927792994336509524e-01 9.852529494897227513e-01 9.802432472976619904e-01
7.809751800796000509e+00 8.322468613197880671e+00 8.353237140394067950e+00 8.927278254573607796e+00 8.611917777672706720e+00 8.582252614757903686e+00 7.724629455407950651e+00
2.747211391301152883e+00 2.741506226467649299e+00 2.510419926614896990e+00 2.351220615473099240e+00 2.139772529532386169e+00 1.782172740966145641e+00 1.595045573217349633e+00
1.361763472337762071e+00 1.349516220517012588e+00 1.197283124575829083e+00 9.057605975262459364e-01 9.011346667958289869e-01 8.999061235372289858e-01 7.972511082583549902e-01
1.566597788862701401e+00 8.277979913308204374e-01 7.484461819016290374e-01 7.219587368013169471e-01 7.015853055673318961e-01 6.725176907418970451e-01 6.428791383348979593e-01
1.300375429608220612e+00 1.171653550620663120e+00 1.151102066535020452e+00 1.121067294038244899e+00 1.056180637077446693e+00 9.859917650488712049e-01 9.333879141774288346e-01
1.252707559047030461e+00 6.869771144057780221e-01 6.053918018805714008e-01 5.490175340503662405e-01 5.143846616372457214e-01 4.594272498132395133e-01 4.423883346845358111e-01
1.998915022415865161e+00 1.337395483729612478e+00 8.864960274775735005e-01 8.434813873102734449e-01 6.917159142068964872e-01 6.308944568689593968e-01 5.479848519535049922e-01
9.404084744796366024e+00 4.251886421476810618e+00 4.097072826790291167e+00 4.136086564248525832e+00 3.844094508314455982e+00 3.467909595307091308e+00 3.129504714762056938e+00
1.774243660434747349e+00 1.175208419406255755e+00 1.074232718342685633e+00 1.047786382488253620e+00 8.655699739177349361e-01 8.657484855825585690e-01 8.680290464110401727e-01
3.500252984477580931e+00 3.762209820791816650e+00 3.651923997583034431e+00 3.655474282309234546e+00 3.666232373414224810e+00 3.655027788886850537e+00 3.760431618663600428e+00
4.355039924567953413e+00 4.251863221766980949e+00 4.248798587974768282e+00 4.204304791769806648e+00 4.186772266854327462e+00 4.145590794468253293e+00 4.128924819647541433e+00
1.354961936738369621e+00 1.178095269710333959e+00 1.165280442028371111e+00 1.081840954248405762e+00 1.024046455732519734e+00 1.022201894031320224e+00 9.625578825213597645e-01
7.360678977732605377e-01 2.190261020254663793e-01 1.732795238174165697e-01 1.649582040017262830e-01 1.542837480946907258e-01 1.423369841010681813e-01 1.346136552984016077e-01
5.042602942186414694e+00 4.918342050885135208e+00 4.875128030055901007e+00 4.768813623143123515e+00 4.699915905902112279e+00 4.559945330691911991e+00 4.456451214218036583e+00
2.241370443718398331e+00 1.823652510792415082e+00 1.776735457124732687e+00 1.746354331275458138e+00 1.725941152349820484e+00 1.679442186954867688e+00 1.624586649914556480e+00
1.774041640264148345e+00 9.454278331330233653e-01 8.437589019202598184e-01 7.160741579042282368e-01 6.255491056221529345e-01 5.942484109132084580e-01 5.575681490229994486e-01
1.163535636841302123e+00 9.383873766054350307e-01 8.392805359739733406e-01 7.819389012047497367e-01 7.594655396146934301e-01 7.403363953082989779e-01 7.123370297423656794e-01
1.029859417291845824e+00 5.731452720634334641e-01 5.383192514229607761e-01 5.191632956766278895e-01 5.011354178784002134e-01 4.626845317322044182e-01 4.342196989468192214e-01
1.349157652459987133e+01 1.411534052491953695e+01 1.383750351721679905e+01 1.408392910281668087e+01 1.409298556154072735e+01 1.404347037632138928e+01 1.403297434113061648e+01
1.662067499947848859e+00 1.609474228941132568e+00 1.579094081522313786e+00 1.579728316417391865e+00 1.579737089752860868e+00 1.576758973375695483e+00 1.585991301458689717e+00
2.336160315810421384e+00 1.512484817261265491e+00 1.417844969693309531e+00 1.368804560556178274e+00 1.319278278975981156e+00 1.300598589145776973e+00 1.287656017073160797e+00
6.416434060895523039e+00 7.054184926110259823e+00 7.373614003095647185e+00 6.768717118051689852e+00 6.431439304745468100e+00 5.671963049503184529e+00 5.289133223683014862e+00
3.857199915431566151e+00 3.844153965762150182e+00 3.992661662225296393e+00 4.002871165383305119e+00 3.907971546166974175e+00 3.927543861530981673e+00 3.709799829176625430e+00
6.781005106022361950e-01 4.423214197547558069e-01 4.110680554451687785e-01 4.013482506353128754e-01 3.812529572873659678e-01 3.713212489081248457e-01 3.435239492708535014e-01
2.104274300799242159e+00 2.159670999822813187e+00 2.090999937389454111e+00 2.157593473943526075e+00 2.085281438978414670e+00 2.795298436434004330e+00 2.825679160742731177e+00
1.092954726333811744e+00 1.190342301290496119e+00 1.113659630055197081e+00 1.131384977221852939e+00 1.132050287015114787e+00 1.177718252495259632e+00 1.161212522378323175e+00
1.491719920776030106e+00 1.279559641345521692e+00 1.271824733005056274e+00 1.245200195127565079e+00 1.069740555735033460e+00 1.028284295391072911e+00 1.017103121110591646e+00
1.691200061777452390e+01 1.679541322042301843e+01 1.665086312685326320e+01 1.665051353066229467e+01 1.668505360253941561e+01 1.626058267605732510e+01 1.629603489260115268e+01
2.129389704267974803e+00 3.495528413539258139e+00 3.488129163577835090e+00 3.558502397196081191e+00 3.546180163081252612e+00 3.526105959983432125e+00 3.324762069653180774e+00
1.960293733153294138e+00 8.781783885330757267e-01 8.734670599971106064e-01 8.500533664104474862e-01 8.251670676193643139e-01 8.133150394671629924e-01 8.035847315099744481e-01
1.678915208132770509e+00 5.939466104920106959e-01 4.787593426092940363e-01 4.415903749824750535e-01 4.088009652709969632e-01 3.859333292880689492e-01 3.804098237040784980e-01
