4.021216529559927255e-01 3.343978632123310035e-01 2.725051523789350783e-01 2.419937034709179202e-01 1.825841003405084262e-01 1.689148377723045380e-01 1.543422775463871022e-01
2.948651098656503988e-01 1.977755400921663576e-01 1.488539729281667112e-01 1.032982481038443867e-01 1.083204089314480784e-01 6.351225924106407295e-02 8.323926487767108195e-02
5.614949118303551590e-01 8.551729218758395701e-02 6.155483256205951381e-02 5.321390801919527458e-02 4.815284429289465318e-02 4.783057223358980897e-02 4.756638813522460346e-02
1.338755172983320807e-01 1.178567258293383296e-01 1.231149277081985544e-01 1.097432228542417343e-01 1.051505622122701072e-01 1.007099941027376488e-01 9.255110125811560895e-02
4.171045000674672432e-01 1.651162889107795906e-01 1.402523873000872945e-01 1.407340401138947594e-01 1.232267325502219846e-01 9.736625222160176507e-02 8.025447088456762190e-02
2.836152310398755705e-01 2.663978810526578256e-01 2.568068662325111440e-01 2.433499691062835923e-01 2.442668098948973243e-01 2.400640528534686846e-01 2.293361498621696581e-01
4.197283269792031479e-01 6.001091034986753836e-02 3.269115825853440710e-02 3.232135649922768944e-02 3.203788255496873433e-02 3.174722964079301074e-02 3.143749084363833129e-02
2.423500920603589015e-01 1.479358198164924254e-01 1.245663861641177067e-01 8.971910988974182710e-02 8.293757506780631561e-02 8.302176580121485572e-02 7.009413630525869465e-02
4.200883680381843899e-01 3.416528957599010985e-01 2.980297197302184675e-01 2.807543997051776263e-01 2.613344837571602852e-01 2.489713103327559074e-01 2.373355137206947518e-01
4.060619656783716613e-01 1.615203166426548986e-01 1.486693395824750241e-01 1.473740595092592753e-01 1.443204835378869288e-01 1.418556663820942365e-01 1.279206232405657728e-01
5.724694738769488256e-02 4.185637173894194568e-02 4.389247336178304926e-02 3.997638648361120234e-02 3.975022699815228266e-02 3.915413781501771856e-02 3.860855951195731744e-02
2.290462714594981852e-01 1.049253791626230253e-01 9.074128248469423563e-02 7.991759127187270106e-02 7.694575617044190075e-02 7.687595763405456750e-02 6.970318658175035653e-02
6.446915188728938872e-01 2.641842228828429340e-01 2.471778119253199291e-01 2.298060835586156481e-01 1.781791272594428210e-01 1.778264766511969963e-01 1.875370462545205286e-01
3.878608711812119858e-01 2.717786146329638775e-01 1.701510124923935052e-01 1.377536333490297915e-01 8.978590699053719260e-02 7.815401662161756968e-02 7.361745558789280219e-02
3.883229492630829172e-01 4.744250284191332823e-02 4.809729536063547806e-02 4.412274179791799561e-02 4.066059813139352025e-02 4.112589145382987421e-02 4.095428698588123029e-02
8.305712569535795842e-01 5.129189209028397478e-01 2.101199668086729810e-01 1.204646334029039756e-01 9.210912929959023943e-02 9.008621634607283379e-02 8.658774743898424442e-02
3.944668893418046274e-01 1.984082646914143711e-01 1.935602095847537840e-01 1.874140664414598312e-01 1.805826032565582273e-01 1.779843355460173360e-01 1.815059924921210155e-01
7.099656631446082944e-02 2.055721570642312160e-02 1.449180557282255671e-02 1.855923156265599366e-02 1.775896874983570392e-02 1.385061898702638281e-02 1.282379073301822582e-02
2.372331877435226999e-01 1.677133895451326795e-01 1.563643043237866181e-01 1.287600924292144344e-01 1.149470318387107864e-01 9.578593030049518953e-02 7.730142884260060576e-02
2.114327810645084682e-01 2.026572071523537466e-01 1.833101193052751876e-01 1.414987773307415653e-01 1.450555112937861324e-01 1.329684143457546541e-01 1.123841058753607819e-01
4.237703864568837520e-01 1.997404144406101090e-01 1.085066178428372857e-01 8.694347625029988369e-02 8.283888803606823115e-02 7.531634523717575802e-02 6.944742145206551920e-02
3.054555114492165102e-01 1.393011668486756061e-01 8.308860010420865416e-02 7.310627464686721144e-02 6.162888129016455552e-02 5.647079428306759491e-02 5.138422550981582709e-02
4.640823216441397059e-01 1.258799182506179781e-01 8.745819093642019648e-02 7.553045051851202396e-02 6.146568924061669714e-02 5.657623497408074270e-02 4.695206468872129002e-02
7.038648983254028879e-01 4.326020890454853607e-01 2.962356439959890064e-01 2.600997964909492755e-01 1.766362696926722375e-01 1.371364295468626704e-01 1.069326666149482130e-01
2.933507508720860635e-01 2.246096283836439972e-03 2.182163083134786800e-03 2.125717088085880228e-03 2.055729707329237346e-03 2.000237370811778180e-03 2.016070624160955574e-03
3.448197631823217146e-01 1.278143228833071854e-01 8.558761373855303112e-02 7.643443308121143642e-02 6.003319169742395156e-02 5.985735935733663138e-02 5.662950752861308640e-02
1.885732005605345596e-01 1.363891139383462403e-01 1.403429340216910126e-01 1.370304877223794682e-01 1.304248576429745676e-01 1.214367750272777741e-01 1.105256941039928775e-01
6.890047983608775517e-02 2.903094644917303055e-02 2.258347705379954232e-02 2.543333696206950822e-02 2.835941252176071847e-02 2.540651549823650518e-02 2.749396426835255119e-02
2.498284448134254210e-01 2.041079408084984503e-01 2.082774448181996529e-01 1.870703545015997282e-01 1.774307803022516228e-01 1.749137329288927289e-01 1.574561605143974807e-01
3.379197995721192060e-01 4.852502276216990457e-02 4.491405639087778928e-02 3.865976435761004498e-02 3.233380889027865496e-02 2.752335264008915622e-02 2.130857164548542737e-02
1.745066024082173595e-01 1.375461586988319940e-01 1.193095629289230991e-01 1.101343860895146326e-01 1.078891942050203556e-01 1.014474664928798758e-01 9.345884478747633339e-02
4.808786613559200562e-01 2.412480535533985393e-01 1.483084073786224977e-01 1.052753754310988138e-01 9.856566060998731005e-02 9.535889953901596772e-02 8.757944757090735388e-02
5.113149494948746598e-01 1.369182288067447573e-01 9.244709495446629122e-02 6.817238281416411472e-02 3.954012481152038849e-02 3.932877397714408529e-02 3.802936536573875426e-02
4.717782085490380695e-01 3.673072258922282507e-01 3.178768086910951918e-01 2.567894924705751980e-01 2.466046102309834565e-01 2.453651245758666222e-01 2.289665155076563985e-01
2.877274114840674968e-01 7.180524203200699951e-02 6.509988924448421865e-02 6.065014973006726401e-02 5.169248991498456153e-02 4.958523236157646313e-02 4.273888851827301744e-02
7.178811254301759037e-02 5.203447359407585571e-02 5.781912043231196563e-02 5.541677334956832818e-02 5.233400022463333828e-02 5.292594900416200399e-02 5.037155279593751728e-02
3.709508179839308140e-01 3.085848579009964343e-01 2.849377320673481817e-01 2.623350833740564769e-01 2.544470136883107414e-01 2.499647150921209260e-01 2.396135236979272665e-01
3.675411106563319930e-01 5.878594559853911328e-02 4.120000116660094136e-02 3.930027151998147922e-02 3.239213861373105297e-02 3.408129054461877389e-02 3.092828749412650582e-02
1.727121923373551027e-01 5.383719390228566826e-02 5.919540305491962501e-02 5.471253962260630432e-02 4.586007647715580754e-02 3.989621737719493966e-02 4.180468308915413073e-02
3.686139301584021588e-01 2.017438626869415830e-01 1.029863776637447159e-01 9.359422003579562221e-02 8.131447632530587610e-02 8.052362533472208483e-02 7.860920809880328486e-02
2.670415787264573404e-01 1.467347814253111005e-01 1.296535854843800517e-01 1.258880956635364812e-01 1.182476194052921453e-01 1.106957665039233485e-01 1.008700433796460155e-01
6.307124890464854694e-01 5.833312705365220063e-01 5.512419878300016673e-01 5.173486739749352248e-01 5.224084292024135934e-01 4.298975127828392750e-01 4.695358682597197686e-01
1.044388610225492143e-03 1.099330398163889344e-04 1.052780566267823010e-04 1.035341431189715369e-04 1.036127391692678911e-04 1.037770745479272449e-04 1.009907060772336212e-04
2.423500920603589015e-01 1.479358198164924254e-01 1.245663861641177067e-01 8.971910988974182710e-02 8.293757506780631561e-02 8.302176580121485572e-02 7.009413630525869465e-02
4.185037117891508840e-02 6.922291711241989470e-03 8.894935384055498856e-03 8.080223030913540050e-03 7.671409601428321769e-03 8.559230213703977394e-03 6.042639325044215325e-03
8.901286788179099130e-01 6.834568873711553971e-01 6.258533456146228025e-01 6.207748315466439237e-01 6.183363300158979392e-01 6.145840948079213106e-01 6.108313153737983114e-01
4.934360595269755012e-01 1.285111442583055930e-01 1.099311827945628622e-01 1.055254207921317161e-01 1.008457884168883628e-01 9.679311262037726404e-02 9.041863811039119181e-02
6.733955681017367301e-01 1.256379290766433399e-01 7.938082243044312925e-02 6.667501126704944436e-02 6.535484180783979191e-02 5.363586346829503360e-02 5.655715189350109945e-02
