4.223867832888870688e-01 3.560457946466115686e-01 2.881609858995737850e-01 2.560811244787341567e-01 2.255754722740767881e-01 2.106150874953807983e-01 1.961391221090728332e-01
3.468173626500147266e-01 1.863712344016041078e-01 8.375567026536535897e-02 7.257625982712040402e-02 6.250003389002291299e-02 5.987415014754681603e-02 5.744161545154979898e-02
4.408863759678139926e-01 3.191153742922596126e-01 2.162042797115128756e-01 2.090091372739790732e-01 2.030038290556938074e-01 1.853040225112196349e-01 1.680052289792663411e-01
1.801567330646201004e-01 1.584560824535920232e-01 1.375273666833498609e-01 1.385919981805797674e-01 1.395927909091130847e-01 1.356001327295397740e-01 1.317632972570132177e-01
4.670252108716339001e-01 3.574497259320948972e-01 2.573598673281657923e-01 2.032794298531724608e-01 1.575923545358241529e-01 1.371264961976889074e-01 1.180779350146754503e-01
2.020094024743157302e-01 2.048081233683863578e-01 2.059193660394900982e-01 2.057770554640935834e-01 2.056601748320609213e-01 2.033176582516314224e-01 2.009786672493955317e-01
2.618332988141932605e-01 2.462589335018205983e-01 2.327650810400050674e-01 2.162129783895024027e-01 2.015966181980250183e-01 1.915516783253834454e-01 1.819850236653820508e-01
0.000000000000000000e+00 0.000000000000000000e+00 0.000000000000000000e+00 0.000000000000000000e+00 0.000000000000000000e+00 0.000000000000000000e+00 0.000000000000000000e+00
4.257051003203610184e-01 3.324175158231815752e-01 2.423363047325884367e-01 2.171563192933399222e-01 1.929469634536418732e-01 1.788349277464395537e-01 1.651814394152538723e-01
3.682138664166210162e-01 1.879361281003420481e-01 5.340073712530766376e-02 4.275301712737417797e-02 3.278753962850306652e-02 3.172058721836973350e-02 3.070592921230018771e-02
1.552201487061763696e-01 6.700617340560670321e-02 2.755627730319412313e-02 3.290240517985851265e-02 3.751826135508327248e-02 4.071589470177937320e-02 4.370725188692259344e-02
3.626939996522983156e-01 1.980817483527189116e-01 6.122947023831760982e-02 4.522863240398717483e-02 3.064263391115994856e-02 2.961717918175747061e-02 2.862959006109419904e-02
6.703004975068153071e-01 4.627944531724602073e-01 2.295813004815875080e-01 2.035662300848720407e-01 1.767975707452570377e-01 1.718039732921225193e-01 1.667240581887519391e-01
5.034516242815076925e-01 3.641633575133492728e-01 2.415398025620793254e-01 1.956747457161625570e-01 1.567194902584863325e-01 1.562746665497914411e-01 1.558357641612306832e-01
5.245183666684817281e-01 3.706822764986312246e-01 2.016627502744354483e-01 1.574321549416221044e-01 1.157682340598450849e-01 1.158425912350256604e-01 1.159155087656224548e-01
4.833861570845966460e-01 4.217937968149155781e-01 3.662291408945204108e-01 3.444567140582872611e-01 3.267239386444218963e-01 3.246846161053243418e-01 3.227986766360471660e-01
3.396587660650040585e-01 1.916631312886869776e-01 9.267657209799104456e-02 7.327295901335945105e-02 5.410057165054585337e-02 5.287208329845314442e-02 5.164647298512608370e-02
5.444438975998231595e-02 3.370119606970527898e-02 1.314733195722692094e-02 1.308725272079189032e-02 1.303489122365892282e-02 1.435265332479857339e-02 1.560820173269190578e-02
3.581786014411210695e-01 2.967868447511539109e-01 2.410928171954015153e-01 2.232766450641493483e-01 2.058920259042311962e-01 1.921898438101654338e-01 1.789927986304544472e-01
3.071327168494534243e-01 2.924680033137474489e-01 2.786832518537543102e-01 2.680423158484870894e-01 2.587924948805764847e-01 2.453107131574645272e-01 2.324912171171681363e-01
6.703004975068151960e-01 4.627944531724601518e-01 2.295813004815874803e-01 2.035662300848720130e-01 1.767975707452570100e-01 1.718039732921224916e-01 1.667240581887519113e-01
3.385339244158425132e-01 2.272795956294106356e-01 1.234645787577773601e-01 1.138833777399751584e-01 1.053648104371698035e-01 9.423035445543800903e-02 8.359254069714507074e-02
4.651470330441073164e-01 2.492943942902189625e-01 1.133830006485565534e-01 8.899103990470301484e-02 6.338061711346079652e-02 6.168056813453177273e-02 5.995196580410732529e-02
5.851817054300749721e-01 4.131031327383690721e-01 2.660254539353500425e-01 2.010554311172198794e-01 1.467919191048138727e-01 1.427553605755419730e-01 1.388132768144577645e-01
5.107318122133522875e-01 2.798759472544056215e-01 1.127840964158291909e-01 1.085660771960763327e-01 1.047164507774101250e-01 1.024482281881355511e-01 1.002924126620662049e-01
4.327423100415292434e-01 2.688882541361205525e-01 1.091285731234821615e-01 9.259626511270861726e-02 7.833394865493294168e-02 7.182989102541566251e-02 6.581233699404512305e-02
2.166913035076606930e-01 1.710035516233531505e-01 1.327987303719700141e-01 1.371242535708477317e-01 1.407967658387234700e-01 1.429714704817804105e-01 1.446556968980554081e-01
2.366609720102331726e-01 2.224810796197435048e-01 2.126985352190882139e-01 2.052913536255580040e-01 1.998789027570016252e-01 1.774300549266257798e-01 1.553631000868181677e-01
1.408707525747170952e-01 1.310515295463890728e-01 1.224246968914446398e-01 1.136796557282576947e-01 1.055681400843845735e-01 9.949290712221860178e-02 9.367710260066727801e-02
9.538800864242089061e-02 8.164172716747018776e-02 6.765007165731780348e-02 6.621336201902854046e-02 6.466609779674170611e-02 6.813419689670709156e-02 7.166057261535546674e-02
8.604787138121378076e-02 9.633033246112326919e-02 1.053539773421476727e-01 1.113907886091673183e-01 1.162317230954526409e-01 1.110304451212751065e-01 1.064441391283127425e-01
4.462948568858021159e-01 3.229604727811011822e-01 2.026684271609805188e-01 1.795584332677636341e-01 1.564992747738820911e-01 1.385093259213010519e-01 1.216991680348019911e-01
5.351711239025747080e-01 3.296919644995551790e-01 1.385061619638359443e-01 1.283961710029657144e-01 1.185970215808842404e-01 1.126679266237336358e-01 1.069827784495179096e-01
4.476853970534912519e-01 3.949795702701494049e-01 3.454819542644249619e-01 3.286240365434329735e-01 3.139088670581572926e-01 3.104552532491159922e-01 3.071739539350112347e-01
3.908112443441276729e-01 2.137217763497181178e-01 6.478416725946767318e-02 5.528732283807693410e-02 4.598266384005039731e-02 4.316923017910141019e-02 4.046250678779278465e-02
1.383206008370079232e-01 1.289143341649424956e-01 1.194150479254778990e-01 1.209656288408966218e-01 1.223881211630549193e-01 1.205081444800323587e-01 1.186524889520622073e-01
3.403157594205021841e-01 3.034440568983481357e-01 2.671079149865293600e-01 2.459672893743430899e-01 2.258169565098263609e-01 2.038487119573267059e-01 1.842877947993575849e-01
4.399745033384163118e-01 2.881176960515861030e-01 1.481388604664983233e-01 1.297912374044503936e-01 1.116396358428449337e-01 1.012655433505301183e-01 9.134302420682241519e-02
4.748166367689656275e-01 3.372434144787587185e-01 2.077217954399910305e-01 1.641683915593825371e-01 1.273551618411372655e-01 1.120792798770848531e-01 9.797593482599410708e-02
8.347566354418870516e-01 4.742198903324928994e-01 2.774169251002831516e-01 2.332147025738681989e-01 1.864359010933598348e-01 1.795359826073355813e-01 1.724618710982042113e-01
3.860096427112939543e-01 2.481336047699394809e-01 1.186252063178819677e-01 1.065513033804227627e-01 9.506604934658302586e-02 9.023144805584464023e-02 8.556137701469268553e-02
4.409660127218715253e-01 3.792616702576611654e-01 3.272126809950430260e-01 3.256444765922281714e-01 3.243905139096991408e-01 2.939560502387028040e-01 2.658750101064418780e-01
5.824376306522945079e-02 8.123665241451408225e-02 9.710175069664532532e-02 7.923033698898918065e-02 6.106382064968685075e-02 5.949675043326082408e-02 5.793012519209321531e-02
4.235494264982370138e-01 3.388710975662501124e-01 2.611451669388197283e-01 2.310640465581763614e-01 2.027077273238620247e-01 1.881186629401343791e-01 1.741809462266649400e-01
6.110325104190426210e-02 4.202517553703152831e-02 2.303345348420451563e-02 2.270059220638174710e-02 2.240817331761694661e-02 2.360539887829543257e-02 2.474962804472604500e-02
6.431496113998411701e-01 4.568800572541293903e-01 1.904975807794527243e-01 1.720335299370027160e-01 1.555678790112210996e-01 1.412238342754670306e-01 1.284237183453684483e-01
1.870232690597642411e-01 1.492893391918900248e-01 1.152861560690987830e-01 1.008087300388554736e-01 8.718554781204676529e-02 7.895897012854720398e-02 7.130221712653489474e-02
7.317178890835910332e-01 4.917911716136568190e-01 2.624125338585496237e-01 2.504285891799835628e-01 2.397569303942687080e-01 2.365642494398589035e-01 2.334757325468445333e-01
