4.017670934655929171e-01 3.457911328295943387e-01 2.829479284491610569e-01 2.128938690072429418e-01 1.708843188591361306e-01 1.597383220576479301e-01 1.384420311277947124e-01
2.919095043955083901e-01 2.227440492022653984e-01 1.871371692430871259e-01 1.133638121296272200e-01 1.417584951388465020e-01 8.351497630659898697e-02 1.124956959380115917e-01
5.614306712258875232e-01 8.793531710062689466e-02 7.040568479157327531e-02 6.588638858174498958e-02 5.937679219934301894e-02 5.379982304255048753e-02 5.542989390869092203e-02
1.353144668524287053e-01 1.206858330380865679e-01 1.241656624950569499e-01 1.107269719395880536e-01 1.019246255269296020e-01 1.054242182435871089e-01 9.981970987250082805e-02
4.087822618084355764e-01 1.791454945966992340e-01 1.528162461260536009e-01 1.514435005397040679e-01 1.375289313452531803e-01 1.002577876638546667e-01 9.725034197311757667e-02
2.801857691383416449e-01 2.595043851682874436e-01 2.526109449846444255e-01 2.409853381632271752e-01 2.412650112514960754e-01 2.382276916217853091e-01 2.261045824232885415e-01
4.187747991784065982e-01 3.677289232916968603e-02 3.161184410558069008e-02 3.121320694816595576e-02 3.091812236135339440e-02 3.065223512636931769e-02 3.037178301254261567e-02
2.407963273592763631e-01 1.536046652432825343e-01 1.157141383387642886e-01 9.743019014545015177e-02 8.922462954349900943e-02 8.167736571442119065e-02 7.264503052708988495e-02
4.186561463784957415e-01 2.923022147760794276e-01 2.590268157721238307e-01 2.567616695272986749e-01 2.435675537861897999e-01 2.426024247677576184e-01 2.352570055672753568e-01
4.074278115453449090e-01 1.648010630603587434e-01 1.413343838420991205e-01 1.379228740848539303e-01 1.364204168271070383e-01 1.290025171943027793e-01 1.221735219579894449e-01
5.444398810912077363e-02 4.268011425885239601e-02 4.684652362116276114e-02 4.457266025980358842e-02 4.425838940289855000e-02 3.111016539826067656e-02 2.966994696871652279e-02
2.314790364254865340e-01 1.036176093758759131e-01 9.509096326291967272e-02 8.407292265435462042e-02 7.932405858509829211e-02 7.506314885026653394e-02 6.923126813289706694e-02
6.453810994734950901e-01 2.170319848579565780e-01 2.167252727262075074e-01 2.153735094513113957e-01 1.658250547141405240e-01 1.878847422859882543e-01 1.984390426155167586e-01
3.974960267133519909e-01 2.181306770109683324e-01 1.144723337577993327e-01 8.350174995675717360e-02 7.306276682880970264e-02 7.032048110004994468e-02 6.730855570278325428e-02
4.055080524541910258e-01 6.888036251766463391e-02 6.923372443739835014e-02 6.757503461998597138e-02 5.507509101652282441e-02 5.474950858380121799e-02 5.421928262141228333e-02
8.277273051905918999e-01 5.312433450757839681e-01 1.770448626473192233e-01 1.245433892766371203e-01 1.048235689580960389e-01 9.741234094104962715e-02 8.535046077786193064e-02
3.905551050308931904e-01 1.909000744885242240e-01 1.841998757708887269e-01 1.783769948386824955e-01 1.701723236914824688e-01 1.834487293186418400e-01 1.784698494760997567e-01
7.079832190156022664e-02 1.526717521385771541e-02 2.284414211233415978e-03 2.384872049779796725e-03 2.879168827892421810e-03 2.375646434825899947e-02 8.711503487741351082e-02
2.314092757308760517e-01 1.667528276284533928e-01 1.519476529743380155e-01 1.315009883291363701e-01 1.170828265037720528e-01 9.641137085801139428e-02 7.747952074386031673e-02
2.074392587551829592e-01 1.884450813926102086e-01 1.733129920474676400e-01 1.322577865440653089e-01 1.404176575165455854e-01 1.312816611623230378e-01 1.118644185815332037e-01
4.227046085675064124e-01 1.327758287247628177e-01 8.204266980391006214e-02 7.938672314755837456e-02 7.682972838403198668e-02 6.683606814674597496e-02 6.117875610443750112e-02
3.117830612023169690e-01 1.079750935627064590e-01 7.864149655480660861e-02 6.981464618968022395e-02 6.338526688804031750e-02 5.545661659724607229e-02 4.766741717735942935e-02
4.635607412579328956e-01 1.411174947004803781e-01 9.907237573000446385e-02 8.303443876379940081e-02 6.402307307374421885e-02 5.290788974016684409e-02 4.252347072382271082e-02
7.124699944003777263e-01 4.415092283405867568e-01 2.371429324184486653e-01 2.128604856043050386e-01 1.439611828145936634e-01 1.252726109867015047e-01 1.001313904956082912e-01
2.854517326101577712e-01 2.067025882197286255e-03 1.984830118660260365e-03 1.939191330465181743e-03 1.835154109516298673e-03 2.383565403032800959e-03 4.117587802348390662e-03
3.325659606680288483e-01 7.137314857294393966e-02 6.365071935294382144e-02 6.157543634875024818e-02 5.170877870184548836e-02 4.926919437869424490e-02 4.588006598392830454e-02
1.959314781739401046e-01 1.455910009786117176e-01 1.578158244812477018e-01 1.508031434221064060e-01 1.392547480592919995e-01 1.389307647799680190e-01 1.285243530078342411e-01
6.892566947641647068e-02 3.289522083171808609e-02 2.466452402681100151e-02 3.255983571731107390e-02 3.503130349223475271e-02 3.306543503987963845e-02 2.970943526886201183e-02
2.461887779829776413e-01 2.086664760611686154e-01 2.111619862147568472e-01 1.931690502461536618e-01 1.822830601663399108e-01 1.772270351913899089e-01 1.608722271904858836e-01
3.153490353233056043e-01 5.369019247904430886e-02 3.778152526797236982e-02 3.331278474040284127e-02 2.497497950886541987e-02 2.290464547109889726e-02 1.853516757936216411e-02
1.689677024294694296e-01 1.388312625564606106e-01 1.199791851444915458e-01 1.111629594248876168e-01 1.087856466582928505e-01 1.000442591430177608e-01 9.354866103248478393e-02
4.801081662544799400e-01 2.457064804217764520e-01 1.484402711449155643e-01 1.318827626252880025e-01 1.028993560306253607e-01 9.866907704378655164e-02 8.711735273318842177e-02
5.159413883834570447e-01 1.255059594790876309e-01 7.947137626539332866e-02 4.613269372339096758e-02 3.800389665773905995e-02 3.657737251590260225e-02 3.459583155126544352e-02
4.723503662698400607e-01 2.935659323677871635e-01 2.440404551838944447e-01 2.375972760921582494e-01 2.183716075308392568e-01 2.077062297881964448e-01 1.991029209752822882e-01
2.663178536865379309e-01 6.720085913179200954e-02 6.295585761405073089e-02 5.795222460145420945e-02 4.528519835559900036e-02 3.946163507420016175e-02 3.551470929886486189e-02
7.123045829786139871e-02 5.410086203885641071e-02 6.063298100109596606e-02 5.901809989981467164e-02 5.654861552121532436e-02 5.532564982170118384e-02 5.461097630185717672e-02
3.723837892387650839e-01 2.981747826554304037e-01 2.786497249914623442e-01 2.526540219967648992e-01 2.491738608280950895e-01 2.444624227312238163e-01 2.379904873337138349e-01
3.675324518100541171e-01 6.106838854511573156e-02 4.099406312379026002e-02 3.965678028651613285e-02 3.333695279494366948e-02 3.106423896656059294e-02 2.836004016463140529e-02
1.774695896061591338e-01 5.023655121318770095e-02 4.963981785803318197e-02 4.921002572636162808e-02 3.592879799474685970e-02 3.174208247283819007e-02 3.059610127742951047e-02
3.707444939120744798e-01 2.537296297072876294e-01 1.153516159623967224e-01 1.063219686647364215e-01 9.346329151840691851e-02 1.020772907404625951e-01 1.223953725138651194e-01
2.580223980347803314e-01 1.375666184179172025e-01 1.193549487650273633e-01 1.161805393178871049e-01 1.110823419619065000e-01 1.057555957701938887e-01 9.729147246049489606e-02
6.181372822876304296e-01 5.614311132211917688e-01 5.420276477952833405e-01 4.950163923326775239e-01 4.966020859336165993e-01 4.292624876592830430e-01 4.703390494291328494e-01
1.045066508479812169e-03 1.143798361263570994e-04 1.076398357460358842e-04 1.077194576314732604e-04 1.077524054042229221e-04 1.097266516862718539e-04 1.082240357834769024e-04
2.407963273592763631e-01 1.536046652432825343e-01 1.157141383387642886e-01 9.743019014545015177e-02 8.922462954349900943e-02 8.167736571442119065e-02 7.264503052708988495e-02
4.171605592772643922e-02 7.690540713392124070e-03 9.488437385639992769e-03 9.375083656241286340e-03 9.192219783727688387e-03 9.888071212558141240e-03 9.135106850664750922e-03
8.958492124432488879e-01 6.234752007785420158e-01 6.220136286574132756e-01 6.170122559606415757e-01 6.147832496618200748e-01 6.110177966264737082e-01 6.098024259094875221e-01
4.912274770866259521e-01 9.632289398373260203e-02 9.060493839490524337e-02 8.381096467236751058e-02 7.852820234326626792e-02 7.506150316422008362e-02 6.893989001544408024e-02
6.621100785819628021e-01 1.195692258062608232e-01 7.341624971113749898e-02 6.435331063618898728e-02 6.084252963698253552e-02 5.711899016850524591e-02 6.759744115075853876e-02
