3.932547645677612280e+00 3.895030413050874607e+00 3.855854167162845236e+00 3.853019810119505895e+00 3.850192454767345396e+00 3.680112887686154632e+00 3.521823744243154586e+00
1.895579121491840269e+01 1.722567097699317884e+01 1.590684842490350093e+01 1.500568824822591907e+01 1.419016193237796841e+01 1.350421195634774207e+01 1.285946087520823511e+01
2.815634197362913316e+00 2.393932785244526684e+00 2.046840678633227828e+00 1.849622256800623310e+00 1.679317247711528571e+00 1.634980097951540756e+00 1.591219254546928807e+00
1.122016397784649300e+01 1.466175264893849217e+01 1.794672181175455350e+01 1.809113763667967945e+01 1.822653465161569031e+01 1.825332249900131742e+01 1.827952859130919450e+01
1.539712974194734763e+01 9.055023737697650787e+00 5.784508588447931920e+00 5.467167359090915113e+00 5.175312981946307289e+00 4.966899119282076391e+00 4.756807146814924003e+00
9.574175971700932264e-02 9.902988146359563426e-02 1.007137331692363191e-01 1.001750382086362967e-01 9.971259539879644140e-02 9.737179103770376987e-02 9.503413395304695366e-02
9.489228813082183356e-01 8.382911290047581065e-01 7.511194120557176390e-01 6.994198678227057098e-01 6.552215278655673103e-01 6.142700494170334480e-01 5.771274706841994506e-01
0.000000000000000000e+00 0.000000000000000000e+00 0.000000000000000000e+00 0.000000000000000000e+00 0.000000000000000000e+00 0.000000000000000000e+00 0.000000000000000000e+00
5.101059164618943598e+00 4.590319054086583250e+00 4.137886601030122513e+00 4.003463529086302763e+00 3.882754109957588184e+00 3.829122271690210244e+00 3.776504213073910154e+00
2.378576135201023511e+00 1.965099327021871733e+00 1.572967602842975321e+00 1.219105435335684495e+00 9.608612768533345561e-01 9.818536219441543755e-01 1.002638245756899638e+00
2.285239186339525386e+00 1.631696459249213582e+00 1.203859075316394911e+00 1.004424529616039008e+00 8.539283644827369013e-01 7.841642277459623944e-01 7.191249381120754514e-01
1.053292261386337136e+00 6.871298168381161364e-01 3.564454230239686994e-01 3.220188807853008872e-01 2.883707756753596252e-01 2.832465946749294083e-01 2.779631954305573638e-01
2.182943207246372364e+00 1.605585353633768309e+00 1.100538038708541055e+00 1.055725465973182287e+00 1.010761705575848213e+00 9.742698904991859976e-01 9.388448483037621362e-01
4.830596005813714733e+00 3.980171264579884571e+00 3.316431621987792511e+00 3.115443444340781021e+00 2.927447674453703019e+00 2.870627768593248419e+00 2.814779870357493774e+00
1.249817044796069698e+00 9.130229478786101582e-01 5.417560198090134449e-01 4.627036081060261208e-01 3.861835278625675993e-01 3.597406717328141545e-01 3.329872162834462412e-01
2.924098272565768930e+00 2.594000022732527277e+00 2.262908644342566333e+00 2.249527467870616526e+00 2.236332041118279879e+00 2.134669926252051209e+00 2.039337356122745692e+00
8.994098800180270192e-01 8.829521634654977635e-01 8.670644285320850964e-01 8.519498812661667753e-01 8.373537878251717803e-01 6.426074118875035879e-01 4.521718102854635490e-01
1.808529509052961615e+01 1.701615642358511593e+01 1.605773243230486003e+01 1.531252270850334263e+01 1.463497704971556246e+01 1.318076362283829717e+01 1.197047930989796072e+01
3.230526793388520446e+00 2.779992496615441233e+00 2.413109214143962955e+00 2.219788135503975024e+00 2.052745137346096094e+00 1.986319351369252528e+00 1.922550669388856770e+00
8.473757813463927979e-01 8.264878106828280613e-01 8.060700437466923329e-01 8.253508533853294304e-01 8.460247256450998954e-01 8.527050339218769093e-01 8.596331699748094302e-01
3.644437653294257728e+00 2.724769898266075074e+00 1.967919001164434301e+00 1.832374472571304702e+00 1.702972524888175965e+00 1.656846500809311173e+00 1.612901463005648850e+00
3.327482722258111814e+00 3.260455003502048754e+00 3.186235039774852229e+00 2.942054277761218195e+00 2.723927021869816834e+00 2.600646959061725383e+00 2.485376362225019342e+00
8.564422007620271060e+00 8.217671015161108983e+00 7.885713742197993703e+00 8.529493571734011681e+00 9.267186426603828409e+00 9.045564635864561609e+00 8.832889817077305139e+00
5.368884216354515182e+00 4.735562900657105168e+00 4.116567709043040146e+00 3.843630009698364436e+00 3.597988855905147165e+00 3.519147662689524836e+00 3.440085955305703713e+00
2.217374793415002099e+00 1.157112174659515880e+00 6.103529507519630526e-01 5.772850742403179414e-01 5.468730016509621983e-01 5.261511732788327622e-01 5.052624965844219052e-01
1.224612537466083229e+00 1.049481539660859886e+00 7.997081927709969174e-01 6.993236509615713414e-01 6.115493193370057368e-01 5.573874935471226921e-01 5.080811410048544641e-01
5.049829928195038775e+01 4.345231421980712128e+01 3.793947860700669139e+01 2.883825816868115410e+01 2.294318864586246676e+01 2.066302366768863763e+01 1.863595775630463081e+01
1.133861165630143608e+00 1.003973633194553017e+00 8.994318919879025209e-01 7.698207739041714737e-01 6.886506273784922527e-01 6.646157850578789938e-01 6.417002821409948377e-01
5.707588605453214115e+00 5.492907045336920646e+00 5.298923102792910456e+00 5.055245986354315768e+00 4.836136157550583015e+00 4.769126778702980296e+00 4.703942335048645340e+00
1.139864029458927241e+01 1.069302324314968544e+01 1.000812398878043474e+01 1.003117143096920749e+01 1.005387532981999676e+01 9.961698233782851020e+00 9.865469243144387335e+00
1.213637717250620751e+00 1.089902972163610206e+00 9.890646650811842910e-01 9.297180713426499432e-01 8.938055119041192764e-01 8.659775533771112421e-01 8.411065398286285966e-01
5.687093789120266862e+00 4.786999448369041232e+00 4.073117030144821626e+00 3.889067743990668014e+00 3.718161482780923954e+00 3.579684628665465773e+00 3.447417981699515188e+00
1.434594351085952013e+01 1.268462283410968894e+01 1.122955194208481799e+01 9.950159728822699279e+00 8.954921691229483116e+00 8.331512269998757603e+00 7.758342202464418413e+00
1.531017567243397659e+00 1.220472905116536388e+00 9.763323340668164096e-01 9.390380658291065386e-01 9.072094575399604066e-01 8.798698506373465733e-01 8.537961012228314495e-01
3.138783918458970312e+00 2.704161218473472239e+00 2.284268154585163746e+00 2.150620624541265347e+00 2.023261070337178502e+00 1.812809373548467384e+00 1.627278116718971379e+00
7.939397936481297435e+00 7.999936652474238130e+00 8.061511712775208949e+00 7.819564336655597359e+00 7.619354846430743677e+00 7.652370749818621753e+00 7.686817344384023087e+00
1.935334793327306402e+00 1.815095086294385762e+00 1.663277474289047486e+00 1.592184097359812478e+00 1.525948614830010985e+00 1.422724378446037496e+00 1.329295572620395438e+00
5.841687105958552451e+00 5.270506614039293325e+00 4.741411874601343612e+00 4.363436059731119698e+00 4.018282306692574579e+00 4.012079403538113986e+00 4.005947009379468682e+00
1.493217608169244315e+00 1.282077011763498087e+00 1.038630466573267075e+00 8.516961822790390935e-01 6.927120869073831733e-01 5.951403503594758782e-01 5.068925799211752015e-01
4.102086376521698163e+00 2.937383136754358581e+00 2.168269182513135274e+00 2.132172188870792962e+00 2.094816045730631515e+00 2.048057898981135327e+00 2.001340279371104369e+00
8.994098800180275743e-01 8.829521634654980966e-01 8.670644285320855404e-01 8.519498812661672194e-01 8.373537878251722244e-01 6.426074118875039209e-01 4.521718102854638266e-01
1.715055002702106179e+01 1.660290255589670849e+01 1.612394580900151908e+01 1.602645495069550918e+01 1.593802404175203158e+01 1.560539611046546860e+01 1.527493495338452512e+01
3.385411373427932080e+00 2.726439053658302747e+00 2.283578865772707189e+00 2.287967168491631398e+00 2.292368643237453263e+00 2.202337008931239293e+00 2.122261362903490767e+00
2.059704722925145504e+00 1.769568557033072365e+00 1.524931402263702607e+00 1.392278525785724863e+00 1.276282454822474266e+00 1.219960342088045602e+00 1.166634407511466964e+00
6.376282680109680356e+00 6.038362853310153433e+00 5.729387541961517449e+00 5.465379968750041506e+00 5.228809000220283387e+00 4.782934821978052753e+00 4.399387565218118468e+00
4.113379510685866158e+00 3.576025023770643241e+00 2.990056457936972834e+00 2.524486936287588801e+00 2.185616947285248468e+00 2.084432049506058870e+00 1.991665078400088440e+00
4.097227715639677470e+00 3.440386865393779470e+00 2.914328097594784062e+00 2.853900430721694192e+00 2.792620947711162760e+00 2.711326924245425207e+00 2.632090780869494218e+00
2.402329918156910882e+00 1.911802947793772356e+00 1.427211684116933554e+00 1.520459940494165885e+00 1.609868301816415936e+00 1.585490000090286955e+00 1.559689266741580038e+00
