4.124767520765417750e-01 3.454908959021537052e-01 2.767629652426302211e-01 2.400036895010077831e-01 2.021059911233772377e-01 1.872822080155452928e-01 1.727274185637782955e-01
3.009046258855047062e-01 2.025008811793077290e-01 1.237785191391682638e-01 1.078643297482792807e-01 9.346592827944968929e-02 8.974940803016683011e-02 8.625280809682370209e-02
4.445320078190558299e-01 3.344303895000499405e-01 2.313074507225783560e-01 2.168873981150890862e-01 2.039276898287614437e-01 1.826285353638432418e-01 1.613780158913689367e-01
1.686480826145778378e-01 1.456894214987559388e-01 1.230493672208306799e-01 1.175125664705882755e-01 1.122925376459219665e-01 1.115080116393124682e-01 1.107449016222406823e-01
4.280033591778205637e-01 2.982061652511813765e-01 1.864750227046557129e-01 1.419450489668229731e-01 1.046648872631814053e-01 8.548703929347199748e-02 6.770571865136278122e-02
2.128773617028560383e-01 1.585884682005245516e-01 1.269797061821621997e-01 1.372240073154225026e-01 1.449539122235206368e-01 1.365735940940442372e-01 1.286461203834770306e-01
2.686269424127653016e-01 2.496228738405839309e-01 2.325553332882579760e-01 2.175828536709504268e-01 2.046325459624615539e-01 1.922045548881285704e-01 1.802215604190525733e-01
0.000000000000000000e+00 0.000000000000000000e+00 0.000000000000000000e+00 0.000000000000000000e+00 0.000000000000000000e+00 0.000000000000000000e+00 0.000000000000000000e+00
4.096130729526220593e-01 2.982408647330646589e-01 1.908657143294650860e-01 1.586807131660892822e-01 1.338748822110324976e-01 1.254865704427181039e-01 1.172052586542524366e-01
3.687224973622647561e-01 1.658495122519227649e-01 2.948302446816109673e-02 2.608484068215969481e-02 2.277959344488640972e-02 2.195772764664192730e-02 2.115882038819615757e-02
1.503623258753102043e-01 6.391986012982595056e-02 2.048537577468596133e-02 2.193748525565907340e-02 2.326472978380033849e-02 2.278654266064272793e-02 2.237434907546432747e-02
4.106295824764459867e-01 2.093563416212144424e-01 7.061815980351449085e-02 5.027719831270265061e-02 3.209557313915371163e-02 3.055193901420883221e-02 2.903003753549201343e-02
7.025751160173119292e-01 4.206651892813527693e-01 1.929767554465558477e-01 1.599944498536019777e-01 1.267919352964575197e-01 1.171460664655969014e-01 1.073049503360020696e-01
4.990550412597078989e-01 3.561563626855051012e-01 2.332571591894124774e-01 1.833008981088485589e-01 1.389552246941711811e-01 1.246164175922778034e-01 1.109494295227936439e-01
4.947024008147236640e-01 3.417415545522961007e-01 1.823537448469979005e-01 1.340681247265039788e-01 8.924608050796410674e-02 8.510330983739396171e-02 8.098918925563430848e-02
4.691797746639916888e-01 3.514693261269282165e-01 2.248882365478784839e-01 1.824682855313528307e-01 1.408047955848611421e-01 1.285578971182874952e-01 1.173480445214036411e-01
3.360560326996149816e-01 1.831022149151567691e-01 8.344852297310074996e-02 6.704840296973939295e-02 5.223093148025850091e-02 4.945438704039169242e-02 4.668720354649785048e-02
5.059031578944564456e-02 3.217999130455024420e-02 1.241304012389851143e-02 1.155201508143905396e-02 1.079186446984104104e-02 1.000009179483811461e-02 9.250359460042868048e-03
3.584421084520247880e-01 2.911640047086896388e-01 2.291805857821040404e-01 2.182855420892099996e-01 2.071115304397720125e-01 1.893697252003543607e-01 1.719258611795138059e-01
2.959781248843729728e-01 2.853490832705647406e-01 2.747070667822501533e-01 2.643785076965892711e-01 2.534952460327538071e-01 2.452879148037998835e-01 2.368208460695518658e-01
5.316844735278386525e-01 3.379665136635369715e-01 1.721451108986327416e-01 1.370845938979221301e-01 1.062884408978599093e-01 9.846174624864068026e-02 9.095404505322714217e-02
3.744136993239339795e-01 2.802684429645170283e-01 1.894996442193271624e-01 1.654219159879195267e-01 1.417406870589658918e-01 1.206426333369608889e-01 1.006386172210833596e-01
4.146110992156720743e-01 3.173485739595819366e-01 2.294566849370247574e-01 1.845529860454285520e-01 1.351082029173719112e-01 1.243021029877446476e-01 1.129262959758855905e-01
5.610753715693274080e-01 3.860824360351773343e-01 2.091139288232642113e-01 1.461952260635837886e-01 9.476360293965056802e-02 8.790754125117444806e-02 8.144490804938803175e-02
4.983540639749787782e-01 2.625413330577505699e-01 9.217807119511535474e-02 8.158756484825246957e-02 7.205859732890045055e-02 6.877729193349262082e-02 6.563757426017981234e-02
4.267042680855864245e-01 2.399318353483106681e-01 8.980567162635649803e-02 7.310810106989837354e-02 5.904520078476443307e-02 5.116488517279576403e-02 4.383120230168404546e-02
1.960407046580663615e-01 1.334672964930601613e-01 8.299548269566602021e-02 7.966221425486150198e-02 7.633595148347825654e-02 6.927202547181060543e-02 6.313336606067979084e-02
2.112699557713850207e-01 2.098496000657749105e-01 2.086114130389259413e-01 1.876216245804621097e-01 1.721969335101737331e-01 1.481528279869645803e-01 1.260668282119589700e-01
1.481659283407034955e-01 1.331560978028215048e-01 1.193905999777770538e-01 1.147045485972985057e-01 1.102509244206109768e-01 1.016505835327262824e-01 9.349430273602409025e-02
1.132247631494612827e-01 9.094482538174611386e-02 6.805007071836721710e-02 6.574863577594641795e-02 6.339530503517140647e-02 6.482594101985307555e-02 6.624573753279988653e-02
9.322055756695517281e-02 8.750440547157226079e-02 8.228353745046947110e-02 7.367124407753533610e-02 6.605638747308742453e-02 6.074525448206394285e-02 5.576807391059842439e-02
4.481764351218868736e-01 3.026338512060107178e-01 1.621499978640264517e-01 1.430122739488324246e-01 1.231356661462769259e-01 1.000800918237238352e-01 7.902856208418251871e-02
4.253444144355902345e-01 2.676348315314112658e-01 1.155981684908588825e-01 9.723556966789753675e-02 7.990296821121818660e-02 7.344122432571786874e-02 6.714477409721636425e-02
4.460300100997229844e-01 3.868476247838745774e-01 3.251384545739213761e-01 2.971750500448857024e-01 2.701942793212923077e-01 2.646800625250221306e-01 2.591787614405413054e-01
3.601796708271995939e-01 1.965068100044838895e-01 6.334401101135642143e-02 5.306407998311181429e-02 4.366125375981405599e-02 3.970183827938439380e-02 3.592051039545172963e-02
1.284546614238042117e-01 1.175092312801385430e-01 1.062703709159394244e-01 1.061138380014937238e-01 1.059701728104939372e-01 1.073390138910401415e-01 1.086777153372619070e-01
4.655109497593500345e-01 3.761945116749838558e-01 2.676990265522686263e-01 2.478619879223381839e-01 2.292667971565218454e-01 2.047815530014604757e-01 1.825426117729636033e-01
4.403561013904512267e-01 2.600673548463611762e-01 1.051427502100108075e-01 9.077675969387379029e-02 7.632042407471843759e-02 6.391430829823993576e-02 5.210442282108204010e-02
4.611265568562871731e-01 3.171819171762318423e-01 1.851926641545758589e-01 1.389429367432247486e-01 1.004067659730894374e-01 8.202198649616285198e-02 6.506972133190178087e-02
8.322106504521298298e-01 4.883990555194459571e-01 2.722758107848647358e-01 2.092007773593303477e-01 1.410548439543456156e-01 1.235471994773307547e-01 1.062058600111603773e-01
3.944176030855963688e-01 2.566555049215383244e-01 1.411374748043897065e-01 1.198730194918353753e-01 1.014246385289193919e-01 9.640063228290511599e-02 9.162594417064118257e-02
4.357053117920284824e-01 3.478815243372293531e-01 2.678366084747918485e-01 2.529629330466043324e-01 2.390133568732755731e-01 2.276439512315601155e-01 2.171370890911200058e-01
5.864533816824748363e-02 3.970361671720114283e-02 2.155453163164488747e-02 7.297830357927115319e-02 1.128497910781729036e-01 1.005745615992886116e-01 8.762870606451841904e-02
3.955653638081549350e-01 3.054337729514980393e-01 2.248686791780658278e-01 2.074597369386663170e-01 1.905389467913050638e-01 1.755279907742452461e-01 1.611768097376791165e-01
5.546752302307173671e-02 3.873586220991755841e-02 2.085783145801903965e-02 1.961585977521065546e-02 1.851077835456460194e-02 1.694580373677492119e-02 1.545040916334143935e-02
6.360695308261370418e-01 4.531196047958156448e-01 1.857894071486786702e-01 1.841637640598700332e-01 1.825338148482175127e-01 1.641544473139422144e-01 1.479009665177093980e-01
2.496585132480728386e-01 1.800676088694339039e-01 1.175728961582054866e-01 1.067183873263682775e-01 9.709773361671546199e-02 8.823587101265722987e-02 7.986068068787562091e-02
6.701882009931994233e-01 4.591147272336287832e-01 2.674092224415268726e-01 2.517174967953689224e-01 2.370260105336330358e-01 2.264337810339697721e-01 2.164836037323470408e-01
