0.000000000000000000e+00 0.000000000000000000e+00 0.000000000000000000e+00 0.000000000000000000e+00 0.000000000000000000e+00 0.000000000000000000e+00 0.000000000000000000e+00
3.814730925451605970e-01 3.210339254240725249e-02 3.190717387656170911e-02 2.546694762613991789e-02 1.813931512192447359e-02 1.274930612569370389e-02 1.202356746250018808e-02
0.000000000000000000e+00 0.000000000000000000e+00 0.000000000000000000e+00 0.000000000000000000e+00 0.000000000000000000e+00 0.000000000000000000e+00 0.000000000000000000e+00
2.961642429939323300e-03 1.156652245861383320e-03 1.138150534975618374e-03 1.118250754894376713e-03 5.672464634709237317e-04 5.553134050650319594e-04 3.504917732905923964e-04
0.000000000000000000e+00 0.000000000000000000e+00 0.000000000000000000e+00 0.000000000000000000e+00 0.000000000000000000e+00 0.000000000000000000e+00 0.000000000000000000e+00
0.000000000000000000e+00 0.000000000000000000e+00 0.000000000000000000e+00 0.000000000000000000e+00 0.000000000000000000e+00 0.000000000000000000e+00 0.000000000000000000e+00
0.000000000000000000e+00 0.000000000000000000e+00 0.000000000000000000e+00 0.000000000000000000e+00 0.000000000000000000e+00 0.000000000000000000e+00 0.000000000000000000e+00
0.000000000000000000e+00 0.000000000000000000e+00 0.000000000000000000e+00 0.000000000000000000e+00 0.000000000000000000e+00 0.000000000000000000e+00 0.000000000000000000e+00
0.000000000000000000e+00 0.000000000000000000e+00 0.000000000000000000e+00 0.000000000000000000e+00 0.000000000000000000e+00 0.000000000000000000e+00 0.000000000000000000e+00
0.000000000000000000e+00 0.000000000000000000e+00 0.000000000000000000e+00 0.000000000000000000e+00 0.000000000000000000e+00 0.000000000000000000e+00 0.000000000000000000e+00
7.188086158655024316e-02 5.092861287878828330e-02 5.052421422526547079e-02 5.013715082214346974e-02 3.402403005979338230e-02 2.956777103218452898e-02 2.948240251537860568e-02
1.687226247438646243e-01 8.919116872668856819e-03 6.043598170849828061e-03 6.102758569373939283e-03 6.158636568599008473e-03 6.187140124011767696e-03 6.389569918952204587e-03
0.000000000000000000e+00 0.000000000000000000e+00 0.000000000000000000e+00 0.000000000000000000e+00 0.000000000000000000e+00 0.000000000000000000e+00 0.000000000000000000e+00
4.584603077797200221e-02 3.927699625433828806e-02 2.921720667953015688e-02 2.925785611552838769e-02 3.011322669556121615e-02 3.038457882433728136e-02 2.431292197441464048e-02
0.000000000000000000e+00 0.000000000000000000e+00 0.000000000000000000e+00 0.000000000000000000e+00 0.000000000000000000e+00 0.000000000000000000e+00 0.000000000000000000e+00
0.000000000000000000e+00 0.000000000000000000e+00 0.000000000000000000e+00 0.000000000000000000e+00 0.000000000000000000e+00 0.000000000000000000e+00 0.000000000000000000e+00
0.000000000000000000e+00 0.000000000000000000e+00 0.000000000000000000e+00 0.000000000000000000e+00 0.000000000000000000e+00 0.000000000000000000e+00 0.000000000000000000e+00
7.129419546892531989e-02 1.318345655833683995e-02 1.284593028303888766e-02 1.097392681726400837e-02 1.891794727445966773e-02 2.273348837699121563e-02 3.113902593693417681e-02
0.000000000000000000e+00 0.000000000000000000e+00 0.000000000000000000e+00 0.000000000000000000e+00 0.000000000000000000e+00 0.000000000000000000e+00 0.000000000000000000e+00
0.000000000000000000e+00 0.000000000000000000e+00 0.000000000000000000e+00 0.000000000000000000e+00 0.000000000000000000e+00 0.000000000000000000e+00 0.000000000000000000e+00
9.511712078301605422e-02 1.356853002101713300e-02 1.335446864840737595e-02 1.241662707009811954e-02 1.221257862064521055e-02 1.205744414763827363e-02 1.194865147095531925e-02
2.519090660255028473e-03 2.080096352107966944e-03 2.051826961888173796e-03 1.780420572056472944e-03 1.314203268005475350e-03 1.241508615150956323e-03 1.157487925291349196e-03
0.000000000000000000e+00 0.000000000000000000e+00 0.000000000000000000e+00 0.000000000000000000e+00 0.000000000000000000e+00 0.000000000000000000e+00 0.000000000000000000e+00
1.280471550668738356e-01 1.239383684687725556e-01 1.213330348832626360e-01 1.144973527968716626e-01 1.117574725692276616e-01 8.348714870135293814e-03 1.537526332148587927e-03
3.446883339233883931e-02 1.110335607270776471e-03 8.692847039986167880e-04 6.940594094469561747e-04 5.390994871999014310e-04 1.296146075502286037e-03 1.714535972368600239e-03
1.660298156012219792e-02 0.000000000000000000e+00 0.000000000000000000e+00 0.000000000000000000e+00 0.000000000000000000e+00 0.000000000000000000e+00 0.000000000000000000e+00
1.393064983813554203e-01 3.526785270851568593e-02 2.283114524838081305e-02 2.274866523419050504e-02 2.188610283637510215e-02 2.171483066358805003e-02 2.162286626856788768e-02
6.406678715223494691e-02 2.399102078004620650e-02 2.338768126042191364e-02 3.425531080985479149e-02 4.033797871888353953e-02 8.801561917165394433e-02 8.229199888976931887e-02
0.000000000000000000e+00 0.000000000000000000e+00 0.000000000000000000e+00 0.000000000000000000e+00 0.000000000000000000e+00 0.000000000000000000e+00 0.000000000000000000e+00
0.000000000000000000e+00 0.000000000000000000e+00 0.000000000000000000e+00 0.000000000000000000e+00 0.000000000000000000e+00 0.000000000000000000e+00 0.000000000000000000e+00
0.000000000000000000e+00 0.000000000000000000e+00 0.000000000000000000e+00 0.000000000000000000e+00 0.000000000000000000e+00 0.000000000000000000e+00 0.000000000000000000e+00
0.000000000000000000e+00 0.000000000000000000e+00 0.000000000000000000e+00 0.000000000000000000e+00 0.000000000000000000e+00 0.000000000000000000e+00 0.000000000000000000e+00
0.000000000000000000e+00 0.000000000000000000e+00 0.000000000000000000e+00 0.000000000000000000e+00 0.000000000000000000e+00 0.000000000000000000e+00 0.000000000000000000e+00
1.813542311318998568e-01 0.000000000000000000e+00 0.000000000000000000e+00 0.000000000000000000e+00 1.893060214493389641e-03 1.060565700479263879e-01 9.940702774222699711e-02
0.000000000000000000e+00 0.000000000000000000e+00 0.000000000000000000e+00 0.000000000000000000e+00 0.000000000000000000e+00 0.000000000000000000e+00 0.000000000000000000e+00
6.311988507312564500e-02 5.268357241557110326e-02 5.875519713087399426e-02 5.614912523153989254e-02 5.653864862329747304e-02 5.378012327122965591e-02 5.305864518030184440e-02
1.046065843540744528e-01 0.000000000000000000e+00 0.000000000000000000e+00 0.000000000000000000e+00 0.000000000000000000e+00 0.000000000000000000e+00 0.000000000000000000e+00
6.715290531472103974e-02 3.133591070499648634e-02 2.579772701825892509e-02 2.179849592210037976e-02 1.749333355334153559e-02 1.619210427054793011e-02 1.200518424466579144e-02
1.071507054841661227e-01 0.000000000000000000e+00 0.000000000000000000e+00 0.000000000000000000e+00 0.000000000000000000e+00 0.000000000000000000e+00 1.351660918121604538e-03
0.000000000000000000e+00 0.000000000000000000e+00 0.000000000000000000e+00 0.000000000000000000e+00 0.000000000000000000e+00 0.000000000000000000e+00 0.000000000000000000e+00
4.630405801281272868e-03 2.686537219550614794e-03 2.119322973096604903e-03 2.014040917419824498e-03 2.022756413327440102e-03 2.053869763246344866e-03 1.895891978092076107e-03
0.000000000000000000e+00 0.000000000000000000e+00 0.000000000000000000e+00 0.000000000000000000e+00 0.000000000000000000e+00 0.000000000000000000e+00 0.000000000000000000e+00
1.045135099617777123e-03 1.057771024748324667e-04 9.999820620189285483e-05 1.003311260239408070e-04 9.359162554053784486e-05 9.430199197226889771e-05 9.494519994779414100e-05
1.443316458843468264e-01 0.000000000000000000e+00 0.000000000000000000e+00 0.000000000000000000e+00 0.000000000000000000e+00 0.000000000000000000e+00 0.000000000000000000e+00
5.651706893090130412e-02 8.721858131866053535e-03 1.132405901901945705e-02 9.435962489556960070e-03 1.181030235619701454e-02 1.272561729370955477e-02 1.077979835666777013e-02
0.000000000000000000e+00 0.000000000000000000e+00 0.000000000000000000e+00 0.000000000000000000e+00 0.000000000000000000e+00 0.000000000000000000e+00 0.000000000000000000e+00
1.001692662057694916e-01 3.329599874493394812e-02 2.164865385692529842e-02 2.089116444346127491e-02 2.056899779780455018e-02 1.658239980673882619e-02 1.626398830105557289e-02
0.000000000000000000e+00 0.000000000000000000e+00 0.000000000000000000e+00 0.000000000000000000e+00 0.000000000000000000e+00 0.000000000000000000e+00 0.000000000000000000e+00
