3.981541666379551647e-01 3.107429450371494428e-01 2.432024633443116146e-01 2.251871211832459085e-01 2.045119590528350351e-01 2.031453175115998655e-01 2.017489739245840741e-01
2.813500390250181504e-01 2.196537438291819855e-01 1.691044502057897359e-01 1.523346828993445701e-01 1.378122811545824944e-01 1.312119759702399802e-01 1.251898380426278712e-01
4.374949417792011741e-01 3.349732103033552510e-01 2.484668768539592676e-01 2.515858363209345083e-01 2.542824253785181399e-01 2.197108386371712518e-01 1.876903246408978820e-01
1.649345987294718319e-01 1.486237161649755778e-01 1.325381251089495505e-01 1.265439567388860487e-01 1.208308566816772983e-01 1.198318112673878305e-01 1.188651885075105163e-01
4.083988255669299683e-01 2.710215994190688926e-01 1.472266880425515956e-01 1.242869201815417907e-01 1.043689195878816506e-01 8.422695149042834506e-02 6.414202645482774967e-02
2.619320643073322352e-01 1.706540796702613050e-01 1.275893033506657059e-01 1.471668028263451999e-01 1.616009121014439498e-01 1.588056734381956270e-01 1.561439739816083139e-01
2.718050420323799843e-01 2.608591455683234583e-01 2.516111469134568179e-01 2.318353928830090005e-01 2.169412878128014199e-01 1.912416556513523436e-01 1.716285177629806868e-01
0.000000000000000000e+00 0.000000000000000000e+00 0.000000000000000000e+00 0.000000000000000000e+00 0.000000000000000000e+00 0.000000000000000000e+00 0.000000000000000000e+00
4.049235335813868852e-01 3.012745799173826566e-01 2.023029991000635242e-01 1.761041770999014766e-01 1.546866132155144402e-01 1.502719825590765612e-01 1.459726482779557799e-01
3.695830515832996821e-01 2.755905258839397853e-01 1.706357938831199184e-01 1.184131445987219727e-01 7.529071486176643069e-02 6.752270726425406433e-02 6.157169364770102848e-02
1.364163375377286658e-01 7.474692349353151410e-02 2.715183081117177738e-02 2.201095622585161338e-02 1.809039924307086211e-02 1.142737861569059418e-02 7.603342546118771646e-03
3.989782876560417635e-01 2.496696852169507652e-01 1.123926717357001254e-01 8.368090619198663427e-02 5.901898039897004317e-02 5.407382265669726656e-02 4.969177417981830713e-02
7.004703444980618920e-01 4.229207009752032898e-01 2.479465008623166211e-01 2.416387337571021254e-01 2.370499048847855006e-01 2.184153129941543703e-01 2.054010801079279858e-01
4.979746314236596638e-01 3.382996651372558450e-01 2.045117938405657532e-01 1.804293330729424272e-01 1.580659357262650111e-01 1.514121535605764957e-01 1.451364186640188569e-01
4.787325791931172358e-01 3.458495565837662600e-01 1.934433752272526064e-01 1.570636079336924229e-01 1.236112842044373300e-01 1.209867963729610307e-01 1.183497902508987148e-01
4.740335311134617480e-01 3.817698897274447445e-01 2.948721232826277405e-01 2.908641895801015731e-01 2.871671954455854991e-01 2.804892324676452886e-01 2.745513137145062510e-01
3.474846051488614251e-01 2.709355994903553388e-01 1.934456582977616135e-01 1.366397405303038937e-01 8.312734907609709012e-02 7.559019002035026469e-02 6.847609954314376468e-02
4.402327515524423474e-02 2.809528796146798860e-02 1.173114603411031139e-02 1.071212952093865411e-02 9.719159486027126316e-03 9.287901126767804036e-03 8.865756130993086848e-03
3.602817703330314369e-01 3.140369099678949616e-01 2.751925908915123231e-01 2.483307217930623145e-01 2.281496595797807003e-01 2.296074810466624816e-01 2.309321553637045665e-01
2.984104047906003254e-01 2.924453046132852174e-01 2.866374951243978453e-01 2.771137065992471116e-01 2.671335297257187436e-01 2.577705419620453520e-01 2.480048321684093782e-01
5.190113609724129606e-01 2.927917674888841915e-01 1.348117020896507368e-01 1.289383348093009474e-01 1.242967967421151482e-01 1.255728379445396892e-01 1.265768049958008734e-01
3.734220454647600440e-01 2.921256745573968527e-01 1.993376198010723133e-01 1.904793983313127215e-01 1.821998332661254050e-01 1.667377703057216776e-01 1.529357869098781075e-01
3.981541666379551647e-01 3.107429450371494428e-01 2.432024633443116146e-01 2.251871211832459085e-01 2.045119590528350351e-01 2.031453175115998655e-01 2.017489739245840741e-01
5.324357592690740493e-01 3.831565295800123949e-01 1.172583812100464196e-01 1.118975527389267227e-01 1.064648542828338096e-01 1.021346759980357732e-01 9.810624511029965300e-02
5.034869043602121508e-01 3.035189453855741126e-01 1.296107615530911750e-01 1.243583274956397838e-01 1.195565074817000195e-01 1.161295893000575258e-01 1.127519141029545285e-01
4.183016263022570902e-01 2.852329072157907541e-01 1.266877726837450091e-01 1.105905371827231448e-01 9.701723653815200188e-02 8.655705103857001814e-02 7.731854143063304763e-02
1.866660279578137016e-01 1.594876165857273542e-01 1.299006235213901184e-01 1.142540826274267701e-01 1.003621793878750335e-01 1.048250446983447215e-01 1.074988490298047494e-01
2.015818016391255352e-01 2.220979159048858953e-01 2.379607479642191215e-01 2.395340651833955392e-01 2.404670762807414042e-01 2.341291879680293953e-01 2.289417922922564463e-01
1.562907662938242404e-01 1.487506168986920396e-01 1.420684230507908430e-01 1.251985541342056640e-01 1.079963047079554178e-01 9.570423246695228259e-02 8.382149896064816641e-02
1.292601578012678998e-01 8.606038576060694167e-02 3.796613662749426937e-02 4.212771488792917823e-02 4.619694180132261768e-02 4.357270710051693724e-02 4.105449096572262591e-02
1.440476291294283950e-01 1.051055590089042258e-01 7.027577416947319855e-02 6.364272636941996353e-02 5.773755533617171837e-02 4.951816727457201278e-02 4.197248124464099395e-02
4.462804975762907356e-01 3.631086434035852850e-01 2.802804678184343534e-01 2.166472761036521977e-01 1.657990554761036850e-01 1.593345472253317741e-01 1.528563963337549736e-01
1.292601578012678998e-01 8.606038576060694167e-02 3.796613662749426937e-02 4.212771488792917823e-02 4.619694180132261768e-02 4.357270710051693724e-02 4.105449096572262591e-02
4.448432721647702648e-01 4.188067244093118813e-01 3.944533708917902226e-01 3.793069696183930528e-01 3.689301095062463842e-01 3.684360639189107611e-01 3.679667735050513033e-01
3.334258785575703321e-01 1.893227548785696435e-01 6.689140782867068757e-02 5.866399896468447311e-02 5.043297522128587645e-02 4.782008349703428807e-02 4.530757866878100393e-02
6.718284038943241054e-02 6.666116348177644757e-02 6.613911351840526254e-02 6.016041941845858693e-02 5.454028218266972899e-02 4.978918354179449890e-02 4.496257876786697444e-02
4.633476941697182161e-01 3.906038715879000534e-01 3.188004986051556910e-01 2.842120866011491054e-01 2.564156837405819900e-01 2.495330440732456134e-01 2.443250952597697256e-01
4.403597842709282006e-01 3.523373035162259415e-01 2.561580487585344845e-01 2.059522566538018185e-01 1.636857547199357388e-01 1.523672953625173354e-01 1.422161568422477540e-01
4.445844627064716725e-01 3.126984925299972073e-01 1.726438686307660841e-01 1.457986612406964033e-01 1.224980858351025909e-01 9.977685984798753682e-02 7.822656146268829047e-02
8.275512796250921177e-01 4.615303644114682191e-01 2.999766038062642304e-01 3.054079876566181961e-01 3.100683302436119670e-01 2.854028983766235816e-01 2.656596898967562570e-01
3.869486565684973622e-01 2.676513743198640771e-01 1.560211921396287837e-01 1.486227045547416359e-01 1.416069139740777361e-01 1.341026306112160227e-01 1.268968928304115562e-01
4.339317852121387098e-01 3.782829002146371189e-01 3.269838900628718736e-01 3.133604674934870604e-01 3.013593642215351420e-01 2.843836761374484157e-01 2.686427419957470031e-01
5.955407153389355446e-02 4.042442784420387930e-02 2.201149435343182151e-02 9.963373840606086496e-02 1.417468357976182647e-01 1.591015629212551297e-01 1.730728491701326033e-01
3.944609460873054751e-01 3.125837494325263144e-01 2.462059673358403533e-01 2.291347506618771068e-01 2.154424822812463225e-01 2.120527307939361339e-01 2.089605093450747908e-01
4.770085277810632435e-02 3.428685330725574770e-02 2.056361118149600473e-02 1.886374884708384020e-02 1.721712122227028394e-02 1.595898363396793321e-02 1.471987849112951947e-02
8.983702749952189315e-01 8.741386875960159841e-01 8.174939987786894457e-01 6.728219160656093711e-01 4.967266811354646983e-01 4.999916726651461585e-01 5.015424652184768961e-01
4.768854615386659557e-01 2.014338450963335803e-01 5.867838912219108111e-02 5.620040391611368785e-02 5.365783477104529159e-02 5.697077541836521181e-02 6.026206702918537189e-02
6.922379666965449152e-01 5.844065359675713056e-01 4.591612419072901297e-01 4.572258767012736813e-01 4.554220990762715693e-01 4.413012203410212608e-01 4.267425318551076874e-01
