2.232366688006616195e-01 2.019306833440759341e-01 2.069554183530149527e-01 2.025468522538443061e-01 1.922458974966963219e-01 1.820159680668990421e-01 1.675974768607692011e-01
1.011083897311571889e+00 1.049711814386576458e+00 1.184597531880972276e+00 1.182024652575124124e+00 1.256521869887921694e+00 1.357692789186058180e+00 1.068534328790603061e+00
0.000000000000000000e+00 0.000000000000000000e+00 0.000000000000000000e+00 0.000000000000000000e+00 0.000000000000000000e+00 0.000000000000000000e+00 0.000000000000000000e+00
2.896135742438174510e-01 2.785660634022986137e-01 2.769847031033765283e-01 2.634086784044443186e-01 2.439803395501526084e-01 2.299073444027170676e-01 2.254273395554068360e-01
5.760655930941656067e-01 3.522188905494685329e-01 3.047107998995613465e-01 2.896585093138469569e-01 2.428130080222783704e-01 1.585215174902899204e-01 1.900369680598996691e-01
2.850516470846355399e-01 2.690014448345641185e-01 2.695681979214396007e-01 2.617293200643451834e-01 2.652138682866359010e-01 2.531904556320088151e-01 2.464307548063575382e-01
0.000000000000000000e+00 0.000000000000000000e+00 0.000000000000000000e+00 0.000000000000000000e+00 0.000000000000000000e+00 0.000000000000000000e+00 0.000000000000000000e+00
0.000000000000000000e+00 0.000000000000000000e+00 0.000000000000000000e+00 0.000000000000000000e+00 0.000000000000000000e+00 0.000000000000000000e+00 0.000000000000000000e+00
3.805418395636937512e-01 3.325293717130695104e-01 3.277885355952228075e-01 3.158118178223271455e-01 2.523254940558831705e-01 2.489329117434393723e-01 2.450986809308688397e-01
0.000000000000000000e+00 0.000000000000000000e+00 0.000000000000000000e+00 0.000000000000000000e+00 0.000000000000000000e+00 0.000000000000000000e+00 0.000000000000000000e+00
0.000000000000000000e+00 0.000000000000000000e+00 0.000000000000000000e+00 0.000000000000000000e+00 0.000000000000000000e+00 0.000000000000000000e+00 0.000000000000000000e+00
0.000000000000000000e+00 0.000000000000000000e+00 0.000000000000000000e+00 0.000000000000000000e+00 0.000000000000000000e+00 0.000000000000000000e+00 0.000000000000000000e+00
2.602419930317906652e-02 2.606375530103028151e-02 2.544912318883220739e-02 2.397012559054134337e-02 2.238021253796580040e-02 2.854214136498407425e-02 2.185396557186429153e-02
0.000000000000000000e+00 0.000000000000000000e+00 0.000000000000000000e+00 0.000000000000000000e+00 0.000000000000000000e+00 0.000000000000000000e+00 0.000000000000000000e+00
0.000000000000000000e+00 0.000000000000000000e+00 0.000000000000000000e+00 0.000000000000000000e+00 0.000000000000000000e+00 0.000000000000000000e+00 0.000000000000000000e+00
7.219470272317225490e-01 6.185199972644137567e-01 5.305990591415095103e-01 3.482750287350811491e-01 2.362844469843826400e-01 2.594292661999101912e-01 2.658318201908878575e-01
3.924891715860283070e-01 2.983475555278241598e-01 2.938934808120349795e-01 2.815165778885475034e-01 3.314808081719498034e-01 3.252681253639110315e-01 3.219982107140887395e-01
0.000000000000000000e+00 0.000000000000000000e+00 0.000000000000000000e+00 0.000000000000000000e+00 0.000000000000000000e+00 0.000000000000000000e+00 0.000000000000000000e+00
0.000000000000000000e+00 0.000000000000000000e+00 0.000000000000000000e+00 0.000000000000000000e+00 0.000000000000000000e+00 0.000000000000000000e+00 0.000000000000000000e+00
0.000000000000000000e+00 0.000000000000000000e+00 0.000000000000000000e+00 0.000000000000000000e+00 0.000000000000000000e+00 0.000000000000000000e+00 0.000000000000000000e+00
0.000000000000000000e+00 0.000000000000000000e+00 0.000000000000000000e+00 0.000000000000000000e+00 0.000000000000000000e+00 0.000000000000000000e+00 0.000000000000000000e+00
4.829756472333032180e-01 2.413861933449913122e-01 2.011779930398082672e-01 1.352227289127807541e-01 1.408881943418709426e-01 1.324193645290134003e-01 1.230417903599392571e-01
0.000000000000000000e+00 0.000000000000000000e+00 0.000000000000000000e+00 0.000000000000000000e+00 0.000000000000000000e+00 0.000000000000000000e+00 0.000000000000000000e+00
2.619709630914631160e-01 2.281385028090946177e-01 2.004755584818353753e-01 1.845906329079095021e-01 1.344660590424659186e-01 1.493206567582430755e-01 1.450807202220752434e-01
0.000000000000000000e+00 0.000000000000000000e+00 4.455137661193567244e-02 7.652596752149946890e-02 1.089952727036705010e-01 1.140551656652895873e-01 1.113503755443313592e-01
4.775368576542561860e-01 1.136552063810399166e-01 1.020009166890942648e-01 1.019202467175307353e-01 8.715060897331101952e-02 8.685954333225363866e-02 8.108819275119892589e-02
0.000000000000000000e+00 0.000000000000000000e+00 0.000000000000000000e+00 0.000000000000000000e+00 0.000000000000000000e+00 0.000000000000000000e+00 0.000000000000000000e+00
0.000000000000000000e+00 0.000000000000000000e+00 0.000000000000000000e+00 0.000000000000000000e+00 0.000000000000000000e+00 0.000000000000000000e+00 0.000000000000000000e+00
0.000000000000000000e+00 0.000000000000000000e+00 0.000000000000000000e+00 0.000000000000000000e+00 0.000000000000000000e+00 0.000000000000000000e+00 0.000000000000000000e+00
0.000000000000000000e+00 0.000000000000000000e+00 0.000000000000000000e+00 0.000000000000000000e+00 0.000000000000000000e+00 0.000000000000000000e+00 0.000000000000000000e+00
5.083551799788240677e-01 5.125975666209086068e-01 3.552187624083839035e-01 3.165907862967913822e-01 3.428386900085942379e-01 2.799966274969416524e-01 2.754412811917759107e-01
5.475105221671493494e-01 5.093028281796256884e-01 5.875076766154255781e-01 4.298310552673664242e-01 4.123556983680241594e-01 4.265442222592981669e-01 4.262626322700751591e-01
0.000000000000000000e+00 0.000000000000000000e+00 0.000000000000000000e+00 0.000000000000000000e+00 0.000000000000000000e+00 0.000000000000000000e+00 0.000000000000000000e+00
3.878821505458927149e-02 4.900620447945253783e-02 3.046197282453973199e-02 1.900528644867435085e-02 2.821013210143499469e-02 2.767268866327585175e-02 2.662908529825563225e-02
0.000000000000000000e+00 0.000000000000000000e+00 0.000000000000000000e+00 0.000000000000000000e+00 0.000000000000000000e+00 0.000000000000000000e+00 0.000000000000000000e+00
0.000000000000000000e+00 0.000000000000000000e+00 0.000000000000000000e+00 0.000000000000000000e+00 0.000000000000000000e+00 0.000000000000000000e+00 0.000000000000000000e+00
3.316774921118163522e-01 2.685130800713316779e-01 2.659836657048691988e-01 2.450229412034596876e-01 2.423640016783013273e-01 2.350508795075062773e-01 2.348461542527792434e-01
0.000000000000000000e+00 0.000000000000000000e+00 0.000000000000000000e+00 0.000000000000000000e+00 0.000000000000000000e+00 0.000000000000000000e+00 0.000000000000000000e+00
0.000000000000000000e+00 0.000000000000000000e+00 0.000000000000000000e+00 0.000000000000000000e+00 0.000000000000000000e+00 0.000000000000000000e+00 0.000000000000000000e+00
0.000000000000000000e+00 0.000000000000000000e+00 0.000000000000000000e+00 0.000000000000000000e+00 0.000000000000000000e+00 0.000000000000000000e+00 0.000000000000000000e+00
9.972882103200472748e-02 8.051857061976151753e-02 7.105223800485582775e-02 6.530420777922864295e-02 6.571334242912288404e-02 6.052552849081442587e-02 5.827036231798779498e-02
1.171474189862218296e-01 1.246183696758689924e-01 1.290042444287647638e-01 1.071523964561888337e-01 8.928585053954603279e-02 7.447807820438605286e-02 7.202522652476073262e-02
0.000000000000000000e+00 0.000000000000000000e+00 0.000000000000000000e+00 0.000000000000000000e+00 0.000000000000000000e+00 0.000000000000000000e+00 0.000000000000000000e+00
4.738737704283930707e-01 4.774256294997182848e-01 4.810182013676389534e-01 5.101750581604409529e-01 4.759417119961364961e-01 4.520967625165031589e-01 4.379278322842730664e-01
0.000000000000000000e+00 0.000000000000000000e+00 0.000000000000000000e+00 0.000000000000000000e+00 0.000000000000000000e+00 0.000000000000000000e+00 0.000000000000000000e+00
2.629863554025177463e-01 5.713367499803249094e-01 2.435274340763277368e-01 2.390990050770423481e-01 1.989709977525397078e-01 2.243315728475776261e-01 2.227339981913150913e-01
4.141625224207594325e-02 3.611459534323270548e-02 3.751177844116746624e-02 3.681372602524332627e-02 3.599988337467140143e-02 3.496695850575255726e-02 2.515260071721140203e-02
1.058610519712921971e-01 1.073429355473572155e-01 1.072589064905900280e-01 1.071191500316458073e-01 6.348428022252103342e-02 6.349308231136770175e-02 2.024913927156788904e-02
