0.000000000000000000e+00 0.000000000000000000e+00 0.000000000000000000e+00 0.000000000000000000e+00 0.000000000000000000e+00 0.000000000000000000e+00 0.000000000000000000e+00
3.748829856624044110e-01 4.332204080091942716e-02 3.296358762450450619e-02 2.147969661994819646e-02 2.000369683318169514e-02 1.148211597166750274e-02 1.050245950642658341e-02
0.000000000000000000e+00 0.000000000000000000e+00 0.000000000000000000e+00 0.000000000000000000e+00 0.000000000000000000e+00 0.000000000000000000e+00 0.000000000000000000e+00
0.000000000000000000e+00 0.000000000000000000e+00 0.000000000000000000e+00 0.000000000000000000e+00 0.000000000000000000e+00 0.000000000000000000e+00 0.000000000000000000e+00
0.000000000000000000e+00 0.000000000000000000e+00 0.000000000000000000e+00 0.000000000000000000e+00 0.000000000000000000e+00 0.000000000000000000e+00 0.000000000000000000e+00
0.000000000000000000e+00 0.000000000000000000e+00 0.000000000000000000e+00 0.000000000000000000e+00 0.000000000000000000e+00 0.000000000000000000e+00 0.000000000000000000e+00
4.244334355469382980e-01 4.470687626968294220e-02 3.823505758800340576e-02 3.416303497772595760e-02 3.388082966019103498e-02 3.357043744323061352e-02 3.326306068741124305e-02
0.000000000000000000e+00 0.000000000000000000e+00 0.000000000000000000e+00 0.000000000000000000e+00 0.000000000000000000e+00 0.000000000000000000e+00 0.000000000000000000e+00
4.399997922083793700e-01 2.683686374954906695e-01 2.121503858327675185e-01 1.858013142613923196e-01 1.741819196191605745e-01 1.585993814434505933e-01 1.486710644583187635e-01
0.000000000000000000e+00 0.000000000000000000e+00 0.000000000000000000e+00 0.000000000000000000e+00 0.000000000000000000e+00 0.000000000000000000e+00 0.000000000000000000e+00
0.000000000000000000e+00 0.000000000000000000e+00 0.000000000000000000e+00 0.000000000000000000e+00 0.000000000000000000e+00 0.000000000000000000e+00 0.000000000000000000e+00
2.089777141131310134e-01 6.958635684753211939e-03 6.340267990917906882e-03 6.358821067198227629e-03 4.852082522851803269e-03 4.921392891153157471e-03 5.017281561632803803e-03
2.192451361901566823e-02 2.160421596377374090e-02 2.111585529102746189e-02 2.045900604853709975e-02 1.986322830853457302e-02 1.857598062590398377e-02 1.386992995888004267e-02
2.948150320065524577e-01 1.168672127323998750e-01 6.032977849510349350e-02 4.826035645858915701e-02 5.041031243650075794e-02 5.294059854502733420e-02 5.156201187216517129e-02
2.772155660453910486e-01 3.176140097243571048e-02 3.128175043478929884e-02 2.813591236886148900e-02 2.510294366985838313e-02 2.456727757223850159e-02 2.401710386993793911e-02
6.660903671721266628e-01 1.359829219799212896e-01 1.318520309523729950e-01 1.291355570342776760e-01 1.159221297298011488e-01 1.094293947817713275e-01 9.861423341857844527e-02
4.069966105137106105e-01 3.142722295299099633e-02 3.187643664639600721e-02 3.104162284686499615e-02 2.787373706620859676e-02 2.642632548136721396e-02 2.214024524210251102e-02
0.000000000000000000e+00 0.000000000000000000e+00 0.000000000000000000e+00 0.000000000000000000e+00 0.000000000000000000e+00 0.000000000000000000e+00 0.000000000000000000e+00
6.020646091687796853e-01 6.397018709531478164e-02 4.784079859127464418e-02 3.421209655791122156e-02 2.701681821112458456e-02 2.233473407310027428e-02 1.795537378509901374e-02
0.000000000000000000e+00 0.000000000000000000e+00 0.000000000000000000e+00 0.000000000000000000e+00 0.000000000000000000e+00 0.000000000000000000e+00 0.000000000000000000e+00
0.000000000000000000e+00 0.000000000000000000e+00 0.000000000000000000e+00 0.000000000000000000e+00 0.000000000000000000e+00 0.000000000000000000e+00 0.000000000000000000e+00
2.199807501366404447e-02 1.731869560148530801e-02 1.751001865683399911e-02 1.780012893928299700e-02 1.792960308913412251e-02 1.749559493311527922e-02 1.505482807248777893e-02
5.400452319802091505e-01 1.168937606779822114e-01 6.152694179471863978e-02 6.001455643495368780e-02 4.355436272587354801e-02 3.945687243952808454e-02 2.870169118305553393e-02
3.248599010496965867e-01 1.097031482006117914e-01 1.485524407934415807e-02 1.481783362622973027e-02 1.502454254634893668e-02 1.334163977600298992e-02 1.286795433726867048e-02
3.545004538502624092e-01 0.000000000000000000e+00 0.000000000000000000e+00 0.000000000000000000e+00 0.000000000000000000e+00 0.000000000000000000e+00 0.000000000000000000e+00
0.000000000000000000e+00 0.000000000000000000e+00 0.000000000000000000e+00 0.000000000000000000e+00 0.000000000000000000e+00 0.000000000000000000e+00 0.000000000000000000e+00
0.000000000000000000e+00 0.000000000000000000e+00 0.000000000000000000e+00 0.000000000000000000e+00 0.000000000000000000e+00 0.000000000000000000e+00 0.000000000000000000e+00
0.000000000000000000e+00 0.000000000000000000e+00 0.000000000000000000e+00 0.000000000000000000e+00 0.000000000000000000e+00 0.000000000000000000e+00 0.000000000000000000e+00
0.000000000000000000e+00 0.000000000000000000e+00 0.000000000000000000e+00 0.000000000000000000e+00 0.000000000000000000e+00 0.000000000000000000e+00 0.000000000000000000e+00
3.229657052627092906e-01 1.904789301365332477e-02 1.763991152945824925e-02 1.669109802550895402e-02 1.339973743116143132e-02 1.189339700708652407e-02 9.346987316663642534e-03
3.476536913144038787e-01 3.374621198286593682e-01 2.424797519466869722e-01 1.591099727941746311e-01 1.423592977339003529e-01 1.033700116489386228e-01 9.155783437029926808e-02
0.000000000000000000e+00 0.000000000000000000e+00 0.000000000000000000e+00 0.000000000000000000e+00 0.000000000000000000e+00 0.000000000000000000e+00 0.000000000000000000e+00
4.175395761555881213e-01 1.430731081089444967e-01 2.510436936249319309e-02 2.345049964829796357e-02 1.763889641380969597e-02 1.454267300707584240e-02 1.413209618836784066e-02
1.844574928094398769e-01 0.000000000000000000e+00 0.000000000000000000e+00 0.000000000000000000e+00 0.000000000000000000e+00 0.000000000000000000e+00 0.000000000000000000e+00
2.016596193817077332e-01 9.191924281030677824e-02 9.263061501396935293e-02 9.181097206081142992e-02 8.777600058759689461e-02 8.138231841532542199e-02 7.390962198942990780e-02
0.000000000000000000e+00 0.000000000000000000e+00 0.000000000000000000e+00 0.000000000000000000e+00 0.000000000000000000e+00 0.000000000000000000e+00 0.000000000000000000e+00
0.000000000000000000e+00 8.181938342164782330e-02 8.037021522351167624e-02 7.909262867010953546e-02 7.721647019068691997e-02 7.699491901701696617e-02 7.402606318359500337e-02
0.000000000000000000e+00 0.000000000000000000e+00 0.000000000000000000e+00 0.000000000000000000e+00 0.000000000000000000e+00 0.000000000000000000e+00 0.000000000000000000e+00
1.046727537323819124e-01 0.000000000000000000e+00 0.000000000000000000e+00 0.000000000000000000e+00 0.000000000000000000e+00 0.000000000000000000e+00 0.000000000000000000e+00
0.000000000000000000e+00 0.000000000000000000e+00 0.000000000000000000e+00 0.000000000000000000e+00 0.000000000000000000e+00 0.000000000000000000e+00 0.000000000000000000e+00
1.019873807525407683e-01 2.496736965482309473e-02 1.595094141167815657e-02 1.355209541609466058e-02 1.019874449637649984e-02 9.332807780943233947e-03 7.540878732756409360e-03
0.000000000000000000e+00 0.000000000000000000e+00 0.000000000000000000e+00 0.000000000000000000e+00 0.000000000000000000e+00 0.000000000000000000e+00 0.000000000000000000e+00
0.000000000000000000e+00 0.000000000000000000e+00 0.000000000000000000e+00 0.000000000000000000e+00 0.000000000000000000e+00 0.000000000000000000e+00 0.000000000000000000e+00
8.372645348536084109e-02 2.047322440165780851e-03 1.571346695514238157e-03 1.569757473342599024e-03 1.542943500548912611e-03 1.572596473341772785e-03 1.548662484308011792e-03
0.000000000000000000e+00 0.000000000000000000e+00 0.000000000000000000e+00 0.000000000000000000e+00 0.000000000000000000e+00 0.000000000000000000e+00 0.000000000000000000e+00
0.000000000000000000e+00 0.000000000000000000e+00 0.000000000000000000e+00 0.000000000000000000e+00 0.000000000000000000e+00 0.000000000000000000e+00 0.000000000000000000e+00
7.132490605875543288e-01 1.783313073229997325e-01 1.763137344566696185e-01 1.736263555741092701e-01 1.616561884174296804e-01 1.517492568173039458e-01 1.417165354054582549e-01
1.026517396137466731e+00 0.000000000000000000e+00 0.000000000000000000e+00 0.000000000000000000e+00 0.000000000000000000e+00 0.000000000000000000e+00 0.000000000000000000e+00
