0.000000000000000000e+00 0.000000000000000000e+00 0.000000000000000000e+00 0.000000000000000000e+00 0.000000000000000000e+00 0.000000000000000000e+00 0.000000000000000000e+00
3.853833150557028353e-01 3.208640807751598351e-02 3.189565563404393039e-02 2.545974629103773049e-02 1.817109016619217546e-02 1.276532397837610092e-02 1.201396073982262738e-02
0.000000000000000000e+00 0.000000000000000000e+00 0.000000000000000000e+00 0.000000000000000000e+00 0.000000000000000000e+00 0.000000000000000000e+00 0.000000000000000000e+00
2.961642429939323300e-03 1.156652245861383320e-03 1.138150534975618374e-03 1.118250754894376713e-03 5.672464634709237317e-04 5.553134050650319594e-04 3.504917732905923964e-04
0.000000000000000000e+00 0.000000000000000000e+00 0.000000000000000000e+00 0.000000000000000000e+00 0.000000000000000000e+00 0.000000000000000000e+00 0.000000000000000000e+00
0.000000000000000000e+00 0.000000000000000000e+00 0.000000000000000000e+00 0.000000000000000000e+00 0.000000000000000000e+00 0.000000000000000000e+00 0.000000000000000000e+00
0.000000000000000000e+00 0.000000000000000000e+00 0.000000000000000000e+00 0.000000000000000000e+00 0.000000000000000000e+00 0.000000000000000000e+00 0.000000000000000000e+00
0.000000000000000000e+00 0.000000000000000000e+00 0.000000000000000000e+00 0.000000000000000000e+00 0.000000000000000000e+00 0.000000000000000000e+00 0.000000000000000000e+00
0.000000000000000000e+00 0.000000000000000000e+00 0.000000000000000000e+00 0.000000000000000000e+00 0.000000000000000000e+00 0.000000000000000000e+00 0.000000000000000000e+00
0.000000000000000000e+00 0.000000000000000000e+00 0.000000000000000000e+00 0.000000000000000000e+00 0.000000000000000000e+00 0.000000000000000000e+00 0.000000000000000000e+00
7.053253595788014363e-02 4.921661646052460926e-02 5.352196630027909741e-02 5.152896079162465337e-02 3.401075050376312775e-02 3.150730581203971259e-02 2.952066442513784361e-02
1.778421864740300229e-01 8.919116872668856819e-03 6.043598170849828061e-03 6.102758569373939283e-03 6.158636568599008473e-03 6.187140124011767696e-03 6.389569918952204587e-03
0.000000000000000000e+00 0.000000000000000000e+00 0.000000000000000000e+00 0.000000000000000000e+00 0.000000000000000000e+00 0.000000000000000000e+00 0.000000000000000000e+00
4.598419253917992305e-02 3.606553770228224098e-02 2.683486491008132621e-02 2.699248538555583735e-02 2.775797301658027710e-02 2.776396621733180289e-02 1.819082356354742580e-02
0.000000000000000000e+00 0.000000000000000000e+00 0.000000000000000000e+00 0.000000000000000000e+00 0.000000000000000000e+00 0.000000000000000000e+00 0.000000000000000000e+00
0.000000000000000000e+00 0.000000000000000000e+00 0.000000000000000000e+00 0.000000000000000000e+00 0.000000000000000000e+00 0.000000000000000000e+00 0.000000000000000000e+00
0.000000000000000000e+00 0.000000000000000000e+00 0.000000000000000000e+00 0.000000000000000000e+00 0.000000000000000000e+00 0.000000000000000000e+00 0.000000000000000000e+00
7.029691927776804405e-02 2.531508206240282166e-02 3.006411211370135436e-02 3.837776507415779220e-02 3.934740775316852845e-02 3.136543066860769668e-02 5.222169783302609003e-02
0.000000000000000000e+00 0.000000000000000000e+00 0.000000000000000000e+00 0.000000000000000000e+00 0.000000000000000000e+00 0.000000000000000000e+00 0.000000000000000000e+00
0.000000000000000000e+00 0.000000000000000000e+00 0.000000000000000000e+00 0.000000000000000000e+00 0.000000000000000000e+00 0.000000000000000000e+00 0.000000000000000000e+00
9.511712078301605422e-02 1.356853002101713300e-02 1.335446864840737595e-02 1.276697423844241203e-02 1.255716836427102183e-02 1.239765662171637972e-02 1.228579425412352176e-02
2.534641537437721300e-03 2.089381760545729223e-03 2.061000246434627810e-03 1.788476696322741219e-03 1.320190931175288301e-03 1.247203961686682225e-03 1.162834816457008298e-03
0.000000000000000000e+00 0.000000000000000000e+00 0.000000000000000000e+00 0.000000000000000000e+00 0.000000000000000000e+00 0.000000000000000000e+00 0.000000000000000000e+00
1.280471550668738356e-01 1.239383684687725556e-01 1.213330348832626360e-01 1.144973527968716626e-01 1.117574725692276616e-01 8.348714870135293814e-03 1.537526332148587927e-03
3.447159991958045205e-02 1.110335607270776471e-03 8.692847039986167880e-04 6.940594094469561747e-04 2.170632739248490577e-03 5.157499854741589423e-03 6.229318134349529947e-03
1.658141114501426525e-02 0.000000000000000000e+00 0.000000000000000000e+00 0.000000000000000000e+00 0.000000000000000000e+00 0.000000000000000000e+00 0.000000000000000000e+00
1.399053030263666675e-01 4.688564845102288769e-02 2.283114524838081305e-02 2.274866523419050504e-02 2.188610283637510215e-02 2.171483066358805003e-02 2.162286626856788768e-02
6.406678715223494691e-02 3.485043334129991899e-02 3.636102640701371208e-02 3.800263406551776524e-02 6.143892984912096428e-02 1.006413798148552419e-01 8.746364267769696221e-02
0.000000000000000000e+00 0.000000000000000000e+00 0.000000000000000000e+00 0.000000000000000000e+00 0.000000000000000000e+00 0.000000000000000000e+00 0.000000000000000000e+00
0.000000000000000000e+00 0.000000000000000000e+00 0.000000000000000000e+00 0.000000000000000000e+00 0.000000000000000000e+00 0.000000000000000000e+00 0.000000000000000000e+00
0.000000000000000000e+00 0.000000000000000000e+00 0.000000000000000000e+00 0.000000000000000000e+00 0.000000000000000000e+00 0.000000000000000000e+00 0.000000000000000000e+00
0.000000000000000000e+00 0.000000000000000000e+00 0.000000000000000000e+00 0.000000000000000000e+00 0.000000000000000000e+00 0.000000000000000000e+00 0.000000000000000000e+00
0.000000000000000000e+00 0.000000000000000000e+00 0.000000000000000000e+00 0.000000000000000000e+00 0.000000000000000000e+00 0.000000000000000000e+00 0.000000000000000000e+00
1.814705982920112870e-01 0.000000000000000000e+00 0.000000000000000000e+00 0.000000000000000000e+00 7.035553402663778655e-02 2.421542350085137962e-01 1.686197569424725817e-01
0.000000000000000000e+00 0.000000000000000000e+00 0.000000000000000000e+00 0.000000000000000000e+00 0.000000000000000000e+00 0.000000000000000000e+00 0.000000000000000000e+00
6.250735878132709922e-02 5.035516275845099837e-02 5.757364977590601063e-02 5.420037350403052179e-02 5.424797600865825103e-02 5.486628038416539732e-02 5.427676116192992062e-02
1.046065843540744528e-01 0.000000000000000000e+00 0.000000000000000000e+00 0.000000000000000000e+00 0.000000000000000000e+00 0.000000000000000000e+00 0.000000000000000000e+00
6.726193793096936491e-02 2.920311547408524153e-02 2.482591653882774974e-02 2.225645675646528709e-02 1.602900417904831731e-02 1.431808080706292903e-02 1.001390520923200501e-02
1.071507054841661227e-01 0.000000000000000000e+00 0.000000000000000000e+00 0.000000000000000000e+00 0.000000000000000000e+00 2.769938763951243499e-02 3.271068068597527551e-02
0.000000000000000000e+00 0.000000000000000000e+00 0.000000000000000000e+00 0.000000000000000000e+00 0.000000000000000000e+00 0.000000000000000000e+00 0.000000000000000000e+00
4.682194197941824156e-03 2.717908448707930837e-03 2.145342368052919474e-03 2.035198892476119698e-03 2.037403281002988804e-03 2.087965744117623642e-03 1.917739961658185277e-03
0.000000000000000000e+00 0.000000000000000000e+00 0.000000000000000000e+00 0.000000000000000000e+00 0.000000000000000000e+00 0.000000000000000000e+00 0.000000000000000000e+00
1.045135099617777123e-03 1.118538725120735242e-04 9.505164130347154431e-05 9.546109832965962694e-05 9.128572104511466538e-05 9.149979688938133192e-05 9.183388752586479908e-05
1.442985029300851707e-01 0.000000000000000000e+00 0.000000000000000000e+00 0.000000000000000000e+00 0.000000000000000000e+00 0.000000000000000000e+00 0.000000000000000000e+00
5.899250045005408061e-02 8.100582179073638131e-03 1.376231389100122764e-02 1.020842041877733503e-02 1.228534256146724193e-02 1.087682329529880178e-02 1.143059626940351112e-02
0.000000000000000000e+00 0.000000000000000000e+00 0.000000000000000000e+00 0.000000000000000000e+00 0.000000000000000000e+00 0.000000000000000000e+00 0.000000000000000000e+00
1.059355656762265147e-01 2.229638989493266596e-02 1.998416377460878954e-02 1.991228836677023939e-02 1.960173980372578381e-02 1.580568253425992595e-02 1.549697224753591139e-02
0.000000000000000000e+00 0.000000000000000000e+00 0.000000000000000000e+00 0.000000000000000000e+00 0.000000000000000000e+00 0.000000000000000000e+00 0.000000000000000000e+00
