3.903870532283946648e+00 3.875565999495150127e+00 3.846066233639394927e+00 3.869357448942228217e+00 3.892903775382762888e+00 3.814235578432530804e+00 3.737508204976744963e+00
1.870153701378278654e+01 1.688807536285121103e+01 1.550937241452698956e+01 1.443461398854415023e+01 1.344160356803839562e+01 1.268176766691024326e+01 1.196353873703829507e+01
2.800317082214465625e+00 2.299477346577018189e+00 1.913201857625641544e+00 1.864465978318749828e+00 1.816428485427109552e+00 1.734697721133486636e+00 1.657402831618447703e+00
1.096049227701461071e+01 1.431613886055182761e+01 1.753616129332968399e+01 1.773366148730881164e+01 1.792023535693039804e+01 1.800175426727918193e+01 1.808217710685380197e+01
1.561762742513254132e+01 9.365311455851159650e+00 6.144620072678480760e+00 6.028137943015647870e+00 5.916471325469115250e+00 5.631153491039641246e+00 5.335304011470574537e+00
1.187358720058417916e-01 1.064798976142560111e-01 1.003653066751546280e-01 9.612484642247899613e-02 9.244509646781247370e-02 1.185393637995895283e-01 1.429569676339493556e-01
9.630159754952057893e-01 8.527195225601038597e-01 7.644548296435470514e-01 7.157621195707435380e-01 6.726683237282499173e-01 6.462104246467086366e-01 6.217405430590867699e-01
0.000000000000000000e+00 0.000000000000000000e+00 0.000000000000000000e+00 0.000000000000000000e+00 0.000000000000000000e+00 0.000000000000000000e+00 0.000000000000000000e+00
5.075089680032228934e+00 4.642301542564077899e+00 4.249529512881849769e+00 4.016032869568467945e+00 3.812913701463061411e+00 3.733524810202366151e+00 3.656568187270242465e+00
2.374390359510634596e+00 1.899480483280886256e+00 1.492730269903729923e+00 1.357715269812763470e+00 1.235235890280543813e+00 1.182216117611994077e+00 1.133170890362897643e+00
2.298306708012193056e+00 1.739921928387646144e+00 1.343107921753235789e+00 1.323125527899645215e+00 1.303620752990958254e+00 1.123240160257053422e+00 9.576703644886223055e-01
1.094050822550084900e+00 8.206170019273490990e-01 5.132492041024097063e-01 4.532822221018286690e-01 3.981340201728971184e-01 3.907117827421421885e-01 3.832987511202817776e-01
2.170851797040660447e+00 1.551687263185258736e+00 1.047559180219858943e+00 1.025571540432603346e+00 1.002140824334307734e+00 9.791759780272687452e-01 9.564749686637681325e-01
4.966578481768972431e+00 4.581881679133659624e+00 4.221044551759991492e+00 4.166968357628113573e+00 4.111505128343486248e+00 4.036568592048233484e+00 3.962786530257286444e+00
1.267111264869165810e+00 9.403791361663971227e-01 5.740723465750010579e-01 4.204446614343174127e-01 3.084728271421447454e-01 2.938956083247289408e-01 2.791065764388804271e-01
2.913443105412442335e+00 2.533086307248800129e+00 2.171981288822192990e+00 2.117950867981325924e+00 2.065234563815192548e+00 2.061108086492394520e+00 2.056917817493231215e+00
8.850376342059578239e-01 8.683919194555075327e-01 8.523398966513860975e-01 8.381295124101446614e-01 8.243857185325560444e-01 6.346197305820309165e-01 4.498894916923213971e-01
1.820287819541687924e+01 1.729348722689167772e+01 1.647701017216510522e+01 1.552525885489538204e+01 1.469124349810825336e+01 1.364615841213361414e+01 1.274432863313561803e+01
3.303972183788237871e+00 3.011940386704149208e+00 2.751784639656480014e+00 2.505930620499048800e+00 2.291316543353855373e+00 2.292960780159646106e+00 2.294623936744283998e+00
8.505054586772620162e-01 8.288792615454954049e-01 8.079414391066714884e-01 8.228539843273185994e-01 8.386733157798046401e-01 8.433107389916094654e-01 8.480910153389109585e-01
3.630745448754120197e+00 2.578167904399018884e+00 1.769183551645183927e+00 1.727208758620514484e+00 1.685458718041942694e+00 1.630847588763799649e+00 1.577603989793397776e+00
3.452666858793131954e+00 3.621524782116108288e+00 3.835820004415658957e+00 3.604987469709064918e+00 3.389142686102295965e+00 3.231512375006921456e+00 3.084537962698815861e+00
8.533213818002028717e+00 8.231781408261014121e+00 7.941122088861280126e+00 8.448928808913201749e+00 9.011254814897972309e+00 9.153191490921408047e+00 9.300612946878736409e+00
5.342834687393863469e+00 5.056378966492566462e+00 4.742212611074032580e+00 4.681310641982140197e+00 4.621616853377230605e+00 4.519844257233962104e+00 4.420775298276602427e+00
2.242231035436201836e+00 1.189221999054052681e+00 6.467962568904257470e-01 6.344677352611733934e-01 6.226488896264581463e-01 5.946811400210629817e-01 5.656810455053470355e-01
1.255291745960444905e+00 9.847642965892829947e-01 6.725711116116707133e-01 5.623290518086607737e-01 4.703769490420187105e-01 4.416895653539113509e-01 4.144010761665170572e-01
5.064630792881705901e+01 4.785388214367608128e+01 4.528545334694730684e+01 4.504843853495526673e+01 4.481249800062525424e+01 3.598048451101992384e+01 2.879031763055806792e+01
1.124345939399379768e+00 9.514317508542616819e-01 8.141377626039116855e-01 7.174867592371320102e-01 6.450940271456880870e-01 6.471706370886486370e-01 6.490664766223782634e-01
5.752116141396819593e+00 5.537892790454657543e+00 5.343271679214931957e+00 5.133267855409572533e+00 4.942627307543401294e+00 4.861598727689781185e+00 4.783201868444020732e+00
1.155428560380727276e+01 1.096455867254783101e+01 1.038781356958039304e+01 1.070034797191999232e+01 1.101332431867303541e+01 1.074909421683402933e+01 1.048480409232056410e+01
1.212082280263239165e+00 1.087680116477097503e+00 9.864374900222748765e-01 9.509840994522981150e-01 9.260911456733799119e-01 9.292441918386237232e-01 9.322910916348964294e-01
5.706061054782892938e+00 5.230706733722174206e+00 4.795321181497938845e+00 4.459931321856802633e+00 4.160799043258244900e+00 4.104275857941369843e+00 4.049369258041261688e+00
1.480088309549607573e+01 1.321118474391658459e+01 1.181576107772557904e+01 1.109244168587874491e+01 1.048908501356090106e+01 1.014386045207446330e+01 9.805827305745788536e+00
1.534582103531514363e+00 1.139961656041417859e+00 8.701503171793474323e-01 8.392114332378967090e-01 8.107707379191104735e-01 8.066033022338583436e-01 8.023737680983142884e-01
3.135368673376530690e+00 2.467672910972589229e+00 1.935803677541885426e+00 1.785658816876260824e+00 1.648540237328033120e+00 1.565882256338565259e+00 1.486522731993159985e+00
8.052311582340845320e+00 8.201641488184877815e+00 8.350791401479867204e+00 8.561660653401345300e+00 8.762294807654889439e+00 8.868415353245223898e+00 8.981693541745919163e+00
1.940901211377110025e+00 1.817683353253646716e+00 1.665097471417254837e+00 1.597597464123955424e+00 1.532871173081276961e+00 1.438702175826933827e+00 1.353145215160292292e+00
5.825992655568293266e+00 5.358936090667462793e+00 4.919625873562937457e+00 4.721579318840776196e+00 4.530949842966569996e+00 4.408991791639179425e+00 4.293135434954389318e+00
1.512368813638800269e+00 1.231583872985144934e+00 9.397055452715651347e-01 7.677412675094017480e-01 6.176840761573919591e-01 5.639936260107761834e-01 5.124550651856817352e-01
4.156265523556538888e+00 2.928692356211689773e+00 2.149207183683545797e+00 2.127087504434693077e+00 2.103388697373113736e+00 2.108394731494318552e+00 2.113610060157995463e+00
8.850376342059582679e-01 8.683919194555079768e-01 8.523398966513863195e-01 8.381295124101453276e-01 8.243857185325565995e-01 6.346197305820312495e-01 4.498894916923216747e-01
1.688859173658888224e+01 1.631497264723208573e+01 1.581452885431658473e+01 1.569957844936308256e+01 1.559156727187147773e+01 1.506916213353317602e+01 1.455346100680028343e+01
3.379979613009791883e+00 2.713735666606187813e+00 2.269120884501928170e+00 2.258737906836518317e+00 2.248524714226667776e+00 2.270361081322566754e+00 2.292901710811566574e+00
2.078142725960379078e+00 1.848628501895238863e+00 1.645442652697583164e+00 1.520996238735848660e+00 1.407730757155106982e+00 1.374702535462031916e+00 1.342473266429004219e+00
6.424032290982697013e+00 6.138092065637250627e+00 5.877038519120934446e+00 5.601252388973001928e+00 5.356685599222270611e+00 5.031602237631192409e+00 4.743362774348433675e+00
4.212603523031767772e+00 4.128795733569068815e+00 4.016078516211972982e+00 3.273126760899578880e+00 2.742770009177576629e+00 2.726678881337124327e+00 2.710991047977664437e+00
4.122199710662806105e+00 3.427393646152173456e+00 2.881727284083974716e+00 2.778778840455538024e+00 2.678258833469873590e+00 2.607784973654339034e+00 2.538645542382484521e+00
2.403225618158023824e+00 1.938137163457299028e+00 1.479030217488574328e+00 1.570110612682276807e+00 1.658541698348636073e+00 1.612044268813747960e+00 1.561967995130336018e+00
