3.861979870747194177e+00 3.698690111316131013e+00 3.541180431852320343e+00 3.640172856909787757e+00 3.742726870547895324e+00 3.727268339760833271e+00 3.712011559105440117e+00
1.839070679032236200e+01 1.616434039435771552e+01 1.448818482489437898e+01 1.299410226391268353e+01 1.161086512947531979e+01 1.076819997965488618e+01 9.953840464494678741e+00
2.762108189117443047e+00 2.354587732691872493e+00 2.020271225710120966e+00 1.727597591324026016e+00 1.507068518421748271e+00 1.476286246474155073e+00 1.446104857246843345e+00
1.093414424513211713e+01 1.300945536404058878e+01 1.500217669079819949e+01 1.645933606888971568e+01 1.782858419574766273e+01 1.768392904109049368e+01 1.754352044614632078e+01
4.543827576190239803e+00 3.733749572826311702e+00 3.068537539221253052e+00 2.782729799179105790e+00 2.532290407858199810e+00 2.407572606331970899e+00 2.287017132595928093e+00
1.402923864206040983e-01 1.045049083098345960e-01 8.214273890594897543e-02 8.688983374456148157e-02 9.076767852753496457e-02 8.317490929637291752e-02 7.599533823099836882e-02
9.658248540482314848e-01 9.057429675921800927e-01 8.541099697128237134e-01 8.073918524953298537e-01 7.655540862668230861e-01 7.454664501827066303e-01 7.259113571351758498e-01
0.000000000000000000e+00 0.000000000000000000e+00 0.000000000000000000e+00 0.000000000000000000e+00 0.000000000000000000e+00 0.000000000000000000e+00 0.000000000000000000e+00
9.316112803148097754e-01 8.049469887583383665e-01 6.804132340094742881e-01 6.107662708433286847e-01 5.447689243549668214e-01 5.278318589254068494e-01 5.114517228684686279e-01
2.330741331219038148e+00 2.187247286238435784e+00 2.029904341993854722e+00 1.740865003218081464e+00 1.505488903604768502e+00 1.277563397124711120e+00 1.097583709479267089e+00
2.284519206463494712e+00 1.643855890772902395e+00 1.235270901879585104e+00 1.083046894322466036e+00 9.671278707075353642e-01 8.895111297267759287e-01 8.219810678658208136e-01
5.454043717528519686e+00 4.496911682607013461e+00 3.770020099321738538e+00 3.471375377380432337e+00 3.211007608630909171e+00 3.239651329671088043e+00 3.268537315766709028e+00
2.180269830096362327e+00 1.776397570775325008e+00 1.408044125417496462e+00 1.355579701521792746e+00 1.299342533415075662e+00 1.305394872025154474e+00 1.311771123622262447e+00
4.361571349890917659e+00 3.894350883021200360e+00 3.491289982363437350e+00 3.290200577866018605e+00 3.113264267406593344e+00 3.131330568725912311e+00 3.149583430632824310e+00
1.375524265857403838e+00 1.054005335796277087e+00 8.098285706256427297e-01 7.108144294517485529e-01 6.244908177551592443e-01 6.270612822955483612e-01 6.296534875076018611e-01
2.710812520965604655e+00 2.181521088445114831e+00 1.795155626443942554e+00 1.758230294907746405e+00 1.721614703500904620e+00 1.717572252918581954e+00 1.713441366594172122e+00
1.118212847660519760e+00 8.559797544971882166e-01 6.487612970113817434e-01 6.042440612570352254e-01 5.578914019900232946e-01 5.456483977620567583e-01 5.336757740930599958e-01
1.822554482031139855e+01 1.834587222188338984e+01 1.847029869238587452e+01 1.857209149786575253e+01 1.867218922571764494e+01 1.882180508478003844e+01 1.896839178322218444e+01
3.357313987413761414e+00 3.271023951005049835e+00 3.186248791802695823e+00 3.192075054448683780e+00 3.197963185456389912e+00 3.185569470240685153e+00 3.173191068899182454e+00
8.745512767278226240e-01 8.682171884291258745e-01 8.618999197278025548e-01 8.750904108005677084e-01 8.886317356833824954e-01 8.874252290849610203e-01 8.862029402921736132e-01
1.965713354703731541e+00 1.646353433401632538e+00 1.309188623532449913e+00 1.228770496686798275e+00 1.145349530480894495e+00 1.153408353931488772e+00 1.161864947099299217e+00
3.731989839366240513e+00 3.478585390958667034e+00 3.243779839422382238e+00 3.101365843671209266e+00 2.975336067433464571e+00 2.986811260962471515e+00 2.998418471046299771e+00
1.135252763668694342e+01 1.095109554736105295e+01 1.057292943551172826e+01 1.169462180423136033e+01 1.300509666996437907e+01 1.318530225236287023e+01 1.336878918257321658e+01
3.924598923151853214e+00 3.205821802552989652e+00 2.659948276060703609e+00 2.436165021907176875e+00 2.241063812052503490e+00 2.259930061905261578e+00 2.278955880169544645e+00
1.499637086736650637e+00 1.098721507752484783e+00 7.169013279439703235e-01 7.132509802235434959e-01 7.097761067506573873e-01 7.093022960813061273e-01 7.088195573548143891e-01
1.222612427926792700e+00 7.696257735466948136e-01 4.397895495663883825e-01 4.088741691366531983e-01 3.806403935393636861e-01 3.624017630497893827e-01 3.450101429695373034e-01
1.718577994289839239e+01 1.550159124666841137e+01 1.402381997257899648e+01 1.434066964567850100e+01 1.459220513143463194e+01 1.274292909720517386e+01 1.128720808551238974e+01
1.236171791730977576e+00 1.165969639850212847e+00 1.103455781544693037e+00 9.409410945645929614e-01 8.210038454306047839e-01 7.944157517999589357e-01 7.686946199614983488e-01
5.718901978623973648e+00 5.469069582790488937e+00 5.245820419994567274e+00 5.088362315714015871e+00 4.942105609533837374e+00 4.802743215896342122e+00 4.671111803141728913e+00
1.146728964637037151e+01 1.126905725536888170e+01 1.107120823049172031e+01 1.073390946009453550e+01 1.042323840121728828e+01 1.010791898378377418e+01 9.801524663459041165e+00
9.748397493279363779e-01 8.979511882300942327e-01 8.272790691860193446e-01 8.290123183802883267e-01 8.307417500744743721e-01 8.155834196832899563e-01 8.010479203097031764e-01
5.784627353105507019e+00 5.261796027559185518e+00 4.799931597213095813e+00 4.705616578855118526e+00 4.609595180895791344e+00 4.599303278678887885e+00 4.588877150135713734e+00
6.064163213252513174e+00 5.817209789426639688e+00 5.568343534034198683e+00 5.444452234722076511e+00 5.325567563028609008e+00 5.226272459244178492e+00 5.127880546886060209e+00
1.524118916586004513e+00 1.379754748381732288e+00 1.249171115516817032e+00 1.206108994785097366e+00 1.168058141619617407e+00 1.157861937053975110e+00 1.147792515514075129e+00
3.088396689860363420e+00 2.496561847474127127e+00 1.996713264238731078e+00 1.927020050183126942e+00 1.860688419263538895e+00 1.870430083157962775e+00 1.880178542926230101e+00
5.796104092324180002e+00 5.850263130210258566e+00 5.903962683416125401e+00 5.984158183006640819e+00 6.059650232640716006e+00 5.987872317037722603e+00 5.917267078521017076e+00
2.026022599794235823e+00 1.908562828626172658e+00 1.760847857171762065e+00 1.725325726950475369e+00 1.687674290130355415e+00 1.675768821030874101e+00 1.663853542059593682e+00
5.830351588475139124e+00 5.501351794258876993e+00 5.184155182315090649e+00 4.838075023355308701e+00 4.514791020037974612e+00 4.261132352850011351e+00 4.026650504524899254e+00
1.464377268262254894e+00 1.066860457678191931e+00 7.446047339762208450e-01 6.210005813437846633e-01 5.112462836803758348e-01 4.449952102270592347e-01 3.816134869119230388e-01
4.185450281201291034e+00 3.111199154007416645e+00 2.430713374484701372e+00 2.496568720508604233e+00 2.572035890035838435e+00 2.604363587028154736e+00 2.638713101285051099e+00
6.112146858941468253e+00 5.374046944336504872e+00 4.768533818888462505e+00 4.089517328528654794e+00 3.577879587676105810e+00 3.526318551265188450e+00 3.475764007678189049e+00
8.522251689126584040e+00 7.074002711441610636e+00 6.032911077653311693e+00 6.608501830128048482e+00 7.048742870640357872e+00 6.635202686777311065e+00 6.236467650897194126e+00
3.560314567164935884e+00 3.636728657378871077e+00 3.718514548394193042e+00 3.666399354062276128e+00 3.616330164079885279e+00 3.620565852169102428e+00 3.624835277605579442e+00
1.941315677147295471e+00 1.830918509595395260e+00 1.722411054389054508e+00 1.663553788029596747e+00 1.606339378958395292e+00 1.580610932197174190e+00 1.555418304590298062e+00
6.417721905103444868e+00 6.429770222914240385e+00 6.442183243111554880e+00 6.495786794975558109e+00 6.548058599120609280e+00 6.597982226196454469e+00 6.647252847637870943e+00
5.068055508961055722e+00 6.392975292765177286e+00 1.047556616741212387e+01 1.229722806592953432e+01 1.515151628618128576e+01 1.528472209805705617e+01 1.542092421842363414e+01
4.117431102220902694e+00 3.433824541802015240e+00 2.917773280622155685e+00 2.768524008609698495e+00 2.633164436728016256e+00 2.541003115801644618e+00 2.451028358845352528e+00
2.424834065186563858e+00 2.019954557493699010e+00 1.670862882337795563e+00 1.696445370115755802e+00 1.718696681026314677e+00 1.655548103572304530e+00 1.592771740696650840e+00
