0.000000000000000000e+00 0.000000000000000000e+00 0.000000000000000000e+00 0.000000000000000000e+00 0.000000000000000000e+00 0.000000000000000000e+00 0.000000000000000000e+00
3.917966688199606140e-01 4.334784450501413811e-02 4.290225389755327606e-02 2.700544886802070527e-02 2.409445827307622745e-02 1.392936310466487589e-02 1.267584504228194860e-02
0.000000000000000000e+00 0.000000000000000000e+00 0.000000000000000000e+00 0.000000000000000000e+00 0.000000000000000000e+00 0.000000000000000000e+00 0.000000000000000000e+00
0.000000000000000000e+00 0.000000000000000000e+00 0.000000000000000000e+00 0.000000000000000000e+00 0.000000000000000000e+00 0.000000000000000000e+00 0.000000000000000000e+00
0.000000000000000000e+00 0.000000000000000000e+00 0.000000000000000000e+00 0.000000000000000000e+00 0.000000000000000000e+00 0.000000000000000000e+00 0.000000000000000000e+00
0.000000000000000000e+00 0.000000000000000000e+00 0.000000000000000000e+00 0.000000000000000000e+00 0.000000000000000000e+00 0.000000000000000000e+00 0.000000000000000000e+00
4.244343728439636254e-01 4.288020642539944194e-02 3.602379046632153692e-02 3.505156398968942849e-02 3.469297745379176789e-02 3.444188434591855669e-02 3.413188091948086977e-02
0.000000000000000000e+00 0.000000000000000000e+00 0.000000000000000000e+00 0.000000000000000000e+00 0.000000000000000000e+00 0.000000000000000000e+00 0.000000000000000000e+00
4.395657709454925399e-01 2.834810304678124782e-01 2.071651406238359805e-01 1.827701281622442220e-01 1.789228218431245521e-01 1.873986287014828001e-01 1.751359328719602204e-01
0.000000000000000000e+00 0.000000000000000000e+00 0.000000000000000000e+00 0.000000000000000000e+00 0.000000000000000000e+00 0.000000000000000000e+00 0.000000000000000000e+00
0.000000000000000000e+00 0.000000000000000000e+00 0.000000000000000000e+00 0.000000000000000000e+00 0.000000000000000000e+00 0.000000000000000000e+00 0.000000000000000000e+00
1.753883450434915448e-01 6.958635684753211939e-03 6.340267990917906882e-03 6.358821067198227629e-03 4.852082522851803269e-03 4.921392891153157471e-03 5.017281561632803803e-03
2.198878351293634403e-02 2.155242038776452457e-02 2.112807298819456558e-02 2.048114021288960709e-02 1.963557618230230353e-02 1.839275292931450562e-02 2.259004719101900815e-02
2.824210569255686254e-01 1.977007214035182425e-01 1.006888969555912589e-01 6.549683442417381096e-02 5.039257920607883440e-02 5.292956270585343764e-02 5.154676421882958826e-02
2.712404015288148451e-01 3.137002419375422430e-02 3.024784567070566699e-02 2.778676096842287724e-02 2.456727328525279072e-02 2.484426967146361256e-02 2.440449808308870275e-02
6.285543922518762594e-01 1.252852591695683693e-01 1.209781914013750154e-01 1.137725980995281660e-01 9.931342324050129733e-02 9.742281190536657143e-02 9.505680617451395253e-02
4.169425811247172153e-01 3.280286659375224873e-02 3.331071510998453999e-02 3.330804048809497125e-02 2.893859440878149628e-02 2.787275577671733534e-02 2.400342541580774772e-02
0.000000000000000000e+00 0.000000000000000000e+00 0.000000000000000000e+00 0.000000000000000000e+00 0.000000000000000000e+00 0.000000000000000000e+00 0.000000000000000000e+00
6.065403259942923064e-01 6.397018709531478164e-02 4.784079859127464418e-02 3.421209655791122156e-02 2.701681821112458456e-02 2.233473407310027428e-02 1.795537378509901374e-02
0.000000000000000000e+00 0.000000000000000000e+00 0.000000000000000000e+00 0.000000000000000000e+00 0.000000000000000000e+00 0.000000000000000000e+00 0.000000000000000000e+00
0.000000000000000000e+00 0.000000000000000000e+00 0.000000000000000000e+00 0.000000000000000000e+00 0.000000000000000000e+00 0.000000000000000000e+00 0.000000000000000000e+00
2.217602432253590328e-02 1.769910483036897172e-02 1.688887043125731138e-02 1.758088263369705570e-02 1.730961693715031904e-02 1.722984893577908169e-02 1.630862644948480669e-02
5.487755930837417973e-01 8.204171537313209583e-02 6.197564356603820629e-02 6.054621361329393797e-02 4.449276151060032464e-02 3.972139723051828358e-02 2.899522020939587080e-02
3.225312962123033644e-01 9.570792614857882852e-02 1.485631347292658104e-02 1.481783362622973027e-02 1.502495894450635652e-02 1.336898687813574751e-02 1.293979033486299113e-02
3.633622654470803348e-01 0.000000000000000000e+00 0.000000000000000000e+00 0.000000000000000000e+00 0.000000000000000000e+00 0.000000000000000000e+00 0.000000000000000000e+00
0.000000000000000000e+00 0.000000000000000000e+00 0.000000000000000000e+00 0.000000000000000000e+00 0.000000000000000000e+00 0.000000000000000000e+00 0.000000000000000000e+00
0.000000000000000000e+00 0.000000000000000000e+00 0.000000000000000000e+00 0.000000000000000000e+00 0.000000000000000000e+00 0.000000000000000000e+00 0.000000000000000000e+00
0.000000000000000000e+00 0.000000000000000000e+00 0.000000000000000000e+00 0.000000000000000000e+00 0.000000000000000000e+00 0.000000000000000000e+00 0.000000000000000000e+00
0.000000000000000000e+00 0.000000000000000000e+00 0.000000000000000000e+00 0.000000000000000000e+00 0.000000000000000000e+00 0.000000000000000000e+00 0.000000000000000000e+00
3.452589709156781428e-01 1.976662055414540875e-02 1.959912742057307727e-02 1.764984053398081093e-02 1.794975510525474022e-02 1.624487131563837755e-02 1.382617480776628625e-02
4.178888268261148342e-01 4.246823229510640063e-01 2.925015195142754987e-01 2.375155281417159758e-01 2.701040699851831595e-01 2.223866618985975430e-01 2.215034327828196148e-01
0.000000000000000000e+00 0.000000000000000000e+00 0.000000000000000000e+00 0.000000000000000000e+00 0.000000000000000000e+00 0.000000000000000000e+00 0.000000000000000000e+00
3.966984206115917178e-01 1.537858350264650065e-01 5.040599908092943671e-02 2.337982421846776168e-02 1.758573607162198030e-02 1.449884410444818479e-02 1.408950468765381679e-02
1.844790983476806978e-01 0.000000000000000000e+00 0.000000000000000000e+00 0.000000000000000000e+00 0.000000000000000000e+00 0.000000000000000000e+00 6.938670149315518364e-03
1.995136644826350780e-01 7.561190812258658522e-02 7.260155048191885285e-02 7.388027882223621723e-02 6.881575793780853045e-02 6.724863820680625215e-02 6.106804652595763938e-02
0.000000000000000000e+00 0.000000000000000000e+00 0.000000000000000000e+00 0.000000000000000000e+00 0.000000000000000000e+00 0.000000000000000000e+00 0.000000000000000000e+00
0.000000000000000000e+00 8.225232350992156549e-02 7.926339313375110884e-02 7.460122344033108532e-02 7.488238099017632821e-02 7.447439665942917619e-02 7.266152079654848717e-02
0.000000000000000000e+00 0.000000000000000000e+00 0.000000000000000000e+00 0.000000000000000000e+00 0.000000000000000000e+00 0.000000000000000000e+00 0.000000000000000000e+00
1.046727537323819124e-01 0.000000000000000000e+00 0.000000000000000000e+00 0.000000000000000000e+00 0.000000000000000000e+00 0.000000000000000000e+00 0.000000000000000000e+00
0.000000000000000000e+00 0.000000000000000000e+00 0.000000000000000000e+00 0.000000000000000000e+00 0.000000000000000000e+00 0.000000000000000000e+00 0.000000000000000000e+00
1.003827746921094749e-01 2.807560588695769480e-02 1.529182001776477687e-02 1.305593754382433636e-02 9.670526938955637669e-03 8.521993998197864920e-03 6.947400119327202042e-03
0.000000000000000000e+00 0.000000000000000000e+00 0.000000000000000000e+00 0.000000000000000000e+00 0.000000000000000000e+00 0.000000000000000000e+00 0.000000000000000000e+00
0.000000000000000000e+00 0.000000000000000000e+00 0.000000000000000000e+00 0.000000000000000000e+00 0.000000000000000000e+00 0.000000000000000000e+00 0.000000000000000000e+00
8.372645348536084109e-02 0.000000000000000000e+00 0.000000000000000000e+00 0.000000000000000000e+00 0.000000000000000000e+00 0.000000000000000000e+00 0.000000000000000000e+00
0.000000000000000000e+00 0.000000000000000000e+00 0.000000000000000000e+00 0.000000000000000000e+00 0.000000000000000000e+00 0.000000000000000000e+00 0.000000000000000000e+00
0.000000000000000000e+00 0.000000000000000000e+00 0.000000000000000000e+00 0.000000000000000000e+00 0.000000000000000000e+00 0.000000000000000000e+00 0.000000000000000000e+00
7.026437707508960129e-01 1.806315812225961492e-01 1.778838893394059650e-01 1.819772198632710336e-01 1.565629791405711291e-01 1.449305138717676411e-01 1.445657058914264215e-01
1.026517396137466731e+00 0.000000000000000000e+00 0.000000000000000000e+00 0.000000000000000000e+00 0.000000000000000000e+00 0.000000000000000000e+00 0.000000000000000000e+00
