2.185699631616209448e-01 1.981193485765595785e-01 2.067439238999012607e-01 1.946565350067113453e-01 1.813150000740906542e-01 1.807055412045181497e-01 1.692360406598443778e-01
9.989314727551481532e-01 1.120544722387163183e+00 1.183603052070628880e+00 1.153919842122684614e+00 1.211162814406731458e+00 1.160123870355132647e+00 9.891669922175799767e-01
0.000000000000000000e+00 0.000000000000000000e+00 0.000000000000000000e+00 0.000000000000000000e+00 0.000000000000000000e+00 0.000000000000000000e+00 0.000000000000000000e+00
2.874447504324895153e-01 2.656259027889386060e-01 2.616980324545865044e-01 2.524278636702558809e-01 2.407956371860743572e-01 2.277074770209259469e-01 2.217362237969662531e-01
5.513131147162632084e-01 4.073153601756008824e-01 3.054683721226734705e-01 2.950669107525439316e-01 2.596529741126103463e-01 1.482529935804541843e-01 1.470146915191995751e-01
2.793880557231758766e-01 2.607067446373128594e-01 2.557515254526379067e-01 2.437897734187436660e-01 2.447030033756594780e-01 2.363538483994579720e-01 2.179649426271885182e-01
0.000000000000000000e+00 0.000000000000000000e+00 0.000000000000000000e+00 0.000000000000000000e+00 0.000000000000000000e+00 0.000000000000000000e+00 0.000000000000000000e+00
0.000000000000000000e+00 0.000000000000000000e+00 0.000000000000000000e+00 0.000000000000000000e+00 0.000000000000000000e+00 0.000000000000000000e+00 0.000000000000000000e+00
3.831883414261108567e-01 3.243883531671207243e-01 2.695220207307044147e-01 2.598440250805042484e-01 2.479538836793673262e-01 2.418681051669763216e-01 2.370068058807266453e-01
0.000000000000000000e+00 0.000000000000000000e+00 0.000000000000000000e+00 0.000000000000000000e+00 0.000000000000000000e+00 0.000000000000000000e+00 0.000000000000000000e+00
0.000000000000000000e+00 0.000000000000000000e+00 0.000000000000000000e+00 0.000000000000000000e+00 0.000000000000000000e+00 0.000000000000000000e+00 0.000000000000000000e+00
0.000000000000000000e+00 0.000000000000000000e+00 0.000000000000000000e+00 0.000000000000000000e+00 0.000000000000000000e+00 0.000000000000000000e+00 0.000000000000000000e+00
2.643983054895235330e-02 2.598950138048478076e-02 2.549574592259896619e-02 2.406296625659580871e-02 1.729978593437686216e-02 1.411689118494526517e-02 1.054112222102612621e-02
0.000000000000000000e+00 0.000000000000000000e+00 0.000000000000000000e+00 0.000000000000000000e+00 0.000000000000000000e+00 0.000000000000000000e+00 0.000000000000000000e+00
0.000000000000000000e+00 0.000000000000000000e+00 0.000000000000000000e+00 0.000000000000000000e+00 0.000000000000000000e+00 0.000000000000000000e+00 0.000000000000000000e+00
7.215535903151285568e-01 5.843056200979919179e-01 4.257062907524569173e-01 3.030833232285857215e-01 2.012760258583534134e-01 1.762792078562115949e-01 1.563964361722613161e-01
3.826404435915937707e-01 2.922102688253626623e-01 2.923077901929454492e-01 3.189559291865669000e-01 3.503342480597096409e-01 3.360224806540258458e-01 3.381010240606237560e-01
0.000000000000000000e+00 0.000000000000000000e+00 0.000000000000000000e+00 0.000000000000000000e+00 0.000000000000000000e+00 0.000000000000000000e+00 0.000000000000000000e+00
0.000000000000000000e+00 0.000000000000000000e+00 0.000000000000000000e+00 0.000000000000000000e+00 0.000000000000000000e+00 0.000000000000000000e+00 0.000000000000000000e+00
0.000000000000000000e+00 0.000000000000000000e+00 0.000000000000000000e+00 0.000000000000000000e+00 0.000000000000000000e+00 0.000000000000000000e+00 0.000000000000000000e+00
0.000000000000000000e+00 0.000000000000000000e+00 0.000000000000000000e+00 0.000000000000000000e+00 0.000000000000000000e+00 0.000000000000000000e+00 0.000000000000000000e+00
4.858626999894684051e-01 2.743054845466104674e-01 2.538526040296473774e-01 2.216664552597361060e-01 1.798097063377159244e-01 1.682751401718228235e-01 1.715775195003985121e-01
0.000000000000000000e+00 0.000000000000000000e+00 0.000000000000000000e+00 0.000000000000000000e+00 0.000000000000000000e+00 0.000000000000000000e+00 0.000000000000000000e+00
2.613138104577115706e-01 2.085801674282659612e-01 1.825394425316847202e-01 1.662846162677991402e-01 1.251809312249118622e-01 1.266967549288131045e-01 1.281027409587640331e-01
0.000000000000000000e+00 0.000000000000000000e+00 2.818150820487416372e-02 4.778918161859282282e-02 6.632329860491413542e-02 7.179658930630336555e-02 6.735156485456565700e-02
5.460643233400709340e-01 2.458187845581966957e-01 1.174303909463937368e-01 1.137084874096269821e-01 9.753080401387119458e-02 9.691657764082083071e-02 8.916961210089949241e-02
0.000000000000000000e+00 0.000000000000000000e+00 0.000000000000000000e+00 0.000000000000000000e+00 0.000000000000000000e+00 0.000000000000000000e+00 0.000000000000000000e+00
0.000000000000000000e+00 0.000000000000000000e+00 0.000000000000000000e+00 0.000000000000000000e+00 0.000000000000000000e+00 0.000000000000000000e+00 0.000000000000000000e+00
0.000000000000000000e+00 0.000000000000000000e+00 0.000000000000000000e+00 0.000000000000000000e+00 0.000000000000000000e+00 0.000000000000000000e+00 0.000000000000000000e+00
0.000000000000000000e+00 0.000000000000000000e+00 0.000000000000000000e+00 0.000000000000000000e+00 0.000000000000000000e+00 0.000000000000000000e+00 0.000000000000000000e+00
4.866634556742545636e-01 4.892005452493092821e-01 2.667580780394840922e-01 2.142379279212626442e-01 2.279485991434874459e-01 1.757566426926244207e-01 1.710939381520049929e-01
5.399067350324435743e-01 5.081744364156224325e-01 4.302778017265235233e-01 4.077442254069114647e-01 3.686080407115229218e-01 3.414780933780132144e-01 3.168843120867737562e-01
0.000000000000000000e+00 0.000000000000000000e+00 0.000000000000000000e+00 0.000000000000000000e+00 0.000000000000000000e+00 0.000000000000000000e+00 0.000000000000000000e+00
4.340643384282729528e-02 3.763839067390963022e-02 2.994559533579399871e-02 1.373807840520290154e-02 2.048398878455169950e-02 2.007138779722917807e-02 1.979754742433554801e-02
0.000000000000000000e+00 0.000000000000000000e+00 0.000000000000000000e+00 0.000000000000000000e+00 0.000000000000000000e+00 0.000000000000000000e+00 0.000000000000000000e+00
0.000000000000000000e+00 0.000000000000000000e+00 0.000000000000000000e+00 0.000000000000000000e+00 0.000000000000000000e+00 0.000000000000000000e+00 0.000000000000000000e+00
3.204434289926970658e-01 2.653563150320804032e-01 2.444147337233461559e-01 2.412671644552336625e-01 2.316467398117312837e-01 2.248259754043390735e-01 2.186371692182337845e-01
0.000000000000000000e+00 0.000000000000000000e+00 0.000000000000000000e+00 0.000000000000000000e+00 0.000000000000000000e+00 0.000000000000000000e+00 0.000000000000000000e+00
0.000000000000000000e+00 0.000000000000000000e+00 0.000000000000000000e+00 0.000000000000000000e+00 0.000000000000000000e+00 0.000000000000000000e+00 0.000000000000000000e+00
0.000000000000000000e+00 0.000000000000000000e+00 0.000000000000000000e+00 0.000000000000000000e+00 0.000000000000000000e+00 0.000000000000000000e+00 0.000000000000000000e+00
1.061059412364056959e-01 8.937220870728679323e-02 7.845442427035928534e-02 6.894105830542102131e-02 6.752530231637667024e-02 6.825931257915529571e-02 6.821664317155533286e-02
1.159512566259115335e-01 1.105724752151054507e-01 1.127594617820005807e-01 1.110322409311743919e-01 8.156599946321284322e-02 7.176579308591977957e-02 7.131242555982596210e-02
0.000000000000000000e+00 0.000000000000000000e+00 0.000000000000000000e+00 0.000000000000000000e+00 0.000000000000000000e+00 0.000000000000000000e+00 0.000000000000000000e+00
4.586966191132218484e-01 4.548859895661949704e-01 4.189325574210439607e-01 4.385208787422134602e-01 3.570426669976486389e-01 3.359426754765019174e-01 3.674748592074920106e-01
0.000000000000000000e+00 0.000000000000000000e+00 0.000000000000000000e+00 0.000000000000000000e+00 0.000000000000000000e+00 0.000000000000000000e+00 0.000000000000000000e+00
2.536295445503993218e-01 6.093325899543989843e-01 2.433697875861921267e-01 2.392510689167534621e-01 1.910199162660578265e-01 2.247355160620232162e-01 2.228029680841030757e-01
4.115650088886921298e-02 4.137402523023667872e-02 4.129728235031158295e-02 4.052485810445367181e-02 3.994051576760718897e-02 3.949746673032984018e-02 2.859659619499888353e-02
1.138429234471391993e-01 1.073429355473572155e-01 1.072589064905900280e-01 1.071191500316458073e-01 6.348428022252103342e-02 6.349308231136770175e-02 2.438800886679835453e-02
