4.114816228753457872e-01 3.598768793374846342e-01 3.073452504738578006e-01 2.691613185163736488e-01 2.307276727277312867e-01 2.219362233089773873e-01 2.136442578603759967e-01
3.038756836243201032e-01 2.031904403019585692e-01 1.269536380202411496e-01 1.183226134083177478e-01 1.104266088914526017e-01 1.094561157937957163e-01 1.085389280473802037e-01
4.279621387760697560e-01 3.181205711065873132e-01 2.246761864527134778e-01 1.893400474860949811e-01 1.598158764488674666e-01 1.435097053754527396e-01 1.275357314933606712e-01
1.733731705227279929e-01 1.523552261833677479e-01 1.322964454153322533e-01 1.357094269671583475e-01 1.388796258325940558e-01 1.326468731364901510e-01 1.264758179588947595e-01
3.101807000566324524e-01 1.171196677743497200e-01 1.778652135821320868e-02 2.099700724213701686e-02 2.393811057353097474e-02 2.093772240472645957e-02 1.784088784273680714e-02
1.935977090803814860e-01 1.577972935224015993e-01 1.393497360478999636e-01 1.319435382101255549e-01 1.256322787861183787e-01 1.381497326601376641e-01 1.497942745290204991e-01
2.671033118993627054e-01 2.334434949504480550e-01 2.072298430958141868e-01 1.958778281485663575e-01 1.862814622129619069e-01 1.739129689231243281e-01 1.626345599606952574e-01
0.000000000000000000e+00 0.000000000000000000e+00 0.000000000000000000e+00 0.000000000000000000e+00 0.000000000000000000e+00 0.000000000000000000e+00 0.000000000000000000e+00
4.049257919882853773e-01 2.889625625438862477e-01 1.831547451999212817e-01 1.607989899302876002e-01 1.415295589462529646e-01 1.355137112082510920e-01 1.298166277872205010e-01
3.680543685326560510e-01 2.219492356927346421e-01 7.605902249460472220e-02 5.040269459857785184e-02 3.215452010830553708e-02 3.270383338729339340e-02 3.324819919195733803e-02
1.511408848800779026e-01 7.785891155374713435e-02 2.971991526708414599e-02 2.608211599563632285e-02 2.337037915105334013e-02 1.953354020252699025e-02 1.582600225289724702e-02
3.556839127364854192e-01 2.034822065026347382e-01 6.109433310775759518e-02 4.826632800379722366e-02 3.594468637588318916e-02 3.576838405419501682e-02 3.558843484136340468e-02
7.052570079782750634e-01 4.451442629056177047e-01 2.168416794299345141e-01 1.903266243225344712e-01 1.625828708955422419e-01 1.602563636277288539e-01 1.579555920637818467e-01
4.854465571485199193e-01 2.914805405184731635e-01 1.451829518913839712e-01 1.160890026155026317e-01 8.889549169088115099e-02 8.731768864448859191e-02 8.573818954555682825e-02
4.955634211127719069e-01 3.240988139791246003e-01 1.383204002089740703e-01 1.126107480021577151e-01 8.788906072176018436e-02 8.647812317373260171e-02 8.506106788262762786e-02
4.778820799431414135e-01 3.531936199544488120e-01 2.299359616017107588e-01 2.101714588636305614e-01 1.903503641325514639e-01 1.900389814577221892e-01 1.897329104201970762e-01
2.959921517473019029e-02 2.848622514912141357e-02 2.741255865063128502e-02 2.689595005043918241e-02 2.639686605004881031e-02 2.543773605810073155e-02 2.450268183922204787e-02
5.375576708444329554e-02 3.268350112759548648e-02 1.381138280468448103e-02 1.316311938630961541e-02 1.257400987996121038e-02 1.214207416419034631e-02 1.178920788100929276e-02
3.611781960162725458e-01 2.776420642615560208e-01 2.087287931957018949e-01 1.809130834424122203e-01 1.570072686912914184e-01 1.511744612014253308e-01 1.456034050428755555e-01
3.028671464256155188e-01 2.973084081584717597e-01 2.919680259015340895e-01 2.784192127933495242e-01 2.635503982603231710e-01 2.549315552828682607e-01 2.460164566259462615e-01
5.285703002378064896e-01 3.175076815642070560e-01 1.404915958108916563e-01 1.220030629576675796e-01 1.041831447099956370e-01 9.961145640207068330e-02 9.521294107572426946e-02
3.606670782235771311e-01 2.549608995552883894e-01 1.463683268185262398e-01 1.266495802728244691e-01 1.082839094395562918e-01 1.008710652412021097e-01 9.380729315068445096e-02
4.181592723244529908e-01 3.342160720137780650e-01 2.557145168874934149e-01 2.250023925743857012e-01 1.897037928694959297e-01 1.831592522983454818e-01 1.766797955990745961e-01
5.616966687282074489e-01 3.626518958583287433e-01 1.655900533372335615e-01 1.295919104850573877e-01 9.753810875052855434e-02 9.425429176367651485e-02 9.103607893132627249e-02
3.101807000566327854e-01 1.171196677743498032e-01 1.778652135821321562e-02 2.099700724213702727e-02 2.393811057353098515e-02 2.093772240472646651e-02 1.784088784273681755e-02
4.133057290806496087e-01 3.074490999016219472e-01 1.474144997899829168e-01 1.244212281915905854e-01 1.036599217069122808e-01 8.916040893471918749e-02 7.675243048992924644e-02
5.502610426448831943e-02 4.706033499873830267e-02 4.077672858142954854e-02 2.991207812392529183e-02 2.300535135957674712e-02 1.867784991765084751e-02 1.466094540998292770e-02
2.141276927688689213e-01 2.275239195280246152e-01 2.380754985944054658e-01 2.205316251955300177e-01 2.093673925811591618e-01 1.888758859002185042e-01 1.687663433034145843e-01
1.468299134885809321e-01 1.300169473367537576e-01 1.149815200656909286e-01 1.080090219513781674e-01 1.016938945954498075e-01 8.815495616804885914e-02 7.493619887465825802e-02
9.248208221843881582e-02 7.833256625747445079e-02 6.462250677340601601e-02 6.843134501351430532e-02 7.215702638939558433e-02 7.271154815852461095e-02 7.326854569360558012e-02
1.296281997120429016e-03 1.204611350187804282e-03 1.125049916844061753e-03 1.093346214863918642e-01 1.719002473263902264e-01 1.729694689330707469e-01 1.739309008435825366e-01
4.460970845147540498e-01 2.721019047509683486e-01 1.334112480562358871e-01 1.063218682162853784e-01 8.108390200338792819e-02 7.875356403062476474e-02 7.650115909959112614e-02
1.537302649548702160e-01 1.029516270846959763e-01 5.906944367515041400e-02 7.172957144735227220e-02 8.157525582711107337e-02 8.102336676616171685e-02 8.050618643624732340e-02
4.501211650459097102e-01 3.599665122155599195e-01 2.866175736270745733e-01 2.857218893592242681e-01 2.849697595299806596e-01 2.845923671629028151e-01 2.842350514407797069e-01
3.446392101470823754e-01 2.016156153650263128e-01 6.754555394956121561e-02 6.032696129838545362e-02 5.335557592176468078e-02 5.032048216959202069e-02 4.746655725855357388e-02
9.022623854313294167e-02 8.666074248591096318e-02 8.305314159434572241e-02 7.856784171798880667e-02 7.457647424271610093e-02 5.956570877496735611e-02 4.545072860901938627e-02
4.683752006157123060e-01 3.813467440492266380e-01 2.739739615482188473e-01 2.574526462428465834e-01 2.418782709434708633e-01 2.176813789936810906e-01 1.963786506889392824e-01
4.398749339988520801e-01 2.772745311112728706e-01 1.259658472122425488e-01 9.940030906600025307e-02 7.511809215440788667e-02 7.465771735331348802e-02 7.420905754580983671e-02
4.579353301521501551e-01 3.682335564574095721e-01 2.617058206589315539e-01 2.130433058547824554e-01 1.710317098822569104e-01 1.352950841798895021e-01 1.038390741735272932e-01
8.341457893670443102e-01 4.901128112653527213e-01 2.795618958422892986e-01 2.411596949813666901e-01 2.002294968550188403e-01 1.971463685401258215e-01 1.941590595776596095e-01
2.959921517473021110e-02 2.848622514912143439e-02 2.741255865063129890e-02 2.689595005043919976e-02 2.639686605004882766e-02 2.543773605810074195e-02 2.450268183922206522e-02
4.435855522606854673e-01 3.633565122604562880e-01 2.915714734952454257e-01 2.853249183397310595e-01 2.795651573924543554e-01 2.648901396292850374e-01 2.501593435311402214e-01
5.819709889731372598e-02 6.570261119363797475e-02 7.076822694681837722e-02 6.683198951238730756e-02 6.284637014196803317e-02 9.010475446591567628e-02 1.132915515006477081e-01
3.932369237516352145e-01 3.037150494128640910e-01 2.294944107519221732e-01 1.989774261713850301e-01 1.717679889247936686e-01 1.647916264575523537e-01 1.582328030184765588e-01
5.977621022851289240e-02 4.113856546315116519e-02 2.412425995599131248e-02 2.299647166268250359e-02 2.197482097266370560e-02 1.888703669297213741e-02 1.631329394403499555e-02
6.422633118325494772e-01 4.114953242443555315e-01 1.439053342937587354e-01 1.105429957876793851e-01 8.688133520668490928e-02 8.295328126410608793e-02 7.911753356725204078e-02
2.489566889371638003e-01 1.583052806685999458e-01 8.632632452557367775e-02 7.478175460877362069e-02 6.321213234901014444e-02 6.059406771122816115e-02 5.809119883304873083e-02
6.668024459185282193e-01 4.704288936984112324e-01 2.736054331017231944e-01 2.749564271609903354e-01 2.762495530632858021e-01 2.677806083101398338e-01 2.587079670057459979e-01
