3.914568926450530117e+00 3.909252994104002621e+00 3.903678345875929434e+00 3.966574593656917891e+00 4.030236803147539959e+00 3.981189755304518130e+00 3.934195491391122346e+00
1.831188965884543052e+01 1.613542118125439728e+01 1.450691237435894720e+01 1.226394555333896363e+01 1.030962697202456368e+01 9.083075615544856873e+00 7.969344108139842398e+00
2.781583157291943831e+00 2.597038486286061598e+00 2.417756886018984197e+00 2.152737462203150542e+00 1.943610073744161726e+00 1.896087326881339408e+00 1.849398798355649465e+00
1.107934197031752355e+01 1.434813965918104550e+01 1.741655409954078237e+01 1.716998788620736960e+01 1.695019514726699583e+01 1.679419795656085412e+01 1.664331399308224135e+01
4.512977168082786150e+00 3.839154128339111516e+00 3.246603105484016982e+00 2.818962804948489609e+00 2.463231248099887249e+00 2.184627990752848525e+00 1.944077440559644154e+00
1.082421134773097204e-01 8.165253773548024341e-02 6.493152025096765589e-02 6.596795395446689025e-02 6.682914005584522643e-02 6.597259639379980667e-02 6.509792847098133661e-02
9.366988776472090494e-01 8.958856288251393352e-01 8.606496804761468722e-01 8.080302130065287747e-01 7.608338985441339686e-01 7.421303192964591178e-01 7.236942892565531027e-01
0.000000000000000000e+00 0.000000000000000000e+00 0.000000000000000000e+00 0.000000000000000000e+00 0.000000000000000000e+00 0.000000000000000000e+00 0.000000000000000000e+00
9.314064590388987375e-01 8.159723547792465670e-01 6.966674555110494715e-01 6.424632455591873237e-01 5.914840763115549738e-01 5.566658702508915368e-01 5.244438978794201400e-01
2.347946898051938458e+00 1.770500485503756272e+00 1.335380854909356874e+00 1.271781221715714727e+00 1.211473033081719608e+00 1.109368232869970106e+00 1.016094223873873048e+00
2.277364753117427032e+00 1.652609544546364440e+00 1.247875695581224020e+00 1.074410823335657961e+00 9.515460093566810995e-01 7.821592328353206280e-01 6.666981872044618340e-01
5.408111770573442278e+00 4.330832845996838820e+00 3.542397527539161928e+00 2.728590635276256116e+00 2.201371593666998194e+00 2.009610099205561440e+00 1.852398924629690580e+00
2.173742437116017445e+00 1.516021520535129063e+00 1.028640037731738399e+00 1.011854158015414562e+00 9.939311728365997078e-01 9.984969086272027505e-01 1.002773417424801305e+00
4.344520217530697614e+00 3.794962536771668393e+00 3.338070801521026976e+00 2.851211358591059675e+00 2.492178979171502551e+00 2.335554297574492733e+00 2.199083268873364361e+00
1.367973119315599284e+00 1.015958672552220943e+00 7.583275093465847716e-01 5.562333576014542036e-01 4.253080901812777426e-01 3.933064069306158594e-01 3.670705756633890204e-01
2.696544019274703441e+00 2.033424932981147126e+00 1.579184426387757467e+00 1.527619646783294982e+00 1.479599648970543413e+00 1.462323454105765475e+00 1.446639793924484607e+00
1.123276641640808426e+00 7.483562725859087550e-01 5.121160131042579167e-01 3.966014567869322605e-01 2.953233206425844304e-01 3.019990145870413145e-01 3.081985058260523491e-01
1.820207043590481177e+01 1.843657946590120389e+01 1.867654034298216104e+01 1.814812814591792289e+01 1.766316857971993315e+01 1.739634708536937069e+01 1.714171066847973890e+01
3.334466206129617749e+00 3.267592436361215213e+00 3.201418048898433621e+00 3.111510198846126674e+00 3.027509331427732597e+00 2.859835452673906264e+00 2.715676673333140556e+00
8.856137920038907874e-01 8.743643311989885980e-01 8.630465727300159484e-01 8.691518209946622608e-01 8.753572349321255830e-01 8.759442030164049653e-01 8.765381026469835080e-01
1.961694801823036238e+00 1.406753482616423412e+00 9.401520478312848095e-01 9.139881166003401836e-01 8.860805033207094228e-01 8.900370796240593130e-01 8.937221507536153853e-01
3.724993880290251802e+00 3.413779246703705361e+00 3.135736282646154116e+00 2.865261719322765188e+00 2.646980643600543193e+00 2.537084361209619665e+00 2.436418225920407465e+00
1.168251377187391427e+01 1.201659534640499416e+01 1.237372410077542284e+01 1.340105897828935255e+01 1.455941498122071209e+01 1.486235199593721390e+01 1.517011870373836935e+01
3.893059776351752710e+00 3.087755030955108282e+00 2.498371270716946313e+00 1.913956656148205981e+00 1.535347779859852935e+00 1.403496214602457215e+00 1.295400793767327974e+00
1.481676021045618130e+00 9.897902033419671008e-01 5.405615124140834560e-01 5.577499667404884898e-01 5.727384454166356553e-01 5.384656632346569438e-01 5.066192887972245096e-01
1.236682681333878708e+00 8.908756253119235469e-01 5.789378430001127507e-01 4.869215837238844435e-01 4.168817569865060912e-01 3.955324787906608908e-01 3.760302174973003120e-01
1.728294704735660048e+01 1.631103962575474142e+01 1.541981538304222532e+01 1.386562964248248697e+01 1.286937443510883661e+01 1.003575340648262859e+01 8.253937178749088943e+00
1.255886329517295952e+00 1.162784810804172064e+00 1.083506789655463542e+00 9.116236355640774391e-01 7.850050767199726609e-01 7.389342803817122718e-01 6.965427350898987235e-01
5.722514405759580924e+00 5.518648900670613422e+00 5.332996493305446783e+00 5.277156271780047092e+00 5.223451386187826451e+00 5.139692408401418611e+00 5.058643780233993859e+00
1.138395616177627367e+01 1.120233731480197825e+01 1.102179235465559692e+01 1.132055716370415155e+01 1.161364798745367644e+01 1.120408843830865386e+01 1.081603420576375285e+01
9.458741007065625261e-01 8.875890385660809567e-01 8.332827319192046556e-01 7.810662682930195055e-01 7.344906047631634127e-01 7.232972931953418616e-01 7.124389718483085110e-01
5.756958363882608509e+00 5.596856955093801211e+00 5.435162901363621124e+00 5.116219195605374637e+00 4.820988649950272098e+00 4.589902966905592407e+00 4.374807644435489529e+00
5.855933403825091865e+00 5.312643652482122114e+00 4.797505857706680921e+00 4.682754521674205250e+00 4.580403741426690267e+00 4.301903029188156147e+00 4.054594702568110165e+00
1.522221020868453456e+00 1.422179461147408785e+00 1.325024635522626282e+00 1.240116951599491424e+00 1.171719338092713114e+00 1.151067491566828860e+00 1.133299054014464069e+00
3.104579862056637829e+00 2.461623752929538167e+00 1.948388213469674168e+00 1.857354629013184821e+00 1.769877703154468795e+00 1.710090630263703115e+00 1.655121991748459198e+00
5.832589104427407634e+00 5.904695506563567342e+00 5.976353677752025639e+00 6.012222358382648402e+00 6.045438496841351039e+00 6.029085487846256974e+00 6.012918554948902816e+00
2.025562851912183771e+00 1.899219774067456790e+00 1.732008873417948625e+00 1.680878474996102545e+00 1.632265501309212885e+00 1.576155868144869965e+00 1.527802774526932028e+00
5.836545867410557697e+00 5.426218105176386253e+00 5.038145028657756264e+00 4.906720629879265161e+00 4.776099152865262987e+00 4.479011036974013038e+00 4.201942689390569363e+00
1.504580760347477009e+00 1.269690551077782059e+00 1.031096400850869621e+00 7.936737178344075438e-01 6.060757022022874585e-01 4.987275098988900313e-01 4.042193092552898159e-01
4.154101068144421482e+00 2.690710852527130825e+00 1.906094666030865747e+00 1.928834245557115246e+00 1.953165624655482047e+00 1.941202445633434470e+00 1.929864905598996261e+00
6.170475875572895674e+00 5.936907856032751951e+00 5.710001015070466757e+00 5.056894567361163162e+00 4.541526886650758321e+00 4.471000207034295570e+00 4.401711558745500241e+00
8.407163946111801067e+00 7.409298292902390948e+00 6.634180791965349933e+00 5.402696521791122919e+00 4.776040292651752672e+00 3.831222594307409413e+00 3.130714936741493482e+00
3.467764191500724014e+00 3.516563441775315546e+00 3.568043508378468953e+00 3.547451448275956043e+00 3.527217941886779062e+00 3.506804831811767276e+00 3.486629837354049410e+00
1.938228099061516829e+00 1.855571571209353232e+00 1.771659327224065716e+00 1.704530617906870660e+00 1.641570189448780415e+00 1.571360466092911468e+00 1.508398946033888022e+00
6.435535253037976133e+00 6.483532120766930085e+00 6.532583166790384865e+00 6.391634803409103505e+00 6.262217908664718280e+00 6.175164874843130924e+00 6.092005195016231944e+00
4.992405680254078604e+00 6.561699282989038373e+00 1.342241056259947030e+01 1.419663928825577059e+01 1.507387654627767581e+01 1.430450798123987965e+01 1.362393333294374642e+01
4.094843319279843463e+00 3.797205375806170569e+00 3.528227465053181966e+00 3.241443576125318415e+00 2.999218633977895454e+00 2.798980939345207197e+00 2.618391784738869354e+00
2.367429727154632069e+00 1.920169645396995639e+00 1.532853912800547835e+00 1.405189170277858057e+00 1.315937131434944840e+00 1.189569777069351408e+00 1.084784373284305437e+00
