0.02547600489595471
0.02154499296071313
0.0
0.005311471107396131
0.00791975415305785
0.0
0.0
0.0
0.0
0.036926411428613054
0.0
0.033569382161079644
0.0
0.10548791405451777
0.0
0.0
0.0
0.0
0.0
0.0
0.0
0.0
0.0
0.0026832303250469668
0.0
0.03785531991037891
0.006897835260637556
0.0
0.0
0.03324756595627302
0.02667162967446522
0.014319906001083568
0.0
0.08369395522646403
0.034489176303187784
0.11835680982440099
0.0027591341042550225
0.022394971812869934
0.0
0.0250046252284701
0.05387680230778391
0.022762856360103938
0.0
0.251154863170677
0.022996830932144764
0.0
0.0
0.004598556840425038