0.000000000000000000e+00 0.000000000000000000e+00 0.000000000000000000e+00 0.000000000000000000e+00 0.000000000000000000e+00 0.000000000000000000e+00 0.000000000000000000e+00
1.308872217616740413e-02 1.308872217616740413e-02 1.308872217616740413e-02 1.308872217616740413e-02 1.308872217616740413e-02 1.308872217616740413e-02 1.308872217616740413e-02
0.000000000000000000e+00 0.000000000000000000e+00 0.000000000000000000e+00 0.000000000000000000e+00 0.000000000000000000e+00 0.000000000000000000e+00 0.000000000000000000e+00
2.188833909161590902e-02 2.188833909161590902e-02 2.188833909161590902e-02 2.188833909161590902e-02 2.188833909161590902e-02 2.188833909161590902e-02 2.188833909161590902e-02
0.000000000000000000e+00 0.000000000000000000e+00 0.000000000000000000e+00 0.000000000000000000e+00 0.000000000000000000e+00 0.000000000000000000e+00 0.000000000000000000e+00
0.000000000000000000e+00 0.000000000000000000e+00 0.000000000000000000e+00 0.000000000000000000e+00 0.000000000000000000e+00 0.000000000000000000e+00 0.000000000000000000e+00
0.000000000000000000e+00 0.000000000000000000e+00 0.000000000000000000e+00 0.000000000000000000e+00 0.000000000000000000e+00 0.000000000000000000e+00 0.000000000000000000e+00
0.000000000000000000e+00 0.000000000000000000e+00 0.000000000000000000e+00 0.000000000000000000e+00 0.000000000000000000e+00 0.000000000000000000e+00 0.000000000000000000e+00
0.000000000000000000e+00 0.000000000000000000e+00 0.000000000000000000e+00 0.000000000000000000e+00 0.000000000000000000e+00 0.000000000000000000e+00 0.000000000000000000e+00
0.000000000000000000e+00 0.000000000000000000e+00 0.000000000000000000e+00 0.000000000000000000e+00 0.000000000000000000e+00 0.000000000000000000e+00 0.000000000000000000e+00
9.419039920087739215e-02 9.419039920087739215e-02 9.419039920087739215e-02 9.419039920087739215e-02 9.419039920087739215e-02 9.419039920087739215e-02 9.419039920087739215e-02
5.272561568998986210e-03 5.272561568998986210e-03 5.272561568998986210e-03 5.272561568998986210e-03 5.272561568998986210e-03 5.272561568998986210e-03 5.272561568998986210e-03
0.000000000000000000e+00 0.000000000000000000e+00 0.000000000000000000e+00 0.000000000000000000e+00 0.000000000000000000e+00 0.000000000000000000e+00 0.000000000000000000e+00
1.100338288374104814e-02 1.100338288374104814e-02 1.100338288374104814e-02 1.100338288374104814e-02 1.100338288374104814e-02 1.100338288374104814e-02 1.100338288374104814e-02
0.000000000000000000e+00 0.000000000000000000e+00 0.000000000000000000e+00 0.000000000000000000e+00 0.000000000000000000e+00 0.000000000000000000e+00 0.000000000000000000e+00
0.000000000000000000e+00 0.000000000000000000e+00 0.000000000000000000e+00 0.000000000000000000e+00 0.000000000000000000e+00 0.000000000000000000e+00 0.000000000000000000e+00
0.000000000000000000e+00 0.000000000000000000e+00 0.000000000000000000e+00 0.000000000000000000e+00 0.000000000000000000e+00 0.000000000000000000e+00 0.000000000000000000e+00
4.968771400472677541e-02 4.968771400472677541e-02 4.968771400472677541e-02 4.968771400472677541e-02 4.968771400472677541e-02 4.968771400472677541e-02 4.968771400472677541e-02
0.000000000000000000e+00 0.000000000000000000e+00 0.000000000000000000e+00 0.000000000000000000e+00 0.000000000000000000e+00 0.000000000000000000e+00 0.000000000000000000e+00
0.000000000000000000e+00 0.000000000000000000e+00 0.000000000000000000e+00 0.000000000000000000e+00 0.000000000000000000e+00 0.000000000000000000e+00 0.000000000000000000e+00
1.873715971639385719e-02 1.873715971639385719e-02 1.873715971639385719e-02 1.873715971639385719e-02 1.873715971639385719e-02 1.873715971639385719e-02 1.873715971639385719e-02
4.467775071699628398e-02 4.467775071699628398e-02 4.467775071699628398e-02 4.467775071699628398e-02 4.467775071699628398e-02 4.467775071699628398e-02 4.467775071699628398e-02
0.000000000000000000e+00 0.000000000000000000e+00 0.000000000000000000e+00 0.000000000000000000e+00 0.000000000000000000e+00 0.000000000000000000e+00 0.000000000000000000e+00
1.516376349677930890e-02 1.516376349677930890e-02 1.516376349677930890e-02 1.516376349677930890e-02 1.516376349677930890e-02 1.516376349677930890e-02 1.516376349677930890e-02
1.783402758826649337e-01 1.783402758826649337e-01 1.783402758826649337e-01 1.783402758826649337e-01 1.783402758826649337e-01 1.783402758826649337e-01 1.783402758826649337e-01
2.827308161657561547e-02 2.827308161657561547e-02 2.827308161657561547e-02 2.827308161657561547e-02 2.827308161657561547e-02 2.827308161657561547e-02 2.827308161657561547e-02
1.434198534598610797e-01 1.434198534598610797e-01 1.434198534598610797e-01 1.434198534598610797e-01 1.434198534598610797e-01 1.434198534598610797e-01 1.434198534598610797e-01
1.375809034410672982e-02 1.375809034410672982e-02 1.375809034410672982e-02 1.375809034410672982e-02 1.375809034410672982e-02 1.375809034410672982e-02 1.375809034410672982e-02
0.000000000000000000e+00 0.000000000000000000e+00 0.000000000000000000e+00 0.000000000000000000e+00 0.000000000000000000e+00 0.000000000000000000e+00 0.000000000000000000e+00
0.000000000000000000e+00 0.000000000000000000e+00 0.000000000000000000e+00 0.000000000000000000e+00 0.000000000000000000e+00 0.000000000000000000e+00 0.000000000000000000e+00
0.000000000000000000e+00 0.000000000000000000e+00 0.000000000000000000e+00 0.000000000000000000e+00 0.000000000000000000e+00 0.000000000000000000e+00 0.000000000000000000e+00
0.000000000000000000e+00 0.000000000000000000e+00 0.000000000000000000e+00 0.000000000000000000e+00 0.000000000000000000e+00 0.000000000000000000e+00 0.000000000000000000e+00
0.000000000000000000e+00 0.000000000000000000e+00 0.000000000000000000e+00 0.000000000000000000e+00 0.000000000000000000e+00 0.000000000000000000e+00 0.000000000000000000e+00
4.752513992369203182e-03 4.752513992369203182e-03 4.752513992369203182e-03 4.752513992369203182e-03 4.752513992369203182e-03 4.752513992369203182e-03 4.752513992369203182e-03
0.000000000000000000e+00 0.000000000000000000e+00 0.000000000000000000e+00 0.000000000000000000e+00 0.000000000000000000e+00 0.000000000000000000e+00 0.000000000000000000e+00
7.058744780215536752e-02 7.058744780215536752e-02 7.058744780215536752e-02 7.058744780215536752e-02 7.058744780215536752e-02 7.058744780215536752e-02 7.058744780215536752e-02
1.694016363477213400e-03 1.694016363477213400e-03 1.694016363477213400e-03 1.694016363477213400e-03 1.694016363477213400e-03 1.694016363477213400e-03 1.694016363477213400e-03
1.050393125074016755e-02 1.050393125074016755e-02 1.050393125074016755e-02 1.050393125074016755e-02 1.050393125074016755e-02 1.050393125074016755e-02 1.050393125074016755e-02
1.375809034410672982e-02 1.375809034410672982e-02 1.375809034410672982e-02 1.375809034410672982e-02 1.375809034410672982e-02 1.375809034410672982e-02 1.375809034410672982e-02
0.000000000000000000e+00 0.000000000000000000e+00 0.000000000000000000e+00 0.000000000000000000e+00 0.000000000000000000e+00 0.000000000000000000e+00 0.000000000000000000e+00
1.041382399736372061e-01 1.041382399736372061e-01 1.041382399736372061e-01 1.041382399736372061e-01 1.041382399736372061e-01 1.041382399736372061e-01 1.041382399736372061e-01
0.000000000000000000e+00 0.000000000000000000e+00 0.000000000000000000e+00 0.000000000000000000e+00 0.000000000000000000e+00 0.000000000000000000e+00 0.000000000000000000e+00
1.443775648386050325e-02 1.443775648386050325e-02 1.443775648386050325e-02 1.443775648386050325e-02 1.443775648386050325e-02 1.443775648386050325e-02 1.443775648386050325e-02
1.703284538110219279e-02 1.703284538110219279e-02 1.703284538110219279e-02 1.703284538110219279e-02 1.703284538110219279e-02 1.703284538110219279e-02 1.703284538110219279e-02
9.987487964245443661e-02 9.987487964245443661e-02 9.987487964245443661e-02 9.987487964245443661e-02 9.987487964245443661e-02 9.987487964245443661e-02 9.987487964245443661e-02
0.000000000000000000e+00 0.000000000000000000e+00 0.000000000000000000e+00 0.000000000000000000e+00 0.000000000000000000e+00 0.000000000000000000e+00 0.000000000000000000e+00
2.571918460659173428e-02 2.571918460659173428e-02 2.571918460659173428e-02 2.571918460659173428e-02 2.571918460659173428e-02 2.571918460659173428e-02 2.571918460659173428e-02
0.000000000000000000e+00 0.000000000000000000e+00 0.000000000000000000e+00 0.000000000000000000e+00 0.000000000000000000e+00 0.000000000000000000e+00 0.000000000000000000e+00
