6.070655276031076270e-02 6.070655276031076270e-02 6.070655276031076270e-02 6.070655276031076270e-02 6.070655276031076270e-02 6.070655276031076270e-02 6.070655276031076270e-02
1.366593234490793944e-02 1.366593234490793944e-02 1.366593234490793944e-02 1.366593234490793944e-02 1.366593234490793944e-02 1.366593234490793944e-02 1.366593234490793944e-02
0.000000000000000000e+00 0.000000000000000000e+00 0.000000000000000000e+00 0.000000000000000000e+00 0.000000000000000000e+00 0.000000000000000000e+00 0.000000000000000000e+00
5.023892974569194730e-03 5.023892974569194730e-03 5.023892974569194730e-03 5.023892974569194730e-03 5.023892974569194730e-03 5.023892974569194730e-03 5.023892974569194730e-03
6.128205974894686270e-02 6.128205974894686270e-02 6.128205974894686270e-02 6.128205974894686270e-02 6.128205974894686270e-02 6.128205974894686270e-02 6.128205974894686270e-02
6.538136772537937215e-03 6.538136772537937215e-03 6.538136772537937215e-03 6.538136772537937215e-03 6.538136772537937215e-03 6.538136772537937215e-03 6.538136772537937215e-03
0.000000000000000000e+00 0.000000000000000000e+00 0.000000000000000000e+00 0.000000000000000000e+00 0.000000000000000000e+00 0.000000000000000000e+00 0.000000000000000000e+00
0.000000000000000000e+00 0.000000000000000000e+00 0.000000000000000000e+00 0.000000000000000000e+00 0.000000000000000000e+00 0.000000000000000000e+00 0.000000000000000000e+00
6.369258492266033356e-02 6.369258492266033356e-02 6.369258492266033356e-02 6.369258492266033356e-02 6.369258492266033356e-02 6.369258492266033356e-02 6.369258492266033356e-02
0.000000000000000000e+00 0.000000000000000000e+00 0.000000000000000000e+00 0.000000000000000000e+00 0.000000000000000000e+00 0.000000000000000000e+00 0.000000000000000000e+00
2.900649568133894726e-02 2.900649568133894726e-02 2.900649568133894726e-02 2.900649568133894726e-02 2.900649568133894726e-02 2.900649568133894726e-02 2.900649568133894726e-02
0.000000000000000000e+00 0.000000000000000000e+00 0.000000000000000000e+00 0.000000000000000000e+00 0.000000000000000000e+00 0.000000000000000000e+00 0.000000000000000000e+00
2.131262766113016169e-02 2.131262766113016169e-02 2.131262766113016169e-02 2.131262766113016169e-02 2.131262766113016169e-02 2.131262766113016169e-02 2.131262766113016169e-02
0.000000000000000000e+00 0.000000000000000000e+00 0.000000000000000000e+00 0.000000000000000000e+00 0.000000000000000000e+00 0.000000000000000000e+00 0.000000000000000000e+00
0.000000000000000000e+00 0.000000000000000000e+00 0.000000000000000000e+00 0.000000000000000000e+00 0.000000000000000000e+00 0.000000000000000000e+00 0.000000000000000000e+00
3.275200837787222569e-02 3.275200837787222569e-02 3.275200837787222569e-02 3.275200837787222569e-02 3.275200837787222569e-02 3.275200837787222569e-02 3.275200837787222569e-02
4.583771646374541764e-02 4.583771646374541764e-02 4.583771646374541764e-02 4.583771646374541764e-02 4.583771646374541764e-02 4.583771646374541764e-02 4.583771646374541764e-02
0.000000000000000000e+00 0.000000000000000000e+00 0.000000000000000000e+00 0.000000000000000000e+00 0.000000000000000000e+00 0.000000000000000000e+00 0.000000000000000000e+00
0.000000000000000000e+00 0.000000000000000000e+00 0.000000000000000000e+00 0.000000000000000000e+00 0.000000000000000000e+00 0.000000000000000000e+00 0.000000000000000000e+00
0.000000000000000000e+00 0.000000000000000000e+00 0.000000000000000000e+00 0.000000000000000000e+00 0.000000000000000000e+00 0.000000000000000000e+00 0.000000000000000000e+00
0.000000000000000000e+00 0.000000000000000000e+00 0.000000000000000000e+00 0.000000000000000000e+00 0.000000000000000000e+00 0.000000000000000000e+00 0.000000000000000000e+00
6.801832187822837161e-02 6.801832187822837161e-02 6.801832187822837161e-02 6.801832187822837161e-02 6.801832187822837161e-02 6.801832187822837161e-02 6.801832187822837161e-02
0.000000000000000000e+00 0.000000000000000000e+00 0.000000000000000000e+00 0.000000000000000000e+00 0.000000000000000000e+00 0.000000000000000000e+00 0.000000000000000000e+00
5.612608320321528510e-02 5.612608320321528510e-02 5.612608320321528510e-02 5.612608320321528510e-02 5.612608320321528510e-02 5.612608320321528510e-02 5.612608320321528510e-02
1.455749645025402293e-02 1.455749645025402293e-02 1.455749645025402293e-02 1.455749645025402293e-02 1.455749645025402293e-02 1.455749645025402293e-02 1.455749645025402293e-02
9.127918221400367280e-03 9.127918221400367280e-03 9.127918221400367280e-03 9.127918221400367280e-03 9.127918221400367280e-03 9.127918221400367280e-03 9.127918221400367280e-03
0.000000000000000000e+00 0.000000000000000000e+00 0.000000000000000000e+00 0.000000000000000000e+00 0.000000000000000000e+00 0.000000000000000000e+00 0.000000000000000000e+00
0.000000000000000000e+00 0.000000000000000000e+00 0.000000000000000000e+00 0.000000000000000000e+00 0.000000000000000000e+00 0.000000000000000000e+00 0.000000000000000000e+00
0.000000000000000000e+00 0.000000000000000000e+00 0.000000000000000000e+00 0.000000000000000000e+00 0.000000000000000000e+00 0.000000000000000000e+00 0.000000000000000000e+00
0.000000000000000000e+00 0.000000000000000000e+00 0.000000000000000000e+00 0.000000000000000000e+00 0.000000000000000000e+00 0.000000000000000000e+00 0.000000000000000000e+00
1.500091986772773573e-03 1.500091986772773573e-03 1.500091986772773573e-03 1.500091986772773573e-03 1.500091986772773573e-03 1.500091986772773573e-03 1.500091986772773573e-03
2.402505814035766143e-02 2.402505814035766143e-02 2.402505814035766143e-02 2.402505814035766143e-02 2.402505814035766143e-02 2.402505814035766143e-02 2.402505814035766143e-02
0.000000000000000000e+00 0.000000000000000000e+00 0.000000000000000000e+00 0.000000000000000000e+00 0.000000000000000000e+00 0.000000000000000000e+00 0.000000000000000000e+00
4.908791576841974730e-02 4.908791576841974730e-02 4.908791576841974730e-02 4.908791576841974730e-02 4.908791576841974730e-02 4.908791576841974730e-02 4.908791576841974730e-02
7.033450164396872969e-03 7.033450164396872969e-03 7.033450164396872969e-03 7.033450164396872969e-03 7.033450164396872969e-03 7.033450164396872969e-03 7.033450164396872969e-03
4.276205616382135893e-02 4.276205616382135893e-02 4.276205616382135893e-02 4.276205616382135893e-02 4.276205616382135893e-02 4.276205616382135893e-02 4.276205616382135893e-02
5.183808441083650326e-02 5.183808441083650326e-02 5.183808441083650326e-02 5.183808441083650326e-02 5.183808441083650326e-02 5.183808441083650326e-02 5.183808441083650326e-02
0.000000000000000000e+00 0.000000000000000000e+00 0.000000000000000000e+00 0.000000000000000000e+00 0.000000000000000000e+00 0.000000000000000000e+00 0.000000000000000000e+00
0.000000000000000000e+00 0.000000000000000000e+00 0.000000000000000000e+00 0.000000000000000000e+00 0.000000000000000000e+00 0.000000000000000000e+00 0.000000000000000000e+00
0.000000000000000000e+00 0.000000000000000000e+00 0.000000000000000000e+00 0.000000000000000000e+00 0.000000000000000000e+00 0.000000000000000000e+00 0.000000000000000000e+00
2.855363772306792475e-02 2.855363772306792475e-02 2.855363772306792475e-02 2.855363772306792475e-02 2.855363772306792475e-02 2.855363772306792475e-02 2.855363772306792475e-02
1.084594810059107128e-01 1.084594810059107128e-01 1.084594810059107128e-01 1.084594810059107128e-01 1.084594810059107128e-01 1.084594810059107128e-01 1.084594810059107128e-01
0.000000000000000000e+00 0.000000000000000000e+00 0.000000000000000000e+00 0.000000000000000000e+00 0.000000000000000000e+00 0.000000000000000000e+00 0.000000000000000000e+00
2.391656092118856197e-03 2.391656092118856197e-03 2.391656092118856197e-03 2.391656092118856197e-03 2.391656092118856197e-03 2.391656092118856197e-03 2.391656092118856197e-03
6.731544858882855357e-03 6.731544858882855357e-03 6.731544858882855357e-03 6.731544858882855357e-03 6.731544858882855357e-03 6.731544858882855357e-03 6.731544858882855357e-03
3.062923669847679095e-02 3.062923669847679095e-02 3.062923669847679095e-02 3.062923669847679095e-02 3.062923669847679095e-02 3.062923669847679095e-02 3.062923669847679095e-02
3.674281913513564174e-02 3.674281913513564174e-02 3.674281913513564174e-02 3.674281913513564174e-02 3.674281913513564174e-02 3.674281913513564174e-02 3.674281913513564174e-02
1.225971403906843255e-01 1.225971403906843255e-01 1.225971403906843255e-01 1.225971403906843255e-01 1.225971403906843255e-01 1.225971403906843255e-01 1.225971403906843255e-01
