0.000000000000000000e+00 0.000000000000000000e+00 0.000000000000000000e+00 0.000000000000000000e+00 0.000000000000000000e+00 0.000000000000000000e+00 0.000000000000000000e+00
1.288968216944201897e-02 1.288968216944201897e-02 1.288968216944201897e-02 1.288968216944201897e-02 1.288968216944201897e-02 1.288968216944201897e-02 1.288968216944201897e-02
0.000000000000000000e+00 0.000000000000000000e+00 0.000000000000000000e+00 0.000000000000000000e+00 0.000000000000000000e+00 0.000000000000000000e+00 0.000000000000000000e+00
0.000000000000000000e+00 0.000000000000000000e+00 0.000000000000000000e+00 0.000000000000000000e+00 0.000000000000000000e+00 0.000000000000000000e+00 0.000000000000000000e+00
0.000000000000000000e+00 0.000000000000000000e+00 0.000000000000000000e+00 0.000000000000000000e+00 0.000000000000000000e+00 0.000000000000000000e+00 0.000000000000000000e+00
0.000000000000000000e+00 0.000000000000000000e+00 0.000000000000000000e+00 0.000000000000000000e+00 0.000000000000000000e+00 0.000000000000000000e+00 0.000000000000000000e+00
2.692533922885017098e-03 2.692533922885017098e-03 2.692533922885017098e-03 2.692533922885017098e-03 2.692533922885017098e-03 2.692533922885017098e-03 2.692533922885017098e-03
0.000000000000000000e+00 0.000000000000000000e+00 0.000000000000000000e+00 0.000000000000000000e+00 0.000000000000000000e+00 0.000000000000000000e+00 0.000000000000000000e+00
5.871346571202563230e-02 5.871346571202563230e-02 5.871346571202563230e-02 5.871346571202563230e-02 5.871346571202563230e-02 5.871346571202563230e-02 5.871346571202563230e-02
0.000000000000000000e+00 0.000000000000000000e+00 0.000000000000000000e+00 0.000000000000000000e+00 0.000000000000000000e+00 0.000000000000000000e+00 0.000000000000000000e+00
0.000000000000000000e+00 0.000000000000000000e+00 0.000000000000000000e+00 0.000000000000000000e+00 0.000000000000000000e+00 0.000000000000000000e+00 0.000000000000000000e+00
5.192381802324401614e-03 5.192381802324401614e-03 5.192381802324401614e-03 5.192381802324401614e-03 5.192381802324401614e-03 5.192381802324401614e-03 5.192381802324401614e-03
2.819808125266210636e-02 2.819808125266210636e-02 2.819808125266210636e-02 2.819808125266210636e-02 2.819808125266210636e-02 2.819808125266210636e-02 2.819808125266210636e-02
4.202076952720929653e-02 4.202076952720929653e-02 4.202076952720929653e-02 4.202076952720929653e-02 4.202076952720929653e-02 4.202076952720929653e-02 4.202076952720929653e-02
1.116159260085593102e-01 1.116159260085593102e-01 1.116159260085593102e-01 1.116159260085593102e-01 1.116159260085593102e-01 1.116159260085593102e-01 1.116159260085593102e-01
7.403200616595338561e-03 7.403200616595338561e-03 7.403200616595338561e-03 7.403200616595338561e-03 7.403200616595338561e-03 7.403200616595338561e-03 7.403200616595338561e-03
8.650589213638114339e-03 8.650589213638114339e-03 8.650589213638114339e-03 8.650589213638114339e-03 8.650589213638114339e-03 8.650589213638114339e-03 8.650589213638114339e-03
0.000000000000000000e+00 0.000000000000000000e+00 0.000000000000000000e+00 0.000000000000000000e+00 0.000000000000000000e+00 0.000000000000000000e+00 0.000000000000000000e+00
3.067764639068616336e-03 3.067764639068616336e-03 3.067764639068616336e-03 3.067764639068616336e-03 3.067764639068616336e-03 3.067764639068616336e-03 3.067764639068616336e-03
0.000000000000000000e+00 0.000000000000000000e+00 0.000000000000000000e+00 0.000000000000000000e+00 0.000000000000000000e+00 0.000000000000000000e+00 0.000000000000000000e+00
0.000000000000000000e+00 0.000000000000000000e+00 0.000000000000000000e+00 0.000000000000000000e+00 0.000000000000000000e+00 0.000000000000000000e+00 0.000000000000000000e+00
5.635559702249354902e-02 5.635559702249354902e-02 5.635559702249354902e-02 5.635559702249354902e-02 5.635559702249354902e-02 5.635559702249354902e-02 5.635559702249354902e-02
1.621605176155609118e-02 1.621605176155609118e-02 1.621605176155609118e-02 1.621605176155609118e-02 1.621605176155609118e-02 1.621605176155609118e-02 1.621605176155609118e-02
4.632071070725918976e-02 4.632071070725918976e-02 4.632071070725918976e-02 4.632071070725918976e-02 4.632071070725918976e-02 4.632071070725918976e-02 4.632071070725918976e-02
7.484331582256656401e-02 7.484331582256656401e-02 7.484331582256656401e-02 7.484331582256656401e-02 7.484331582256656401e-02 7.484331582256656401e-02 7.484331582256656401e-02
0.000000000000000000e+00 0.000000000000000000e+00 0.000000000000000000e+00 0.000000000000000000e+00 0.000000000000000000e+00 0.000000000000000000e+00 0.000000000000000000e+00
0.000000000000000000e+00 0.000000000000000000e+00 0.000000000000000000e+00 0.000000000000000000e+00 0.000000000000000000e+00 0.000000000000000000e+00 0.000000000000000000e+00
0.000000000000000000e+00 0.000000000000000000e+00 0.000000000000000000e+00 0.000000000000000000e+00 0.000000000000000000e+00 0.000000000000000000e+00 0.000000000000000000e+00
0.000000000000000000e+00 0.000000000000000000e+00 0.000000000000000000e+00 0.000000000000000000e+00 0.000000000000000000e+00 0.000000000000000000e+00 0.000000000000000000e+00
1.567247429162525463e-01 1.567247429162525463e-01 1.567247429162525463e-01 1.567247429162525463e-01 1.567247429162525463e-01 1.567247429162525463e-01 1.567247429162525463e-01
1.612477942518710612e-03 1.612477942518710612e-03 1.612477942518710612e-03 1.612477942518710612e-03 1.612477942518710612e-03 1.612477942518710612e-03 1.612477942518710612e-03
0.000000000000000000e+00 0.000000000000000000e+00 0.000000000000000000e+00 0.000000000000000000e+00 0.000000000000000000e+00 0.000000000000000000e+00 0.000000000000000000e+00
5.887572764334827319e-02 5.887572764334827319e-02 5.887572764334827319e-02 5.887572764334827319e-02 5.887572764334827319e-02 5.887572764334827319e-02 5.887572764334827319e-02
4.680242581587327165e-03 4.680242581587327165e-03 4.680242581587327165e-03 4.680242581587327165e-03 4.680242581587327165e-03 4.680242581587327165e-03 4.680242581587327165e-03
7.577632192767173869e-02 7.577632192767173869e-02 7.577632192767173869e-02 7.577632192767173869e-02 7.577632192767173869e-02 7.577632192767173869e-02 7.577632192767173869e-02
0.000000000000000000e+00 0.000000000000000000e+00 0.000000000000000000e+00 0.000000000000000000e+00 0.000000000000000000e+00 0.000000000000000000e+00 0.000000000000000000e+00
7.824067500963429247e-03 7.824067500963429247e-03 7.824067500963429247e-03 7.824067500963429247e-03 7.824067500963429247e-03 7.824067500963429247e-03 7.824067500963429247e-03
0.000000000000000000e+00 0.000000000000000000e+00 0.000000000000000000e+00 0.000000000000000000e+00 0.000000000000000000e+00 0.000000000000000000e+00 0.000000000000000000e+00
1.354887126544023629e-02 1.354887126544023629e-02 1.354887126544023629e-02 1.354887126544023629e-02 1.354887126544023629e-02 1.354887126544023629e-02 1.354887126544023629e-02
0.000000000000000000e+00 0.000000000000000000e+00 0.000000000000000000e+00 0.000000000000000000e+00 0.000000000000000000e+00 0.000000000000000000e+00 0.000000000000000000e+00
1.905918503944993292e-01 1.905918503944993292e-01 1.905918503944993292e-01 1.905918503944993292e-01 1.905918503944993292e-01 1.905918503944993292e-01 1.905918503944993292e-01
0.000000000000000000e+00 0.000000000000000000e+00 0.000000000000000000e+00 0.000000000000000000e+00 0.000000000000000000e+00 0.000000000000000000e+00 0.000000000000000000e+00
0.000000000000000000e+00 0.000000000000000000e+00 0.000000000000000000e+00 0.000000000000000000e+00 0.000000000000000000e+00 0.000000000000000000e+00 0.000000000000000000e+00
7.606028030748635330e-04 7.606028030748635330e-04 7.606028030748635330e-04 7.606028030748635330e-04 7.606028030748635330e-04 7.606028030748635330e-04 7.606028030748635330e-04
0.000000000000000000e+00 0.000000000000000000e+00 0.000000000000000000e+00 0.000000000000000000e+00 0.000000000000000000e+00 0.000000000000000000e+00 0.000000000000000000e+00
0.000000000000000000e+00 0.000000000000000000e+00 0.000000000000000000e+00 0.000000000000000000e+00 0.000000000000000000e+00 0.000000000000000000e+00 0.000000000000000000e+00
5.516905664969677311e-03 5.516905664969677311e-03 5.516905664969677311e-03 5.516905664969677311e-03 5.516905664969677311e-03 5.516905664969677311e-03 5.516905664969677311e-03
9.908119181388555172e-03 9.908119181388555172e-03 9.908119181388555172e-03 9.908119181388555172e-03 9.908119181388555172e-03 9.908119181388555172e-03 9.908119181388555172e-03
